Meter S/N:, [None]
Sensor, None, None
Date, 3/5/2014 5:37:34 PM
Timestamp, Measurement, Sequence, Flags, Flags (interpreted)
24.974800, 39.7949905395508, 25574144, 1, TriggerDetected, "122e1f42 0100 003b8601"
24.974850, 29.7726783752441, 25574195, 0, 0, "722eee41 0000 333b8601"
24.974900, 19.4152088165283, 25574246, 0, 0, "59529b41 0000 663b8601"
24.974950, 36.7244148254395, 25574297, 1, TriggerDetected, "cde51242 0100 993b8601"
24.975000, 34.9047470092773, 25574349, 0, 0, "769e0b42 0000 cd3b8601"
24.975050, 18.8750057220459, 25574400, 0, 0, "03009741 0000 003c8601"
24.975100, 31.9702091217041, 25574451, 1, TriggerDetected, "fdc2ff41 0100 333c8601"
24.975150, 38.7868881225586, 25574502, 0, 0, "c6251b42 0000 663c8601"
24.975200, 20.896692276001, 25574553, 0, 0, "6d2ca741 0000 993c8601"
24.975250, 26.6592197418213, 25574605, 0, 0, "1546d541 0000 cd3c8601"
24.975300, 40.4980354309082, 25574656, 1, TriggerDetected, "fdfd2142 0100 003d8601"
24.975350, 25.0012893676758, 25574707, 0, 0, "a402c841 0000 333d8601"
24.975400, 22.0638866424561, 25574758, 0, 0, "d782b041 0000 663d8601"
24.975450, 39.6269645690918, 25574809, 1, TriggerDetected, "03821e42 0100 993d8601"
24.975500, 30.2095146179199, 25574861, 0, 0, "16adf141 0000 cd3d8601"
24.975550, 19.2693729400635, 25574912, 0, 0, "ad279a41 0000 003e8601"
24.975600, 36.383487701416, 25574963, 1, TriggerDetected, "b1881142 0100 333e8601"
24.975650, 35.2848510742188, 25575014, 0, 0, "b0230d42 0000 663e8601"
24.975700, 18.9484100341797, 25575065, 0, 0, "58969741 0000 993e8601"
24.975750, 31.5349960327148, 25575117, 1, TriggerDetected, "ac47fc41 0100 cd3e8601"
24.975800, 39.0203018188477, 25575168, 0, 0, "ca141c42 0000 003f8601"
24.975850, 21.1657848358154, 25575219, 0, 0, "8753a941 0000 333f8601"
24.975900, 26.2374534606934, 25575270, 0, 0, "4ee6d141 0000 663f8601"
24.975950, 40.5230026245117, 25575321, 1, TriggerDetected, "8e172242 0100 993f8601"
24.976000, 25.4039039611816, 25575373, 0, 0, "323bcb41 0000 cd3f8601"
24.976050, 21.7602825164795, 25575424, 0, 0, "0f15ae41 0000 00408601"
24.976100, 39.4471321105957, 25575475, 1, TriggerDetected, "ddc91d42 0100 33408601"
24.976150, 30.6497631072998, 25575526, 0, 0, "b732f541 0000 66408601"
24.976200, 19.1534156799316, 25575577, 0, 0, "323a9941 0000 99408601"
24.976250, 36.0318336486816, 25575629, 1, TriggerDetected, "99201042 0100 cd408601"
24.976300, 35.6547470092773, 25575680, 0, 0, "769e0e42 0000 00418601"
24.976350, 19.0372295379639, 25575731, 0, 0, "3f4c9841 0000 33418601"
24.976400, 31.1047706604004, 25575782, 1, TriggerDetected, "92d6f841 0100 66418601"
24.976450, 39.2384414672852, 25575833, 0, 0, "2af41c42 0000 99418601"
24.976500, 21.4572296142578, 25575885, 0, 0, "68a8ab41 0000 cd418601"
24.976550, 25.8292446136475, 25575936, 0, 0, "4ba2ce41 0000 00428601"
24.976600, 40.5351295471191, 25575987, 1, TriggerDetected, "f9232242 0100 33428601"
24.976650, 25.8128128051758, 25576038, 0, 0, "a480ce41 0000 66428601"
24.976700, 21.4609260559082, 25576089, 0, 0, "faafab41 0000 99428601"
24.976750, 39.2390670776367, 25576141, 1, TriggerDetected, "cef41c42 0100 cd428601"
24.976800, 31.086088180542, 25576192, 0, 0, "4fb0f841 0000 00438601"
24.976850, 19.044584274292, 25576243, 0, 0, "4f5b9841 0000 33438601"
24.976900, 35.673641204834, 25576294, 1, TriggerDetected, "cfb10e42 0100 66438601"
24.976950, 36.0224189758301, 25576345, 0, 0, "f5161042 0000 99438601"
24.977000, 19.1504917144775, 25576397, 0, 0, "35349941 0000 cd438601"
24.977050, 30.6684093475342, 25576448, 1, TriggerDetected, "e758f541 0100 00448601"
24.977100, 39.4388771057129, 25576499, 0, 0, "69c11d42 0000 33448601"
24.977150, 21.7495021820068, 25576550, 0, 0, "fbfead41 0000 66448601"
24.977200, 25.4173812866211, 25576601, 0, 0, "cc56cb41 0000 99448601"
24.977250, 40.5239143371582, 25576653, 1, TriggerDetected, "7d182242 0100 cd448601"
24.977300, 26.2286243438721, 25576704, 0, 0, "39d4d141 0000 00458601"
24.977350, 21.1806869506836, 25576755, 0, 0, "0c72a941 0000 33458601"
24.977400, 39.034008026123, 25576806, 1, TriggerDetected, "d3221c42 0100 66458601"
24.977450, 31.5231399536133, 25576857, 0, 0, "642ffc41 0000 99458601"
24.977500, 18.9501266479492, 25576909, 0, 0, "dc999741 0000 cd458601"
24.977550, 35.2998924255371, 25576960, 1, TriggerDetected, "17330d42 0100 00468601"
24.977600, 36.372200012207, 25577011, 0, 0, "227d1142 0000 33468601"
24.977650, 19.2693309783936, 25577062, 0, 0, "97279a41 0000 66468601"
24.977700, 30.2291297912598, 25577113, 1, TriggerDetected, "42d5f141 0100 99468601"
24.977750, 39.6242904663086, 25577165, 0, 0, "467f1e42 0000 cd468601"
24.977800, 22.0599136352539, 25577216, 0, 0, "b47ab041 0000 00478601"
24.977850, 25.0183525085449, 25577267, 0, 0, "9625c841 0000 33478601"
24.977900, 40.5015029907227, 25577318, 1, TriggerDetected, "8a012242 0100 66478601"
24.977950, 26.6497287750244, 25577369, 0, 0, "a532d541 0000 99478601"
24.978000, 20.9068374633789, 25577421, 0, 0, "3441a741 0000 cd478601"
24.978050, 38.7988510131836, 25577472, 1, TriggerDetected, "06321b42 0100 00488601"
24.978100, 31.9573173522949, 25577523, 0, 0, "96a8ff41 0000 33488601"
24.978150, 18.8774490356445, 25577574, 0, 0, "04059741 0000 66488601"
24.978200, 34.9228248596191, 25577625, 1, TriggerDetected, "f9b00b42 0100 99488601"
24.978250, 36.712703704834, 25577677, 0, 0, "cfd91242 0000 cd488601"
24.978300, 19.4084186553955, 25577728, 0, 0, "71449b41 0000 00498601"
24.978350, 29.7836627960205, 25577779, 0, 0, "f144ee41 0000 33498601"
24.978400, 39.7897033691406, 25577830, 1, TriggerDetected, "a8281f42 0100 66498601"
24.978450, 22.3795223236084, 25577881, 0, 0, "4309b341 0000 99498601"
24.978500, 24.6282062530518, 25577933, 0, 0, "9106c541 0000 cd498601"
24.978550, 40.455135345459, 25577984, 1, TriggerDetected, "0fd22142 0100 004a8601"
24.978600, 27.0711135864258, 25578035, 0, 0, "a491d841 0000 334a8601"
24.978650, 20.6530628204346, 25578086, 0, 0, "7939a541 0000 664a8601"
24.978700, 38.5540046691895, 25578137, 1, TriggerDetected, "4d371a42 0100 994a8601"
24.978750, 32.3796653747559, 25578189, 0, 0, "c7840142 0000 cd4a8601"
24.978800, 18.8262176513672, 25578240, 0, 0, "189c9641 0000 004b8601"
24.978850, 34.5299339294434, 25578291, 1, TriggerDetected, "a71e0a42 0100 334b8601"
24.978900, 37.0404167175293, 25578342, 0, 0, "63291442 0000 664b8601"
24.978950, 19.5675716400146, 25578393, 0, 0, "638a9c41 0000 994b8601"
24.979000, 29.3504734039307, 25578445, 0, 0, "c5cdea41 0000 cd4b8601"
24.979050, 39.9429626464844, 25578496, 1, TriggerDetected, "98c51f42 0100 004c8601"
24.979100, 22.7112293243408, 25578547, 0, 0, "99b0b541 0000 334c8601"
24.979150, 24.2372493743896, 25578598, 0, 0, "e3e5c141 0000 664c8601"
24.979200, 40.3973503112793, 25578649, 1, TriggerDetected, "e3962142 0100 994c8601"
24.979250, 27.508695602417, 25578701, 0, 0, "cf11dc41 0000 cd4c8601"
24.979300, 20.4128246307373, 25578752, 0, 0, "774da341 0000 004d8601"
24.979350, 38.2956886291504, 25578803, 1, TriggerDetected, "c92e1942 0100 334d8601"
24.979400, 32.8056678771973, 25578854, 0, 0, "01390342 0000 664d8601"
24.979450, 18.7907371520996, 25578905, 0, 0, "6e539641 0000 994d8601"
24.979500, 34.1349258422852, 25578957, 1, TriggerDetected, "2a8a0842 0100 cd4d8601"
24.979550, 37.356502532959, 25579008, 0, 0, "0f6d1542 0000 004e8601"
24.979600, 19.7441024780273, 25579059, 0, 0, "ecf39d41 0000 334e8601"
24.979650, 28.9122009277344, 25579110, 0, 0, "304ce741 0000 664e8601"
24.979700, 40.073543548584, 25579161, 1, TriggerDetected, "4f4b2042 0100 994e8601"
24.979750, 23.056755065918, 25579213, 0, 0, "3c74b841 0000 cd4e8601"
24.979800, 23.8625392913818, 25579264, 0, 0, "7be6be41 0000 004f8601"
24.979850, 40.3163871765137, 25579315, 1, TriggerDetected, "fb432142 0100 334f8601"
24.979900, 27.9356689453125, 25579366, 0, 0, "407cdf41 0000 664f8601"
24.979950, 20.1886081695557, 25579417, 0, 0, "4582a141 0000 994f8601"
24.980000, 38.0175323486328, 25579469, 1, TriggerDetected, "f4111842 0100 cd4f8601"
24.980050, 33.22119140625, 25579520, 0, 0, "80e20442 0000 00508601"
24.980100, 18.7643566131592, 25579571, 0, 0, "671d9641 0000 33508601"
24.980150, 33.7264785766602, 25579622, 1, TriggerDetected, "eae70642 0100 66508601"
24.980200, 37.6605606079102, 25579673, 0, 0, "6aa41642 0000 99508601"
24.980250, 19.9332981109619, 25579725, 0, 0, "65779f41 0000 cd508601"
24.980300, 28.4718074798584, 25579776, 0, 0, "43c6e341 0000 00518601"
24.980350, 40.1950874328613, 25579827, 1, TriggerDetected, "c5c72042 0100 33518601"
24.980400, 23.4098491668701, 25579878, 0, 0, "5f47bb41 0000 66518601"
24.980450, 23.4948406219482, 25579929, 0, 0, "6ff5bb41 0000 99518601"
24.980500, 40.2190208435059, 25579981, 1, TriggerDetected, "47e02042 0100 cd518601"
24.980550, 28.373327255249, 25580032, 0, 0, "93fce241 0000 00528601"
24.980600, 19.9757289886475, 25580083, 0, 0, "4bce9f41 0000 33528601"
24.980650, 37.7299270629883, 25580134, 1, TriggerDetected, "72eb1642 0100 66528601"
24.980700, 33.6342010498047, 25580185, 0, 0, "6c890642 0000 99528601"
24.980750, 18.7670478820801, 25580237, 0, 0, "ea229641 0000 cd528601"
24.980800, 33.320915222168, 25580288, 1, TriggerDetected, "9e480542 0100 00538601"
24.980850, 37.9542999267578, 25580339, 0, 0, "34d11742 0000 33538601"
24.980900, 20.1380558013916, 25580390, 0, 0, "bd1aa141 0000 66538601"
24.980950, 28.0328884124756, 25580441, 0, 0, "5b43e041 0000 99538601"
24.981000, 40.2955551147461, 25580493, 1, TriggerDetected, "a62e2142 0100 cd538601"
24.981050, 23.7818470001221, 25580544, 0, 0, "3941be41 0000 00548601"
24.981100, 23.1355037689209, 25580595, 0, 0, "8315b941 0000 33548601"
24.981150, 40.1051979064941, 25580646, 1, TriggerDetected, "b96b2042 0100 66548601"
24.981200, 28.8104648590088, 25580697, 0, 0, "d57be641 0000 99548601"
24.981250, 19.7872505187988, 25580749, 0, 0, "4a4c9e41 0000 cd548601"
24.981300, 37.4319381713867, 25580800, 1, TriggerDetected, "4eba1542 0100 00558601"
24.981350, 34.0475578308105, 25580851, 0, 0, "b3300842 0000 33558601"
24.981400, 18.7837142944336, 25580902, 0, 0, "0c459641 0000 66558601"
24.981450, 32.9051818847656, 25580953, 1, TriggerDetected, "e89e0342 0100 99558601"
24.981500, 38.2321395874023, 25581005, 0, 0, "b6ed1842 0000 cd558601"
24.981550, 20.3650283813477, 25581056, 0, 0, "94eba241 0000 00568601"
24.981600, 27.6017093658447, 25581107, 0, 0, "4dd0dc41 0000 33568601"
24.981650, 40.3808364868164, 25581158, 1, TriggerDetected, "fa852142 0100 66568601"
24.981700, 24.1490993499756, 25581209, 0, 0, "5b31c141 0000 99568601"
24.981750, 22.7914695739746, 25581261, 0, 0, "ee54b641 0000 cd568601"
24.981800, 39.9754180908203, 25581312, 1, TriggerDetected, "d4e61f42 0100 00578601"
24.981850, 29.2513771057129, 25581363, 0, 0, "d202ea41 0000 33578601"
24.981900, 19.6055393218994, 25581414, 0, 0, "25d89c41 0000 66578601"
24.981950, 37.1167106628418, 25581465, 1, TriggerDetected, "83771442 0100 99578601"
24.982000, 34.4406623840332, 25581517, 0, 0, "3dc30942 0000 cd578601"
24.982050, 18.8175563812256, 25581568, 0, 0, "5b8a9641 0000 00588601"
24.982100, 32.4776077270508, 25581619, 1, TriggerDetected, "12e90142 0100 33588601"
24.982150, 38.5002174377441, 25581670, 0, 0, "39001a42 0000 66588601"
24.982200, 20.6016082763672, 25581721, 0, 0, "18d0a441 0000 99588601"
24.982250, 27.1708564758301, 25581773, 0, 0, "ea5dd941 0000 cd588601"
24.982300, 40.4406318664551, 25581824, 1, TriggerDetected, "35c32142 0100 00598601"
24.982350, 24.5332775115967, 25581875, 0, 0, "2744c441 0000 33598601"
24.982400, 22.4491004943848, 25581926, 0, 0, "c297b341 0000 66598601"
24.982450, 39.825065612793, 25581977, 1, TriggerDetected, "de4c1f42 0100 99598601"
24.982500, 29.6859893798828, 25582029, 0, 0, "e87ced41 0000 cd598601"
24.982550, 19.4432907104492, 25582080, 0, 0, "dc8b9b41 0000 005a8601"
24.982600, 36.7868347167969, 25582131, 1, TriggerDetected, "b8251342 0100 335a8601"
24.982650, 34.8321723937988, 25582182, 0, 0, "25540b42 0000 665a8601"
24.982700, 18.8622035980225, 25582233, 0, 0, "cbe59641 0000 995a8601"
24.982750, 32.0521507263184, 25582285, 1, TriggerDetected, "67350042 0100 cd5a8601"
24.982800, 38.7414779663086, 25582336, 0, 0, "46f71a42 0000 005b8601"
24.982850, 20.8469219207764, 25582387, 0, 0, "7fc6a641 0000 335b8601"
24.982900, 26.7420749664307, 25582438, 0, 0, "c5efd541 0000 665b8601"
24.982950, 40.4906730651855, 25582489, 1, TriggerDetected, "73f62142 0100 995b8601"
24.983000, 24.9264755249023, 25582541, 0, 0, "6c69c741 0000 cd5b8601"
24.983050, 22.1254634857178, 25582592, 0, 0, "f300b141 0000 005c8601"
24.983100, 39.657299041748, 25582643, 1, TriggerDetected, "13a11e42 0100 335c8601"
24.983150, 30.1276035308838, 25582694, 0, 0, "5505f141 0000 665c8601"
24.983200, 19.3003330230713, 25582745, 0, 0, "15679a41 0000 995c8601"
24.983250, 36.4500541687012, 25582797, 1, TriggerDetected, "dbcc1142 0100 cd5c8601"
24.983300, 35.2149429321289, 25582848, 0, 0, "1adc0c42 0000 005d8601"
24.983350, 18.9331951141357, 25582899, 0, 0, "2f779741 0000 335d8601"
24.983400, 31.621072769165, 25582950, 1, TriggerDetected, "f5f7fc41 0100 665d8601"
24.983450, 38.9785804748535, 25583001, 0, 0, "11ea1b42 0000 995d8601"
24.983500, 21.1194095611572, 25583053, 0, 0, "8df4a841 0000 cd5d8601"
24.983550, 26.3272666931152, 25583104, 0, 0, "3e9ed241 0000 005e8601"
24.983600, 40.521842956543, 25583155, 1, TriggerDetected, "5e162242 0100 335e8601"
24.983650, 25.324047088623, 25583206, 0, 0, "a697ca41 0000 665e8601"
24.983700, 21.81614112854, 25583257, 0, 0, "7587ae41 0000 995e8601"
24.983750, 39.4819259643555, 25583309, 1, TriggerDetected, "7eed1d42 0100 cd5e8601"
24.983800, 30.5676612854004, 25583360, 0, 0, "928af441 0000 005f8601"
24.983850, 19.1748600006104, 25583411, 0, 0, "1d669941 0000 335f8601"
24.983900, 36.101692199707, 25583462, 1, TriggerDetected, "22681042 0100 665f8601"
24.983950, 35.5886116027832, 25583513, 0, 0, "bd5a0e42 0000 995f8601"
24.984000, 19.0185585021973, 25583565, 0, 0, "02269841 0000 cd5f8601"
24.984050, 31.18630027771, 25583616, 1, TriggerDetected, "8b7df941 0100 00608601"
24.984100, 39.1976509094238, 25583667, 0, 0, "65ca1c42 0000 33608601"
24.984150, 21.3933124542236, 25583718, 0, 0, "8125ab41 0000 66608601"
24.984200, 25.9041423797607, 25583769, 0, 0, "af3bcf41 0000 99608601"
24.984250, 40.5290985107422, 25583821, 1, TriggerDetected, "cc1d2242 0100 cd608601"
24.984300, 25.7275619506836, 25583872, 0, 0, "0cd2cd41 0000 00618601"
24.984350, 21.5176105499268, 25583923, 0, 0, "1124ac41 0000 33618601"
24.984400, 39.2809295654297, 25583974, 1, TriggerDetected, "ac1f1d42 0100 66618601"
24.984450, 31.0006809234619, 25584025, 0, 0, "6501f841 0000 99618601"
24.984500, 19.0628814697266, 25584077, 0, 0, "c8809841 0000 cd618601"
24.984550, 35.7386016845703, 25584128, 1, TriggerDetected, "54f40e42 0100 00628601"
24.984600, 35.9476013183594, 25584179, 0, 0, "58ca0f42 0000 33628601"
24.984650, 19.1186866760254, 25584230, 0, 0, "12f39841 0000 66628601"
24.984700, 30.7472248077393, 25584281, 1, TriggerDetected, "51faf541 0100 99628601"
24.984750, 39.3962173461914, 25584333, 0, 0, "ba951d42 0000 cd628601"
24.984800, 21.6878108978271, 25584384, 0, 0, "a380ad41 0000 00638601"
24.984850, 25.4938468933105, 25584435, 0, 0, "66f3cb41 0000 33638601"
24.984900, 40.5292816162109, 25584486, 1, TriggerDetected, "fc1d2242 0100 66638601"
24.984950, 26.1426181793213, 25584537, 0, 0, "1524d141 0000 99638601"
24.985000, 21.2322120666504, 25584589, 0, 0, "92dba941 0000 cd638601"
24.985050, 39.0729560852051, 25584640, 1, TriggerDetected, "b54a1c42 0100 00648601"
24.985100, 31.441858291626, 25584691, 0, 0, "ed88fb41 0000 33648601"
24.985150, 18.9689960479736, 25584742, 0, 0, "81c09741 0000 66648601"
24.985200, 35.3718643188477, 25584793, 1, TriggerDetected, "ca7c0d42 0100 99648601"
24.985250, 36.3015937805176, 25584845, 0, 0, "d5341142 0000 cd648601"
24.985300, 19.2417831420898, 25584896, 0, 0, "2cef9941 0000 00658601"
24.985350, 30.3095531463623, 25584947, 1, TriggerDetected, "f779f241 0100 33658601"
24.985400, 39.5882110595703, 25584998, 0, 0, "545a1e42 0000 66658601"
24.985450, 21.9924850463867, 25585049, 0, 0, "9cf0af41 0000 99658601"
24.985500, 25.0920658111572, 25585101, 0, 0, "8dbcc841 0000 cd658601"
24.985550, 40.5020065307617, 25585152, 1, TriggerDetected, "0e022242 0100 00668601"
24.985600, 26.5636596679688, 25585203, 0, 0, "6082d441 0000 33668601"
24.985650, 20.9580516815186, 25585254, 0, 0, "17aaa741 0000 66668601"
24.985700, 38.8438262939453, 25585305, 1, TriggerDetected, "14601b42 0100 99668601"
24.985750, 31.8660717010498, 25585357, 0, 0, "b7edfe41 0000 cd668601"
24.985800, 18.8895874023438, 25585408, 0, 0, "e01d9741 0000 00678601"
24.985850, 34.9914627075195, 25585459, 1, TriggerDetected, "42f70b42 0100 33678601"
24.985900, 36.6468391418457, 25585510, 0, 0, "5d961242 0000 66678601"
24.985950, 19.3832664489746, 25585561, 0, 0, "ee109b41 0000 99678601"
24.986000, 29.8711643218994, 25585613, 0, 0, "25f8ee41 0000 cd678601"
24.986050, 39.7537460327148, 25585664, 1, TriggerDetected, "d6031f42 0100 00688601"
24.986100, 22.3136882781982, 25585715, 0, 0, "6f82b241 0000 33688601"
24.986150, 24.7000331878662, 25585766, 0, 0, "ab99c541 0000 66688601"
24.986200, 40.468376159668, 25585817, 1, TriggerDetected, "9edf2142 0100 99688601"
24.986250, 26.9898128509521, 25585869, 0, 0, "23ebd741 0000 cd688601"
24.986300, 20.6977996826172, 25585920, 0, 0, "1895a541 0000 00698601"
24.986350, 38.5991172790527, 25585971, 1, TriggerDetected, "7f651a42 0100 33698601"
24.986400, 32.3002014160156, 25586022, 0, 0, "68330142 0000 66698601"
24.986450, 18.832405090332, 25586073, 0, 0, "c4a89641 0000 99698601"
24.986500, 34.6062469482422, 25586125, 1, TriggerDetected, "cc6c0a42 0100 cd698601"
24.986550, 36.976188659668, 25586176, 0, 0, "9ee71342 0000 006a8601"
24.986600, 19.5314178466797, 25586227, 0, 0, "58409c41 0000 336a8601"
24.986650, 29.4334316253662, 25586278, 0, 0, "ab77eb41 0000 666a8601"
24.986700, 39.91650390625, 25586329, 1, TriggerDetected, "80aa1f42 0100 996a8601"
24.986750, 22.6461162567139, 25586381, 0, 0, "3f2bb541 0000 cd6a8601"
24.986800, 24.3115692138672, 25586432, 0, 0, "187ec241 0000 006b8601"
24.986850, 40.4061431884766, 25586483, 1, TriggerDetected, "e49f2142 0100 336b8601"
24.986900, 27.4151458740234, 25586534, 0, 0, "3852db41 0000 666b8601"
24.986950, 20.4596214294434, 25586585, 0, 0, "4eada341 0000 996b8601"
24.987000, 38.3420143127441, 25586637, 1, TriggerDetected, "395e1942 0100 cd6b8601"
24.987050, 32.7223625183105, 25586688, 0, 0, "b3e30242 0000 006c8601"
24.987100, 18.7891464233398, 25586739, 0, 0, "2c509641 0000 336c8601"
24.987150, 34.2091026306152, 25586790, 1, TriggerDetected, "1fd60842 0100 666c8601"
24.987200, 37.2965545654297, 25586841, 0, 0, "ac2f1542 0000 996c8601"
24.987250, 19.7056789398193, 25586893, 0, 0, "3ba59d41 0000 cd6c8601"
24.987300, 28.993350982666, 25586944, 0, 0, "62f2e741 0000 006d8601"
24.987350, 40.054271697998, 25586995, 1, TriggerDetected, "93372042 0100 336d8601"
24.987400, 22.9861278533936, 25587046, 0, 0, "97e3b741 0000 666d8601"
24.987450, 23.9311008453369, 25587097, 0, 0, "e572bf41 0000 996d8601"
24.987500, 40.326904296875, 25587149, 1, TriggerDetected, "c04e2142 0100 cd6d8601"
24.987550, 27.8505992889404, 25587200, 0, 0, "07cede41 0000 006e8601"
24.987600, 20.228889465332, 25587251, 0, 0, "c4d4a141 0000 336e8601"
24.987650, 38.0703125, 25587302, 1, TriggerDetected, "00481842 0100 666e8601"
24.987700, 33.1423034667969, 25587353, 0, 0, "b8910442 0000 996e8601"
24.987750, 18.7700366973877, 25587405, 0, 0, "09299641 0000 cd6e8601"
24.987800, 33.8066177368164, 25587456, 1, TriggerDetected, "fa390742 0100 006f8601"
24.987850, 37.6011276245117, 25587507, 0, 0, "8e671642 0000 336f8601"
24.987900, 19.893856048584, 25587558, 0, 0, "9e269f41 0000 666f8601"
24.987950, 28.5565147399902, 25587609, 0, 0, "be73e441 0000 996f8601"
24.988000, 40.1703186035156, 25587661, 1, TriggerDetected, "68ae2042 0100 cd6f8601"
24.988050, 23.340425491333, 25587712, 0, 0, "31b9ba41 0000 00708601"
24.988100, 23.5687351226807, 25587763, 0, 0, "c58cbc41 0000 33708601"
24.988150, 40.2384262084961, 25587814, 1, TriggerDetected, "26f42042 0100 66708601"
24.988200, 28.2872047424316, 25587865, 0, 0, "324ce241 0000 99708601"
24.988250, 20.0218257904053, 25587917, 0, 0, "b32ca041 0000 cd708601"
24.988300, 37.7905960083008, 25587968, 1, TriggerDetected, "92291742 0100 00718601"
24.988350, 33.5620765686035, 25588019, 0, 0, "913f0642 0000 33718601"
24.988400, 18.766975402832, 25588070, 0, 0, "c4229641 0000 66718601"
24.988450, 33.3970718383789, 25588121, 1, TriggerDetected, "9a960542 0100 99718601"
24.988500, 37.8957214355469, 25588173, 0, 0, "38951742 0000 cd718601"
24.988550, 20.0965003967285, 25588224, 0, 0, "a2c5a041 0000 00728601"
24.988600, 28.1182155609131, 25588275, 0, 0, "1bf2e041 0000 33728601"
24.988650, 40.2766990661621, 25588326, 1, TriggerDetected, "571b2142 0100 66728601"
24.988700, 23.7030906677246, 25588377, 0, 0, "ee9fbd41 0000 99728601"
24.988750, 23.2001934051514, 25588429, 0, 0, "ff99b941 0000 cd728601"
24.988800, 40.1257629394531, 25588480, 1, TriggerDetected, "c8802042 0100 00738601"
24.988850, 28.7239627838135, 25588531, 0, 0, "adcae541 0000 33738601"
24.988900, 19.8152866363525, 25588582, 0, 0, "b5859e41 0000 66738601"
24.988950, 37.4838981628418, 25588633, 1, TriggerDetected, "83ef1542 0100 99738601"
24.989000, 33.9591217041016, 25588685, 0, 0, "24d60742 0000 cd738601"
24.989050, 18.7713088989258, 25588736, 0, 0, "a42b9641 0000 00748601"
24.989100, 32.9806251525879, 25588787, 1, TriggerDetected, "29ec0342 0100 33748601"
24.989150, 38.176700592041, 25588838, 0, 0, "f1b41842 0000 66748601"
24.989200, 20.3181190490723, 25588889, 0, 0, "828ba241 0000 99748601"
24.989250, 27.6840896606445, 25588941, 0, 0, "0479dd41 0000 cd748601"
24.989300, 40.3625984191895, 25588992, 1, TriggerDetected, "4d732142 0100 00758601"
24.989350, 24.0777645111084, 25589043, 0, 0, "439fc041 0000 33758601"
24.989400, 22.8501415252686, 25589094, 0, 0, "17cdb641 0000 66758601"
24.989450, 39.9976768493652, 25589145, 1, TriggerDetected, "9ffd1f42 0100 99758601"
24.989500, 29.1613101959229, 25589197, 0, 0, "5d4ae941 0000 cd758601"
24.989550, 19.6378841400146, 25589248, 0, 0, "631a9d41 0000 00768601"
24.989600, 37.1713714599609, 25589299, 1, TriggerDetected, "7caf1442 0100 33768601"
24.989650, 34.3654556274414, 25589350, 0, 0, "3a760942 0000 66768601"
24.989700, 18.8048267364502, 25589401, 0, 0, "49709641 0000 99768601"
24.989750, 32.5611381530762, 25589453, 1, TriggerDetected, "9b3e0242 0100 cd768601"
24.989800, 38.440299987793, 25589504, 0, 0, "dec21942 0000 00778601"
24.989850, 20.5542945861816, 25589555, 0, 0, "326fa441 0000 33778601"
24.989900, 27.2545356750488, 25589606, 0, 0, "4a09da41 0000 66778601"
24.989950, 40.433780670166, 25589657, 1, TriggerDetected, "31bc2142 0100 99778601"
24.990000, 24.4589519500732, 25589709, 0, 0, "efabc341 0000 cd778601"
24.990050, 22.5163154602051, 25589760, 0, 0, "6a21b441 0000 00788601"
24.990100, 39.8554992675781, 25589811, 1, TriggerDetected, "086c1f42 0100 33788601"
24.990150, 29.6073436737061, 25589862, 0, 0, "d7dbec41 0000 66788601"
24.990200, 19.4792900085449, 25589913, 0, 0, "96d59b41 0000 99788601"
24.990250, 36.8543472290039, 25589965, 1, TriggerDetected, "da6a1342 0100 cd788601"
24.990300, 34.7566871643066, 25590016, 0, 0, "d9060b42 0000 00798601"
24.990350, 18.8560352325439, 25590067, 0, 0, "29d99641 0000 33798601"
24.990400, 32.1336555480957, 25590118, 1, TriggerDetected, "dd880042 0100 66798601"
24.990450, 38.6981658935547, 25590169, 0, 0, "ecca1a42 0000 99798601"
24.990500, 20.8004856109619, 25590221, 0, 0, "6567a641 0000 cd798601"
24.990550, 26.8264560699463, 25590272, 0, 0, "959cd641 0000 007a8601"
24.990600, 40.4823417663574, 25590323, 1, TriggerDetected, "ebed2142 0100 337a8601"
24.990650, 24.8534507751465, 25590374, 0, 0, "ded3c641 0000 667a8601"
24.990700, 22.1845092773438, 25590425, 0, 0, "e079b141 0000 997a8601"
24.990750, 39.6981163024902, 25590477, 1, TriggerDetected, "dfca1e42 0100 cd7a8601"
24.990800, 30.0463390350342, 25590528, 0, 0, "e75ef041 0000 007b8601"
24.990850, 19.3273162841797, 25590579, 0, 0, "589e9a41 0000 337b8601"
24.990900, 36.5113716125488, 25590630, 1, TriggerDetected, "a50b1242 0100 667b8601"
24.990950, 35.1395149230957, 25590681, 0, 0, "dd8e0c42 0000 997b8601"
24.991000, 18.919792175293, 25590733, 0, 0, "bc5b9741 0000 cd7b8601"
24.991050, 31.7046546936035, 25590784, 1, TriggerDetected, "22a3fd41 0100 007c8601"
24.991100, 38.9303741455078, 25590835, 0, 0, "b4b81b42 0000 337c8601"
24.991150, 21.0634956359863, 25590886, 0, 0, "0a82a841 0000 667c8601"
24.991200, 26.4051132202148, 25590937, 0, 0, "ac3dd341 0000 997c8601"
24.991250, 40.5232887268066, 25590989, 1, TriggerDetected, "d9172242 0100 cd7c8601"
24.991300, 25.250093460083, 25591040, 0, 0, "3100ca41 0000 007d8601"
24.991350, 21.8773899078369, 25591091, 0, 0, "e504af41 0000 337d8601"
24.991400, 39.5168304443359, 25591142, 1, TriggerDetected, "3c111e42 0100 667d8601"
24.991450, 30.485897064209, 25591193, 0, 0, "1ee3f341 0000 997d8601"
24.991500, 19.1970825195313, 25591245, 0, 0, "a0939941 0000 cd7d8601"
24.991550, 36.1683959960938, 25591296, 1, TriggerDetected, "70ac1042 0100 007e8601"
24.991600, 35.514331817627, 25591347, 0, 0, "ad0e0e42 0000 337e8601"
24.991650, 18.9976978302002, 25591398, 0, 0, "49fb9741 0000 667e8601"
24.991700, 31.2684364318848, 25591449, 1, TriggerDetected, "c225fa41 0100 997e8601"
24.991750, 39.154052734375, 25591501, 0, 0, "c09d1c42 0000 cd7e8601"
24.991800, 21.339075088501, 25591552, 0, 0, "6db6aa41 0000 007f8601"
24.991850, 25.9856472015381, 25591603, 0, 0, "9be2cf41 0000 337f8601"
24.991900, 40.5311889648438, 25591654, 1, TriggerDetected, "f01f2242 0100 667f8601"
24.991950, 25.6512680053711, 25591705, 0, 0, "cc35cd41 0000 997f8601"
24.992000, 21.5719470977783, 25591757, 0, 0, "5993ac41 0000 cd7f8601"
24.992050, 39.3228225708008, 25591808, 1, TriggerDetected, "924a1d42 0100 00808601"
24.992100, 30.9177722930908, 25591859, 0, 0, "9957f741 0000 33808601"
24.992150, 19.0860290527344, 25591910, 0, 0, "30b09841 0000 66808601"
24.992200, 35.8144912719727, 25591961, 1, TriggerDetected, "0a420f42 0100 99808601"
24.992250, 35.8825149536133, 25592013, 0, 0, "b2870f42 0000 cd808601"
24.992300, 19.1053142547607, 25592064, 0, 0, "afd79841 0000 00818601"
24.992350, 30.8421783447266, 25592115, 1, TriggerDetected, "c8bcf641 0100 33818601"
24.992400, 39.3641166687012, 25592166, 0, 0, "db741d42 0000 66818601"
24.992450, 21.6353321075439, 25592217, 0, 0, "2915ad41 0000 99818601"
24.992500, 25.5816860198975, 25592269, 0, 0, "4ba7cc41 0000 cd818601"
24.992550, 40.5358047485352, 25592320, 1, TriggerDetected, "aa242242 0100 00828601"
24.992600, 26.0717029571533, 25592371, 0, 0, "d992d041 0000 33828601"
24.992650, 21.2901611328125, 25592422, 0, 0, "4052aa41 0000 66828601"
24.992700, 39.1189918518066, 25592473, 1, TriggerDetected, "d9791c42 0100 99828601"
24.992750, 31.3580646514893, 25592525, 0, 0, "51ddfa41 0000 cd828601"
24.992800, 18.9856777191162, 25592576, 0, 0, "abe29741 0000 00838601"
24.992850, 35.4463577270508, 25592627, 1, TriggerDetected, "12c90d42 0100 33838601"
24.992900, 36.2401161193848, 25592678, 0, 0, "e1f51042 0000 66838601"
24.992950, 19.2218189239502, 25592729, 0, 0, "49c69941 0000 99838601"
24.993000, 30.3968372344971, 25592781, 1, TriggerDetected, "b92cf341 0100 cd838601"
24.993050, 39.5523796081543, 25592832, 0, 0, "a3351e42 0000 00848601"
24.993100, 21.9393520355225, 25592883, 0, 0, "cb83af41 0000 33848601"
24.993150, 25.1747455596924, 25592934, 0, 0, "e165c941 0000 66848601"
24.993200, 40.5128021240234, 25592985, 1, TriggerDetected, "1c0d2242 0100 99848601"
24.993250, 26.4864025115967, 25593037, 0, 0, "27e4d341 0000 cd848601"
24.993300, 21.0098075866699, 25593088, 0, 0, "1614a841 0000 00858601"
24.993350, 38.8884353637695, 25593139, 1, TriggerDetected, "c28d1b42 0100 33858601"
24.993400, 31.7874546051025, 25593190, 0, 0, "b54cfe41 0000 66858601"
24.993450, 18.9042568206787, 25593241, 0, 0, "eb3b9741 0000 99858601"
24.993500, 35.0639991760254, 25593293, 1, TriggerDetected, "89410c42 0100 cd858601"
24.993550, 36.5774078369141, 25593344, 0, 0, "444f1242 0000 00868601"
24.993600, 19.356595993042, 25593395, 0, 0, "4fda9a41 0000 33868601"
24.993650, 29.9563407897949, 25593446, 0, 0, "96a6ef41 0000 66868601"
24.993700, 39.7268028259277, 25593497, 1, TriggerDetected, "3fe81e42 0100 99868601"
24.993750, 22.2495288848877, 25593549, 0, 0, "09ffb141 0000 cd868601"
24.993800, 24.7722034454346, 25593600, 0, 0, "792dc641 0000 00878601"
24.993850, 40.4736824035645, 25593651, 1, TriggerDetected, "0de52142 0100 33878601"
24.993900, 26.9083957672119, 25593702, 0, 0, "6544d741 0000 66878601"
24.993950, 20.7495021820068, 25593753, 0, 0, "fbfea541 0000 99878601"
24.994000, 38.6520690917969, 25593805, 1, TriggerDetected, "b89b1a42 0100 cd878601"
24.994050, 32.216911315918, 25593856, 0, 0, "1ede0042 0000 00888601"
24.994100, 18.8409099578857, 25593907, 0, 0, "2fba9641 0000 33888601"
24.994150, 34.6790428161621, 25593958, 1, TriggerDetected, "57b70a42 0100 66888601"
24.994200, 36.9142303466797, 25594009, 0, 0, "2ca81342 0000 99888601"
24.994250, 19.5042552947998, 25594061, 0, 0, "b7089c41 0000 cd888601"
24.994300, 29.5199584960938, 25594112, 0, 0, "e028ec41 0000 00898601"
24.994350, 39.8832664489746, 25594163, 1, TriggerDetected, "77881f42 0100 33898601"
24.994400, 22.582239151001, 25594214, 0, 0, "6da8b441 0000 66898601"
24.994450, 24.384786605835, 25594265, 0, 0, "0b14c341 0000 99898601"
24.994500, 40.4186210632324, 25594317, 1, TriggerDetected, "abac2142 0100 cd898601"
24.994550, 27.3370704650879, 25594368, 0, 0, "52b2da41 0000 008a8601"
24.994600, 20.5045738220215, 25594419, 0, 0, "5e09a441 0000 338a8601"
24.994650, 38.3917808532715, 25594470, 1, TriggerDetected, "2f911942 0100 668a8601"
24.994700, 32.6477394104004, 25594521, 0, 0, "49970242 0000 998a8601"
24.994750, 18.8025169372559, 25594573, 0, 0, "8e6b9641 0000 cd8a8601"
24.994800, 34.2871284484863, 25594624, 1, TriggerDetected, "05260942 0100 008b8601"
24.994850, 37.2349624633789, 25594675, 0, 0, "9af01442 0000 338b8601"
24.994900, 19.6730098724365, 25594726, 0, 0, "53629d41 0000 668b8601"
24.994950, 29.0752353668213, 25594777, 0, 0, "159ae841 0000 998b8601"
24.995000, 40.0269393920898, 25594829, 1, TriggerDetected, "961b2042 0100 cd8b8601"
24.995050, 22.9184722900391, 25594880, 0, 0, "0859b741 0000 008c8601"
24.995100, 23.998929977417, 25594931, 0, 0, "cffdbf41 0000 338c8601"
24.995150, 40.347225189209, 25594982, 1, TriggerDetected, "8f632142 0100 668c8601"
24.995200, 27.7722587585449, 25595033, 0, 0, "962dde41 0000 998c8601"
24.995250, 20.2731227874756, 25595085, 0, 0, "5b2fa241 0000 cd8c8601"
24.995300, 38.1280746459961, 25595136, 1, TriggerDetected, "26831842 0100 008d8601"
24.995350, 33.0624580383301, 25595187, 0, 0, "f53f0442 0000 338d8601"
24.995400, 18.7710742950439, 25595238, 0, 0, "292b9641 0000 668d8601"
24.995450, 33.8880653381348, 25595289, 1, TriggerDetected, "618d0742 0100 998d8601"
24.995500, 37.5449256896973, 25595341, 0, 0, "012e1642 0000 cd8d8601"
24.995550, 19.8578453063965, 25595392, 0, 0, "dedc9e41 0000 008e8601"
24.995600, 28.6387481689453, 25595443, 0, 0, "281ce541 0000 338e8601"
24.995650, 40.1449737548828, 25595494, 1, TriggerDetected, "74942042 0100 668e8601"
24.995700, 23.2688541412354, 25595545, 0, 0, "9d26ba41 0000 998e8601"
24.995750, 23.6337242126465, 25595597, 0, 0, "de11bd41 0000 cd8e8601"
24.995800, 40.2606544494629, 25595648, 1, TriggerDetected, "e90a2142 0100 008f8601"
24.995850, 28.2003974914551, 25595699, 0, 0, "6a9ae141 0000 338f8601"
24.995900, 20.0566635131836, 25595750, 0, 0, "0c74a041 0000 668f8601"
24.995950, 37.8448448181152, 25595801, 1, TriggerDetected, "1f611742 0100 998f8601"
24.996000, 33.4771995544434, 25595853, 0, 0, "a7e80542 0000 cd8f8601"
24.996050, 18.7611904144287, 25595904, 0, 0, "eb169641 0000 00908601"
24.996100, 33.4780464172363, 25595955, 1, TriggerDetected, "85e90542 0100 33908601"
24.996150, 37.8401985168457, 25596006, 0, 0, "5d5c1742 0000 66908601"
24.996200, 20.0564365386963, 25596057, 0, 0, "9573a041 0000 99908601"
24.996250, 28.2010879516602, 25596109, 0, 0, "d49be141 0000 cd908601"
24.996300, 40.257022857666, 25596160, 1, TriggerDetected, "31072142 0100 00918601"
24.996350, 23.6296672821045, 25596211, 0, 0, "8f09bd41 0000 33918601"
24.996400, 23.2668075561523, 25596262, 0, 0, "6c22ba41 0000 66918601"
24.996450, 40.146411895752, 25596313, 1, TriggerDetected, "ed952042 0100 99918601"
24.996500, 28.6368350982666, 25596365, 0, 0, "3d18e541 0000 cd918601"
24.996550, 19.8599700927734, 25596416, 0, 0, "38e19e41 0000 00928601"
24.996600, 37.5492782592773, 25596467, 1, TriggerDetected, "76321642 0100 33928601"
24.996650, 33.8904495239258, 25596518, 0, 0, "d28f0742 0000 66928601"
24.996700, 18.7739677429199, 25596569, 0, 0, "16319641 0000 99928601"
24.996750, 33.0633125305176, 25596621, 1, TriggerDetected, "d5400442 0100 cd928601"
24.996800, 38.1239547729492, 25596672, 0, 0, "ee7e1842 0000 00938601"
24.996850, 20.2747535705566, 25596723, 0, 0, "b232a241 0000 33938601"
24.996900, 27.7710056304932, 25596774, 0, 0, "052bde41 0000 66938601"
24.996950, 40.3473091125488, 25596825, 1, TriggerDetected, "a5632142 0100 99938601"
24.997000, 24.0029392242432, 25596877, 0, 0, "0506c041 0000 cd938601"
24.997050, 22.9204177856445, 25596928, 0, 0, "045db741 0000 00948601"
24.997100, 40.0264625549316, 25596979, 1, TriggerDetected, "191b2042 0100 33948601"
24.997150, 29.0752792358398, 25597030, 0, 0, "2c9ae841 0000 66948601"
24.997200, 19.6698722839355, 25597081, 0, 0, "e65b9d41 0000 99948601"
24.997250, 37.2367973327637, 25597133, 1, TriggerDetected, "7bf21442 0100 cd948601"
24.997300, 34.280933380127, 25597184, 0, 0, "ad1f0942 0000 00958601"
24.997350, 18.7954730987549, 25597235, 0, 0, "215d9641 0000 33958601"
24.997400, 32.6418724060059, 25597286, 1, TriggerDetected, "47910242 0100 66958601"
24.997450, 38.3955841064453, 25597337, 0, 0, "14951942 0000 99958601"
24.997500, 20.4994583129883, 25597389, 0, 0, "e4fea341 0000 cd958601"
24.997550, 27.334981918335, 25597440, 0, 0, "0baeda41 0000 00968601"
24.997600, 40.414306640625, 25597491, 1, TriggerDetected, "40a82142 0100 33968601"
24.997650, 24.3789081573486, 25597542, 0, 0, "0108c341 0000 66968601"
24.997700, 22.5765762329102, 25597593, 0, 0, "d49cb441 0000 99968601"
24.997750, 39.8839530944824, 25597645, 1, TriggerDetected, "2b891f42 0100 cd968601"
24.997800, 29.5115013122559, 25597696, 0, 0, "8e17ec41 0000 00978601"
24.997850, 19.5061645507813, 25597747, 0, 0, "a00c9c41 0000 33978601"
24.997900, 36.9164733886719, 25597798, 1, TriggerDetected, "78aa1342 0100 66978601"
24.997950, 34.6788635253906, 25597849, 0, 0, "28b70a42 0000 99978601"
24.998000, 18.8425521850586, 25597901, 0, 0, "8cbd9641 0000 cd978601"
24.998050, 32.2155227661133, 25597952, 1, TriggerDetected, "b2dc0042 0100 00988601"
24.998100, 38.6428642272949, 25598003, 0, 0, "4b921a42 0000 33988601"
24.998150, 20.7498626708984, 25598054, 0, 0, "b8ffa541 0000 66988601"
24.998200, 26.9081192016602, 25598105, 0, 0, "d443d741 0000 99988601"
24.998250, 40.4748077392578, 25598157, 1, TriggerDetected, "34e62142 0100 cd988601"
24.998300, 24.7729682922363, 25598208, 0, 0, "0a2fc641 0000 00998601"
24.998350, 22.2489700317383, 25598259, 0, 0, "e4fdb141 0000 33998601"
24.998400, 39.7209358215332, 25598310, 1, TriggerDetected, "3de21e42 0100 66998601"
24.998450, 29.9543418884277, 25598361, 0, 0, "7ea2ef41 0000 99998601"
24.998500, 19.3507537841797, 25598413, 0, 0, "58ce9a41 0000 cd998601"
24.998550, 36.5795593261719, 25598464, 1, TriggerDetected, "78511242 0100 009a8601"
24.998600, 35.0633697509766, 25598515, 0, 0, "e4400c42 0000 339a8601"
24.998650, 18.9000301361084, 25598566, 0, 0, "43339741 0000 669a8601"
24.998700, 31.7868480682373, 25598617, 1, TriggerDetected, "774bfe41 0100 999a8601"
24.998750, 38.8844413757324, 25598669, 0, 0, "ab891b42 0000 cd9a8601"
24.998800, 21.0115032196045, 25598720, 0, 0, "8f17a841 0000 009b8601"
24.998850, 26.4821529388428, 25598771, 0, 0, "73dbd341 0000 339b8601"
24.998900, 40.5049476623535, 25598822, 1, TriggerDetected, "11052242 0100 669b8601"
24.998950, 25.1687622070313, 25598873, 0, 0, "a059c941 0000 999b8601"
24.999000, 21.9314556121826, 25598925, 0, 0, "9f73af41 0000 cd9b8601"
24.999050, 39.5501708984375, 25598976, 1, TriggerDetected, "60331e42 0100 009c8601"
24.999100, 30.3915271759033, 25599027, 0, 0, "d921f341 0000 339c8601"
24.999150, 19.2160758972168, 25599078, 0, 0, "86ba9941 0000 669c8601"
24.999200, 36.2281074523926, 25599129, 1, TriggerDetected, "95e91042 0100 999c8601"
24.999250, 35.4428977966309, 25599181, 0, 0, "87c50d42 0000 cd9c8601"
24.999300, 18.9805393218994, 25599232, 0, 0, "25d89741 0000 009d8601"
24.999350, 31.3522682189941, 25599283, 1, TriggerDetected, "72d1fa41 0100 339d8601"
24.999400, 39.1110534667969, 25599334, 0, 0, "b8711c42 0000 669d8601"
24.999450, 21.2803707122803, 25599385, 0, 0, "333eaa41 0000 999d8601"
24.999500, 26.0621166229248, 25599437, 0, 0, "377fd041 0000 cd9d8601"
24.999550, 40.5276107788086, 25599488, 1, TriggerDetected, "461c2242 0100 009e8601"
24.999600, 25.5679321289063, 25599539, 0, 0, "208bcc41 0000 339e8601"
24.999650, 21.6239624023438, 25599590, 0, 0, "e0fdac41 0000 669e8601"
24.999700, 39.3536109924316, 25599641, 1, TriggerDetected, "196a1d42 0100 999e8601"
24.999750, 30.8302364349365, 25599693, 0, 0, "53a4f641 0000 cd9e8601"
24.999800, 19.0998001098633, 25599744, 0, 0, "64cc9841 0000 009f8601"
24.999850, 35.8788452148438, 25599795, 1, TriggerDetected, "f0830f42 0100 339f8601"
24.999900, 35.8082733154297, 25599846, 0, 0, "ac3b0f42 0000 669f8601"
24.999950, 19.0792636871338, 25599897, 0, 0, "55a29841 0000 999f8601"
25.000000, 30.9151973724365, 25599949, 1, TriggerDetected, "5352f741 0100 cd9f8601"
25.000050, 39.3201103210449, 25600000, 0, 0, "cb471d42 0000 00a08601"
25.000100, 21.5733737945557, 25600051, 0, 0, "4596ac41 0000 33a08601"
25.000150, 25.6515026092529, 25600102, 0, 0, "4736cd41 0000 66a08601"
25.000200, 40.5305442810059, 25600153, 1, TriggerDetected, "471f2242 0100 99a08601"
25.000250, 25.9830417633057, 25600205, 0, 0, "45ddcf41 0000 cda08601"
25.000300, 21.3365364074707, 25600256, 0, 0, "3ab1aa41 0000 00a18601"
25.000350, 39.1563301086426, 25600307, 1, TriggerDetected, "15a01c42 0100 33a18601"
25.000400, 31.2713584899902, 25600358, 0, 0, "be2bfa41 0000 66a18601"
25.000450, 18.9995937347412, 25600409, 0, 0, "2bff9741 0000 99a18601"
25.000500, 35.5158805847168, 25600461, 1, TriggerDetected, "43100e42 0100 cda18601"
25.000550, 36.1672668457031, 25600512, 0, 0, "48ab1042 0000 00a28601"
25.000600, 19.1924591064453, 25600563, 0, 0, "288a9941 0000 33a28601"
25.000650, 30.4830074310303, 25600614, 1, TriggerDetected, "33ddf341 0100 66a28601"
25.000700, 39.5155410766602, 25600665, 0, 0, "ea0f1e42 0000 99a28601"
25.000750, 21.8730983734131, 25600717, 0, 0, "1bfcae41 0000 cda28601"
25.000800, 25.2446002960205, 25600768, 0, 0, "f1f4c941 0000 00a38601"
25.000850, 40.5140151977539, 25600819, 1, TriggerDetected, "5a0e2242 0100 33a38601"
25.000900, 26.4086208343506, 25600870, 0, 0, "db44d341 0000 66a38601"
25.000950, 21.0619831085205, 25600921, 0, 0, "f17ea841 0000 99a38601"
25.001000, 38.9310188293457, 25600973, 1, TriggerDetected, "5db91b42 0100 cda38601"
25.001050, 31.7031078338623, 25601024, 0, 0, "f79ffd41 0000 00a48601"
25.001100, 18.9188632965088, 25601075, 0, 0, "d5599741 0000 33a48601"
25.001150, 35.1448669433594, 25601126, 1, TriggerDetected, "58940c42 0100 66a48601"
25.001200, 36.5156211853027, 25601177, 0, 0, "ff0f1242 0000 99a48601"
25.001250, 19.3238487243652, 25601229, 0, 0, "3e979a41 0000 cda48601"
25.001300, 30.0437755584717, 25601280, 1, TriggerDetected, "a759f041 0100 00a58601"
25.001350, 39.6950836181641, 25601331, 0, 0, "c4c71e42 0000 33a58601"
25.001400, 22.1888656616211, 25601382, 0, 0, "cc82b141 0000 66a58601"
25.001450, 24.8511524200439, 25601433, 0, 0, "29cfc641 0000 99a58601"
25.001500, 40.4846992492676, 25601485, 1, TriggerDetected, "55f02142 0100 cda58601"
25.001550, 26.8245239257813, 25601536, 0, 0, "a098d641 0000 00a68601"
25.001600, 20.8019676208496, 25601587, 0, 0, "6e6aa641 0000 33a68601"
25.001650, 38.6932373046875, 25601638, 1, TriggerDetected, "e0c51a42 0100 66a68601"
25.001700, 32.1346130371094, 25601689, 0, 0, "d8890042 0000 99a68601"
25.001750, 18.8526096343994, 25601741, 0, 0, "25d29641 0000 cda68601"
25.001800, 34.760986328125, 25601792, 1, TriggerDetected, "400b0b42 0100 00a78601"
25.001850, 36.8517570495605, 25601843, 0, 0, "33681342 0000 33a78601"
25.001900, 19.474142074585, 25601894, 0, 0, "0bcb9b41 0000 66a78601"
25.001950, 29.6019439697266, 25601945, 0, 0, "c8d0ec41 0000 99a78601"
25.002000, 39.8587112426758, 25601997, 1, TriggerDetected, "526f1f42 0100 cda78601"
25.002050, 22.5166168212891, 25602048, 0, 0, "0822b441 0000 00a88601"
25.002100, 24.4579105377197, 25602099, 0, 0, "cda9c341 0000 33a88601"
25.002150, 40.4309234619141, 25602150, 1, TriggerDetected, "44b92142 0100 66a88601"
25.002200, 27.2557106018066, 25602201, 0, 0, "b20bda41 0000 99a88601"
25.002250, 20.5507545471191, 25602253, 0, 0, "f267a441 0000 cda88601"
25.002300, 38.4430160522461, 25602304, 1, TriggerDetected, "a6c51942 0100 00a98601"
25.002350, 32.562255859375, 25602355, 0, 0, "c03f0242 0000 33a98601"
25.002400, 18.8056144714355, 25602406, 0, 0, "e6719641 0000 66a98601"
25.002450, 34.3637390136719, 25602457, 1, TriggerDetected, "78740942 0100 99a98601"
25.002500, 37.1767234802246, 25602509, 0, 0, "f7b41442 0000 cda98601"
25.002550, 19.6405925750732, 25602560, 0, 0, "ef1f9d41 0000 00aa8601"
25.002600, 29.1641693115234, 25602611, 0, 0, "3850e941 0000 33aa8601"
25.002650, 39.9931716918945, 25602662, 1, TriggerDetected, "02f91f42 0100 66aa8601"
25.002700, 22.8576278686523, 25602713, 0, 0, "6cdcb641 0000 99aa8601"
25.002750, 24.0738410949707, 25602765, 0, 0, "3a97c041 0000 cdaa8601"
25.002800, 40.3610000610352, 25602816, 1, TriggerDetected, "aa712142 0100 00ab8601"
25.002850, 27.6826267242432, 25602867, 0, 0, "0576dd41 0000 33ab8601"
25.002900, 20.3151092529297, 25602918, 0, 0, "5885a241 0000 66ab8601"
25.002950, 38.1741638183594, 25602969, 1, TriggerDetected, "58b21842 0100 99ab8601"
25.003000, 32.9835586547852, 25603021, 0, 0, "2aef0342 0000 cdab8601"
25.003050, 18.777868270874, 25603072, 0, 0, "13399641 0000 00ac8601"
25.003100, 33.9687347412109, 25603123, 1, TriggerDetected, "fcdf0742 0100 33ac8601"
25.003150, 37.4867134094238, 25603174, 0, 0, "65f21542 0000 66ac8601"
25.003200, 19.8201694488525, 25603225, 0, 0, "b58f9e41 0000 99ac8601"
25.003250, 28.7242698669434, 25603277, 0, 0, "4ecbe541 0000 cdac8601"
25.003300, 40.1317825317383, 25603328, 1, TriggerDetected, "f2862042 0100 00ad8601"
25.003350, 23.2046279907227, 25603379, 0, 0, "14a3b941 0000 33ad8601"
25.003400, 23.7102947235107, 25603430, 0, 0, "afaebd41 0000 66ad8601"
25.003450, 40.2799835205078, 25603481, 1, TriggerDetected, "b41e2142 0100 99ad8601"
25.003500, 28.1207141876221, 25603533, 0, 0, "39f7e041 0000 cdad8601"
25.003550, 20.0998191833496, 25603584, 0, 0, "6ecca041 0000 00ae8601"
25.003600, 37.9026679992676, 25603635, 1, TriggerDetected, "559c1742 0100 33ae8601"
25.003650, 33.3991165161133, 25603686, 0, 0, "b2980542 0000 66ae8601"
25.003700, 18.7686538696289, 25603737, 0, 0, "34269641 0000 99ae8601"
25.003750, 33.556827545166, 25603789, 1, TriggerDetected, "313a0642 0100 cdae8601"
25.003800, 37.7881813049316, 25603840, 0, 0, "19271742 0000 00af8601"
25.003850, 20.0208530426025, 25603891, 0, 0, "b52aa041 0000 33af8601"
25.003900, 28.2858448028564, 25603942, 0, 0, "6949e241 0000 66af8601"
25.003950, 40.2387466430664, 25603993, 1, TriggerDetected, "7af42042 0100 99af8601"
25.004000, 23.5625171661377, 25604045, 0, 0, "0980bc41 0000 cdaf8601"
25.004050, 23.3395500183105, 25604096, 0, 0, "66b7ba41 0000 00b08601"
25.004100, 40.1761016845703, 25604147, 1, TriggerDetected, "54b42042 0100 33b08601"
25.004150, 28.5550994873047, 25604198, 0, 0, "d870e441 0000 66b08601"
25.004200, 19.8932609558105, 25604249, 0, 0, "66259f41 0000 99b08601"
25.004250, 37.6033973693848, 25604301, 1, TriggerDetected, "e1691642 0100 cdb08601"
25.004300, 33.807430267334, 25604352, 0, 0, "cf3a0742 0000 00b18601"
25.004350, 18.7697372436523, 25604403, 0, 0, "6c289641 0000 33b18601"
25.004400, 33.1446762084961, 25604454, 1, TriggerDetected, "26940442 0100 66b18601"
25.004450, 38.0709762573242, 25604505, 0, 0, "ae481842 0000 99b18601"
25.004500, 20.2279644012451, 25604557, 0, 0, "dfd2a141 0000 cdb18601"
25.004550, 27.8516864776611, 25604608, 0, 0, "41d0de41 0000 00b28601"
25.004600, 40.3294792175293, 25604659, 1, TriggerDetected, "63512142 0100 33b28601"
25.004650, 23.9310817718506, 25604710, 0, 0, "db72bf41 0000 66b28601"
25.004700, 22.9879589080811, 25604761, 0, 0, "57e7b741 0000 99b28601"
25.004750, 40.0494995117188, 25604813, 1, TriggerDetected, "b0322042 0100 cdb28601"
25.004800, 28.9879932403564, 25604864, 0, 0, "69e7e741 0000 00b38601"
25.004850, 19.7045555114746, 25604915, 0, 0, "eea29d41 0000 33b38601"
25.004900, 37.2956428527832, 25604966, 1, TriggerDetected, "bd2e1542 0100 66b38601"
25.004950, 34.2082252502441, 25605017, 0, 0, "39d50842 0000 99b38601"
25.005000, 18.7913131713867, 25605069, 0, 0, "9c549641 0000 cdb38601"
25.005050, 32.7205352783203, 25605120, 1, TriggerDetected, "d4e10242 0100 00b48601"
25.005100, 38.3379898071289, 25605171, 0, 0, "1a5a1942 0000 33b48601"
25.005150, 20.4538669586182, 25605222, 0, 0, "85a1a341 0000 66b48601"
25.005200, 27.4153823852539, 25605273, 0, 0, "b452db41 0000 99b48601"
25.005250, 40.4011154174805, 25605325, 1, TriggerDetected, "be9a2142 0100 cdb48601"
25.005300, 24.3086986541748, 25605376, 0, 0, "3778c241 0000 00b58601"
25.005350, 22.6390762329102, 25605427, 0, 0, "d41cb541 0000 33b58601"
25.005400, 39.9086952209473, 25605478, 1, TriggerDetected, "81a21f42 0100 66b58601"
25.005450, 29.4298801422119, 25605529, 0, 0, "6570eb41 0000 99b58601"
25.005500, 19.5270175933838, 25605581, 0, 0, "55379c41 0000 cdb58601"
25.005550, 36.9706764221191, 25605632, 1, TriggerDetected, "f9e11342 0100 00b68601"
25.005600, 34.6026573181152, 25605683, 0, 0, "1f690a42 0000 33b68601"
25.005650, 18.8293590545654, 25605734, 0, 0, "87a29641 0000 66b68601"
25.005700, 32.2975616455078, 25605785, 1, TriggerDetected, "b4300142 0100 99b68601"
25.005750, 38.5965309143066, 25605837, 0, 0, "d9621a42 0000 cdb68601"
25.005800, 20.6980819702148, 25605888, 0, 0, "ac95a541 0000 00b78601"
25.005850, 26.9871635437012, 25605939, 0, 0, "b6e5d741 0000 33b78601"
25.005900, 40.4620170593262, 25605990, 1, TriggerDetected, "1bd92142 0100 66b78601"
25.005950, 24.6987152099609, 25606041, 0, 0, "f896c541 0000 99b78601"
25.006000, 22.3114376068115, 25606093, 0, 0, "d37db241 0000 cdb78601"
25.006050, 39.7580032348633, 25606144, 1, TriggerDetected, "32081f42 0100 00b88601"
25.006100, 29.8707733154297, 25606195, 0, 0, "58f7ee41 0000 33b88601"
25.006150, 19.3807506561279, 25606246, 0, 0, "c70b9b41 0000 66b88601"
25.006200, 36.6472702026367, 25606297, 1, TriggerDetected, "ce961242 0100 99b88601"
25.006250, 34.9958229064941, 25606349, 0, 0, "b9fb0b42 0000 cdb88601"
25.006300, 18.8943557739258, 25606400, 0, 0, "a4279741 0000 00b98601"
25.006350, 31.8706455230713, 25606451, 1, TriggerDetected, "15f7fe41 0100 33b98601"
25.006400, 38.8393821716309, 25606502, 0, 0, "875b1b42 0000 66b98601"
25.006450, 20.9635524749756, 25606553, 0, 0, "5bb5a741 0000 99b98601"
25.006500, 26.5643882751465, 25606605, 0, 0, "de83d441 0000 cdb98601"
25.006550, 40.5058975219727, 25606656, 1, TriggerDetected, "0a062242 0100 00ba8601"
25.006600, 25.094970703125, 25606707, 0, 0, "80c2c841 0000 33ba8601"
25.006650, 21.9944114685059, 25606758, 0, 0, "8ef4af41 0000 66ba8601"
25.006700, 39.5877723693848, 25606809, 1, TriggerDetected, "e1591e42 0100 99ba8601"
25.006750, 30.3129940032959, 25606861, 0, 0, "0381f241 0000 cdba8601"
25.006800, 19.2463760375977, 25606912, 0, 0, "94f89941 0000 00bb8601"
25.006850, 36.3053512573242, 25606963, 1, TriggerDetected, "ae381142 0100 33bb8601"
25.006900, 35.3684043884277, 25607014, 0, 0, "3f790d42 0000 66bb8601"
25.006950, 18.9643650054932, 25607065, 0, 0, "05b79741 0000 99bb8601"
25.007000, 31.4345378875732, 25607117, 1, TriggerDetected, "ef79fb41 0100 cdbb8601"
25.007050, 39.0727996826172, 25607168, 0, 0, "8c4a1c42 0000 00bc8601"
25.007100, 21.2328681945801, 25607219, 0, 0, "eadca941 0000 33bc8601"
25.007150, 26.1492805480957, 25607270, 0, 0, "ba31d141 0000 66bc8601"
25.007200, 40.5311622619629, 25607321, 1, TriggerDetected, "e91f2242 0100 99bc8601"
25.007250, 25.5049705505371, 25607373, 0, 0, "2e0acc41 0000 cdbc8601"
25.007300, 21.6914329528809, 25607424, 0, 0, "0e88ad41 0000 00bd8601"
25.007350, 39.4026908874512, 25607475, 1, TriggerDetected, "5b9c1d42 0100 33bd8601"
25.007400, 30.7492542266846, 25607526, 0, 0, "79fef541 0000 66bd8601"
25.007450, 19.1235504150391, 25607577, 0, 0, "08fd9841 0000 99bd8601"
25.007500, 35.9526977539063, 25607629, 1, TriggerDetected, "90cf0f42 0100 cdbd8601"
25.007550, 35.7462577819824, 25607680, 0, 0, "2bfc0e42 0000 00be8601"
25.007600, 19.0629482269287, 25607731, 0, 0, "eb809841 0000 33be8601"
25.007650, 31.0040893554688, 25607782, 1, TriggerDetected, "6008f841 0100 66be8601"
25.007700, 39.2813911437988, 25607833, 0, 0, "25201d42 0000 99be8601"
25.007750, 21.5187892913818, 25607885, 0, 0, "7b26ac41 0000 cdbe8601"
25.007800, 25.7324905395508, 25607936, 0, 0, "24dccd41 0000 00bf8601"
25.007850, 40.5335731506348, 25607987, 1, TriggerDetected, "61222242 0100 33bf8601"
25.007900, 25.9087810516357, 25608038, 0, 0, "2f45cf41 0000 66bf8601"
25.007950, 21.3960552215576, 25608089, 0, 0, "1f2bab41 0000 99bf8601"
25.008000, 39.1930770874023, 25608141, 1, TriggerDetected, "b6c51c42 0100 cdbf8601"
25.008050, 31.1883945465088, 25608192, 0, 0, "d581f941 0000 00c08601"
25.008100, 19.0246143341064, 25608243, 0, 0, "69329841 0000 33c08601"
25.008150, 35.589714050293, 25608294, 1, TriggerDetected, "de5b0e42 0100 66c08601"
25.008200, 36.0999374389648, 25608345, 0, 0, "56661042 0000 99c08601"
25.008250, 19.1727180480957, 25608397, 0, 0, "ba619941 0000 cdc08601"
25.008300, 30.5688648223877, 25608448, 1, TriggerDetected, "098df441 0100 00c18601"
25.008350, 39.4833984375, 25608499, 0, 0, "00ef1d42 0000 33c18601"
25.008400, 21.8175792694092, 25608550, 0, 0, "678aae41 0000 66c18601"
25.008450, 25.3293361663818, 25608601, 0, 0, "7ba2ca41 0000 99c18601"
25.008500, 40.5210266113281, 25608653, 1, TriggerDetected, "88152242 0100 cdc18601"
25.008550, 26.3247871398926, 25608704, 0, 0, "2a99d241 0000 00c28601"
25.008600, 21.1179046630859, 25608755, 0, 0, "78f1a841 0000 33c28601"
25.008650, 38.9806861877441, 25608806, 1, TriggerDetected, "39ec1b42 0100 66c28601"
25.008700, 31.623815536499, 25608857, 0, 0, "93fdfc41 0000 99c28601"
25.008750, 18.9304027557373, 25608909, 0, 0, "77719741 0000 cdc28601"
25.008800, 35.2129211425781, 25608960, 1, TriggerDetected, "08da0c42 0100 00c38601"
25.008850, 36.4506378173828, 25609011, 0, 0, "74cd1142 0000 33c38601"
25.008900, 19.3015975952148, 25609062, 0, 0, "ac699a41 0000 66c38601"
25.008950, 30.1321449279785, 25609113, 1, TriggerDetected, "a20ef141 0100 99c38601"
25.009000, 39.6604690551758, 25609165, 0, 0, "52a41e42 0000 cdc38601"
25.009050, 22.1236515045166, 25609216, 0, 0, "3dfdb041 0000 00c48601"
25.009100, 24.9214515686035, 25609267, 0, 0, "225fc741 0000 33c48601"
25.009150, 40.4929733276367, 25609318, 1, TriggerDetected, "cef82142 0100 66c48601"
25.009200, 26.7430725097656, 25609369, 0, 0, "d0f1d541 0000 99c48601"
25.009250, 20.848991394043, 25609421, 0, 0, "bccaa641 0000 cdc48601"
25.009300, 38.7437362670898, 25609472, 1, TriggerDetected, "96f91a42 0100 00c58601"
25.009350, 32.0472412109375, 25609523, 0, 0, "60300042 0000 33c58601"
25.009400, 18.8616199493408, 25609574, 0, 0, "99e49641 0000 66c58601"
25.009450, 34.8333320617676, 25609625, 1, TriggerDetected, "55550b42 0100 99c58601"
25.009500, 36.7846183776855, 25609677, 0, 0, "73231342 0000 cdc58601"
25.009550, 19.442684173584, 25609728, 0, 0, "9e8a9b41 0000 00c68601"
25.009600, 29.6831798553467, 25609779, 0, 0, "2777ed41 0000 33c68601"
25.009650, 39.820369720459, 25609830, 1, TriggerDetected, "0f481f42 0100 66c68601"
25.009700, 22.4495811462402, 25609881, 0, 0, "be98b341 0000 99c68601"
25.009750, 24.532320022583, 25609933, 0, 0, "3142c441 0000 cdc68601"
25.009800, 40.4374809265137, 25609984, 1, TriggerDetected, "fbbf2142 0100 00c78601"
25.009850, 27.1646747589111, 25610035, 0, 0, "4151d941 0000 33c78601"
25.009900, 20.5973052978516, 25610086, 0, 0, "48c7a441 0000 66c78601"
25.009950, 38.489315032959, 25610137, 1, TriggerDetected, "0ff51942 0100 99c78601"
25.010000, 32.4787788391113, 25610189, 0, 0, "45ea0142 0000 cdc78601"
25.010050, 18.8146362304688, 25610240, 0, 0, "60849641 0000 00c88601"
25.010100, 34.4426803588867, 25610291, 1, TriggerDetected, "4ec50942 0100 33c88601"
25.010150, 37.1126480102539, 25610342, 0, 0, "5a731442 0000 66c88601"
25.010200, 19.606761932373, 25610393, 0, 0, "a6da9c41 0000 99c88601"
25.010250, 29.2489738464355, 25610445, 0, 0, "e6fde941 0000 cdc88601"
25.010300, 39.9711494445801, 25610496, 1, TriggerDetected, "75e21f42 0100 00c98601"
25.010350, 22.782262802124, 25610547, 0, 0, "1342b641 0000 33c98601"
25.010400, 24.14794921875, 25610598, 0, 0, "002fc141 0000 66c98601"
25.010450, 40.3737907409668, 25610649, 1, TriggerDetected, "c37e2142 0100 99c98601"
25.010500, 27.603816986084, 25610701, 0, 0, "9ed4dc41 0000 cdc98601"
25.010550, 20.3584384918213, 25610752, 0, 0, "15dea241 0000 00ca8601"
25.010600, 38.2285995483398, 25610803, 1, TriggerDetected, "16ea1842 0100 33ca8601"
25.010650, 32.8927116394043, 25610854, 0, 0, "23920342 0000 66ca8601"
25.010700, 18.7782001495361, 25610905, 0, 0, "c1399641 0000 99ca8601"
25.010750, 34.0384788513184, 25610957, 1, TriggerDetected, "67270842 0100 cdca8601"
25.010800, 37.4273681640625, 25611008, 0, 0, "a0b51542 0000 00cb8601"
25.010850, 19.7810516357422, 25611059, 0, 0, "983f9e41 0000 33cb8601"
25.010900, 28.8096694946289, 25611110, 0, 0, "347ae641 0000 66cb8601"
25.010950, 40.0984649658203, 25611161, 1, TriggerDetected, "d4642042 0100 99cb8601"
25.011000, 23.1332206726074, 25611213, 0, 0, "d610b941 0000 cdcb8601"
25.011050, 23.7734870910645, 25611264, 0, 0, "1a30be41 0000 00cc8601"
25.011100, 40.3013954162598, 25611315, 1, TriggerDetected, "a1342142 0100 33cc8601"
25.011150, 28.0354404449463, 25611366, 0, 0, "9548e041 0000 66cc8601"
25.011200, 20.1360816955566, 25611417, 0, 0, "b216a141 0000 99cc8601"
25.011250, 37.9559555053711, 25611469, 1, TriggerDetected, "e6d21742 0100 cdcc8601"
25.011300, 33.3211135864258, 25611520, 0, 0, "d2480542 0000 00cd8601"
25.011350, 18.7674865722656, 25611571, 0, 0, "d0239641 0000 33cd8601"
25.011400, 33.6434135437012, 25611622, 1, TriggerDetected, "db920642 0100 66cd8601"
25.011450, 37.7284812927246, 25611673, 0, 0, "f7e91642 0000 99cd8601"
25.011500, 19.9807071685791, 25611725, 0, 0, "7dd89f41 0000 cdcd8601"
25.011550, 28.3696384429932, 25611776, 0, 0, "05f5e241 0000 00ce8601"
25.011600, 40.2186851501465, 25611827, 1, TriggerDetected, "efdf2042 0100 33ce8601"
25.011650, 23.4915790557861, 25611878, 0, 0, "c1eebb41 0000 66ce8601"
25.011700, 23.4118480682373, 25611929, 0, 0, "774bbb41 0000 99ce8601"
25.011750, 40.1943168640137, 25611981, 1, TriggerDetected, "fbc62042 0100 cdce8601"
25.011800, 28.471715927124, 25612032, 0, 0, "13c6e341 0000 00cf8601"
25.011850, 19.9359931945801, 25612083, 0, 0, "ea7c9f41 0000 33cf8601"
25.011900, 37.666633605957, 25612134, 1, TriggerDetected, "a2aa1642 0100 66cf8601"
25.011950, 33.7279014587402, 25612185, 0, 0, "5fe90642 0000 99cf8601"
25.012000, 18.7644958496094, 25612237, 0, 0, "b01d9641 0000 cdcf8601"
25.012050, 33.2215576171875, 25612288, 1, TriggerDetected, "e0e20442 0100 00d08601"
25.012100, 38.0204391479492, 25612339, 0, 0, "ee141842 0000 33d08601"
25.012150, 20.1888370513916, 25612390, 0, 0, "bd82a141 0000 66d08601"
25.012200, 27.9368705749512, 25612441, 0, 0, "b67edf41 0000 99d08601"
25.012250, 40.3129272460938, 25612493, 1, TriggerDetected, "70402142 0100 cdd08601"
25.012300, 23.8614921569824, 25612544, 0, 0, "56e4be41 0000 00d18601"
25.012350, 23.0577583312988, 25612595, 0, 0, "4a76b841 0000 33d18601"
25.012400, 40.0820808410645, 25612646, 1, TriggerDetected, "0d542042 0100 66d18601"
25.012450, 28.9101181030273, 25612697, 0, 0, "ec47e741 0000 99d18601"
25.012500, 19.7450790405273, 25612749, 0, 0, "ecf59d41 0000 cdd18601"
25.012550, 37.3581771850586, 25612800, 1, TriggerDetected, "c66e1542 0100 00d28601"
25.012600, 34.1352310180664, 25612851, 0, 0, "7a8a0842 0000 33d28601"
25.012650, 18.7867584228516, 25612902, 0, 0, "484b9641 0000 66d28601"
25.012700, 32.8037490844727, 25612953, 1, TriggerDetected, "0a370342 0100 99d28601"
25.012750, 38.2908096313477, 25613005, 0, 0, "ca291942 0000 cdd28601"
25.012800, 20.4126510620117, 25613056, 0, 0, "1c4da341 0000 00d38601"
25.012850, 27.5043315887451, 25613107, 0, 0, "df08dc41 0000 33d38601"
25.012900, 40.3974838256836, 25613158, 1, TriggerDetected, "06972142 0100 66d38601"
25.012950, 24.2396564483643, 25613209, 0, 0, "d1eac141 0000 99d38601"
25.013000, 22.7111988067627, 25613261, 0, 0, "89b0b541 0000 cdd38601"
25.013050, 39.9415397644043, 25613312, 1, TriggerDetected, "23c41f42 0100 00d48601"
25.013100, 29.3479652404785, 25613363, 0, 0, "a2c8ea41 0000 33d48601"
25.013150, 19.5698833465576, 25613414, 0, 0, "1f8f9c41 0000 66d48601"
25.013200, 37.0462989807129, 25613465, 1, TriggerDetected, "692f1442 0100 99d48601"
25.013250, 34.5296821594238, 25613517, 0, 0, "651e0a42 0000 cdd48601"
25.013300, 18.8238048553467, 25613568, 0, 0, "27979641 0000 00d58601"
25.013350, 32.3848304748535, 25613619, 1, TriggerDetected, "118a0142 0100 33d58601"
25.013400, 38.5533180236816, 25613670, 0, 0, "99361a42 0000 66d58601"
25.013450, 20.6529293060303, 25613721, 0, 0, "3339a541 0000 99d58601"
25.013500, 27.0747737884521, 25613773, 0, 0, "2399d841 0000 cdd58601"
25.013550, 40.4574737548828, 25613824, 1, TriggerDetected, "74d42142 0100 00d68601"
25.013600, 24.626033782959, 25613875, 0, 0, "1e02c541 0000 33d68601"
25.013650, 22.3782806396484, 25613926, 0, 0, "b806b341 0000 66d68601"
25.013700, 39.7911109924316, 25613977, 1, TriggerDetected, "192a1f42 0100 99d68601"
25.013750, 29.7874374389648, 25614029, 0, 0, "ac4cee41 0000 cdd68601"
25.013800, 19.4135818481445, 25614080, 0, 0, "044f9b41 0000 00d78601"
25.013850, 36.7150802612305, 25614131, 1, TriggerDetected, "3edc1242 0100 33d78601"
25.013900, 34.9184226989746, 25614182, 0, 0, "77ac0b42 0000 66d78601"
25.013950, 18.8792133331299, 25614233, 0, 0, "a1089741 0000 99d78601"
25.014000, 31.9528560638428, 25614285, 1, TriggerDetected, "739fff41 0100 cdd78601"
25.014050, 38.7971572875977, 25614336, 0, 0, "4a301b42 0000 00d88601"
25.014100, 20.9067783355713, 25614387, 0, 0, "1541a741 0000 33d88601"
25.014150, 26.645170211792, 25614438, 0, 0, "4f29d541 0000 66d88601"
25.014200, 40.5016899108887, 25614489, 1, TriggerDetected, "bb012242 0100 99d88601"
25.014250, 25.018871307373, 25614541, 0, 0, "a626c841 0000 cdd88601"
25.014300, 22.055736541748, 25614592, 0, 0, "2672b041 0000 00d98601"
25.014350, 39.6228523254395, 25614643, 1, TriggerDetected, "cd7d1e42 0100 33d98601"
25.014400, 30.2259292602539, 25614694, 0, 0, "b4cef141 0000 66d98601"
25.014450, 19.2683868408203, 25614745, 0, 0, "a8259a41 0000 99d98601"
25.014500, 36.372486114502, 25614797, 1, TriggerDetected, "6d7d1142 0100 cdd98601"
25.014550, 35.297534942627, 25614848, 0, 0, "ad300d42 0000 00da8601"
25.014600, 18.9542064666748, 25614899, 0, 0, "37a29741 0000 33da8601"
25.014650, 31.5234832763672, 25614950, 1, TriggerDetected, "1830fc41 0100 66da8601"
25.014700, 39.029296875, 25615001, 0, 0, "001e1c42 0000 99da8601"
25.014750, 21.1813774108887, 25615053, 0, 0, "7673a941 0000 cdda8601"
25.014800, 26.2307434082031, 25615104, 0, 0, "90d8d141 0000 00db8601"
25.014850, 40.5270347595215, 25615155, 1, TriggerDetected, "af1b2242 0100 33db8601"
25.014900, 25.4137573242188, 25615206, 0, 0, "604fcb41 0000 66db8601"
25.014950, 21.7511386871338, 25615257, 0, 0, "5502ae41 0000 99db8601"
25.015000, 39.4377670288086, 25615309, 1, TriggerDetected, "46c01d42 0100 cddb8601"
25.015050, 30.6702747344971, 25615360, 0, 0, "b95cf541 0000 00dc8601"
25.015100, 19.1508045196533, 25615411, 0, 0, "d9349941 0000 33dc8601"
25.015150, 36.0210189819336, 25615462, 1, TriggerDetected, "86151042 0100 66dc8601"
25.015200, 35.668041229248, 25615513, 0, 0, "13ac0e42 0000 99dc8601"
25.015250, 19.0392227172852, 25615565, 0, 0, "54509841 0000 cddc8601"
25.015300, 31.0915470123291, 25615616, 1, TriggerDetected, "7dbbf841 0100 00dd8601"
25.015350, 39.2478485107422, 25615667, 0, 0, "ccfd1c42 0000 33dd8601"
25.015400, 21.4602890014648, 25615718, 0, 0, "acaeab41 0000 66dd8601"
25.015450, 25.8139266967773, 25615769, 0, 0, "ec82ce41 0000 99dd8601"
25.015500, 40.5324821472168, 25615821, 1, TriggerDetected, "43212242 0100 cddd8601"
25.015550, 25.8242721557617, 25615872, 0, 0, "1c98ce41 0000 00de8601"
25.015600, 21.4521865844727, 25615923, 0, 0, "149eab41 0000 33de8601"
25.015650, 39.2376022338867, 25615974, 1, TriggerDetected, "4ef31c42 0100 66de8601"
25.015700, 31.0999984741211, 25616025, 0, 0, "ccccf841 0000 99de8601"
25.015750, 19.0391502380371, 25616077, 0, 0, "2e509841 0000 cdde8601"
25.015800, 35.6534690856934, 25616128, 1, TriggerDetected, "279d0e42 0100 00df8601"
25.015850, 36.0328559875488, 25616179, 0, 0, "a5211042 0000 33df8601"
25.015900, 19.1544342041016, 25616230, 0, 0, "483c9941 0000 66df8601"
25.015950, 30.6533622741699, 25616281, 1, TriggerDetected, "163af541 0100 99df8601"
25.016000, 39.443187713623, 25616333, 0, 0, "d3c51d42 0000 cddf8601"
25.016050, 21.7612495422363, 25616384, 0, 0, "0a17ae41 0000 00e08601"
25.016100, 25.404167175293, 25616435, 0, 0, "bc3bcb41 0000 33e08601"
25.016150, 40.530876159668, 25616486, 1, TriggerDetected, "9e1f2242 0100 66e08601"
25.016200, 26.242582321167, 25616537, 0, 0, "cff0d141 0000 99e08601"
25.016250, 21.1676445007324, 25616589, 0, 0, "5657a941 0000 cde08601"
25.016300, 39.0183868408203, 25616640, 1, TriggerDetected, "d4121c42 0100 00e18601"
25.016350, 31.5415458679199, 25616691, 0, 0, "1655fc41 0000 33e18601"
25.016400, 18.952075958252, 25616742, 0, 0, "da9d9741 0000 66e18601"
25.016450, 35.2893371582031, 25616793, 1, TriggerDetected, "48280d42 0100 99e18601"
25.016500, 36.3801803588867, 25616845, 0, 0, "4e851142 0000 cde18601"
25.016550, 19.2724781036377, 25616896, 0, 0, "092e9a41 0000 00e28601"
25.016600, 30.2131500244141, 25616947, 1, TriggerDetected, "88b4f141 0100 33e28601"
25.016650, 39.6303443908691, 25616998, 0, 0, "79851e42 0000 66e28601"
25.016700, 22.0685024261475, 25617049, 0, 0, "4b8cb041 0000 99e28601"
25.016750, 25.0042629241943, 25617101, 0, 0, "bb08c841 0000 cde28601"
25.016800, 40.4987258911133, 25617152, 1, TriggerDetected, "b2fe2142 0100 00e38601"
25.016850, 26.6611576080322, 25617203, 0, 0, "0d4ad541 0000 33e38601"
25.016900, 20.8989486694336, 25617254, 0, 0, "0c31a741 0000 66e38601"
25.016950, 38.7932777404785, 25617305, 1, TriggerDetected, "512c1b42 0100 99e38601"
25.017000, 31.9690284729004, 25617357, 0, 0, "92c0ff41 0000 cde38601"
25.017050, 18.8799171447754, 25617408, 0, 0, "120a9741 0000 00e48601"
25.017100, 34.9077796936035, 25617459, 1, TriggerDetected, "91a10b42 0100 33e48601"
25.017150, 36.7246475219727, 25617510, 0, 0, "0ae61242 0000 66e48601"
25.017200, 19.4163513183594, 25617561, 0, 0, "b0549b41 0000 99e48601"
25.017250, 29.774845123291, 25617613, 0, 0, "e232ee41 0000 cde48601"
25.017300, 39.7961082458496, 25617664, 1, TriggerDetected, "372f1f42 0100 00e58601"
25.017350, 22.390079498291, 25617715, 0, 0, "e21eb341 0000 33e58601"
25.017400, 24.6111736297607, 25617766, 0, 0, "afe3c441 0000 66e58601"
25.017450, 40.4553031921387, 25617817, 1, TriggerDetected, "3bd22142 0100 99e58601"
25.017500, 27.0892009735107, 25617869, 0, 0, "afb6d841 0000 cde58601"
25.017550, 20.648458480835, 25617920, 0, 0, "0b30a541 0000 00e68601"
25.017600, 38.5454521179199, 25617971, 1, TriggerDetected, "8b2e1a42 0100 33e68601"
25.017650, 32.3961563110352, 25618022, 0, 0, "aa950142 0000 66e68601"
25.017700, 18.8225708007813, 25618073, 0, 0, "a0949641 0000 99e68601"
25.017750, 34.5201721191406, 25618125, 1, TriggerDetected, "a8140a42 0100 cde68601"
25.017800, 37.0525856018066, 25618176, 0, 0, "d9351442 0000 00e78601"
25.017850, 19.5732612609863, 25618227, 0, 0, "0a969c41 0000 33e78601"
25.017900, 29.3342952728271, 25618278, 0, 0, "a3acea41 0000 66e78601"
25.017950, 39.9517135620117, 25618329, 1, TriggerDetected, "8ece1f42 0100 99e78601"
25.018000, 22.7263355255127, 25618381, 0, 0, "89cfb541 0000 cde78601"
25.018050, 24.2293338775635, 25618432, 0, 0, "add5c141 0000 00e88601"
25.018100, 40.3964080810547, 25618483, 1, TriggerDetected, "ec952142 0100 33e88601"
25.018150, 27.5165500640869, 25618534, 0, 0, "e521dc41 0000 66e88601"
25.018200, 20.407642364502, 25618585, 0, 0, "da42a341 0000 99e88601"
25.018250, 38.2865295410156, 25618637, 1, TriggerDetected, "68251942 0100 cde88601"
25.018300, 32.8228492736816, 25618688, 0, 0, "994a0342 0000 00e98601"
25.018350, 18.7901649475098, 25618739, 0, 0, "42529641 0000 33e98601"
25.018400, 34.1243705749512, 25618790, 1, TriggerDetected, "5b7f0842 0100 66e98601"
25.018450, 37.3704566955566, 25618841, 0, 0, "597b1542 0000 99e98601"
25.018500, 19.7498207092285, 25618893, 0, 0, "a2ff9d41 0000 cde98601"
25.018550, 28.8958587646484, 25618944, 0, 0, "b82ae741 0000 00ea8601"
25.018600, 40.0829277038574, 25618995, 1, TriggerDetected, "eb542042 0100 33ea8601"
25.018650, 23.0659141540527, 25619046, 0, 0, "fe86b841 0000 66ea8601"
25.018700, 23.8483905792236, 25619097, 0, 0, "81c9be41 0000 99ea8601"
25.018750, 40.3150177001953, 25619149, 1, TriggerDetected, "94422142 0100 cdea8601"
25.018800, 27.9555950164795, 25619200, 0, 0, "0fa5df41 0000 00eb8601"
25.018850, 20.1876564025879, 25619251, 0, 0, "5280a141 0000 33eb8601"
25.018900, 38.0163955688477, 25619302, 1, TriggerDetected, "ca101842 0100 66eb8601"
25.018950, 33.2405700683594, 25619353, 0, 0, "58f60442 0000 99eb8601"
25.019000, 18.770133972168, 25619405, 0, 0, "3c299641 0000 cdeb8601"
25.019050, 33.7184410095215, 25619456, 1, TriggerDetected, "afdf0642 0100 00ec8601"
25.019100, 37.6740913391113, 25619507, 0, 0, "45b21642 0000 33ec8601"
25.019150, 19.9414291381836, 25619558, 0, 0, "0c889f41 0000 66ec8601"
25.019200, 28.4560623168945, 25619609, 0, 0, "04a6e341 0000 99ec8601"
25.019250, 40.1998825073242, 25619661, 1, TriggerDetected, "aecc2042 0100 cdec8601"
25.019300, 23.4260177612305, 25619712, 0, 0, "7c68bb41 0000 00ed8601"
25.019350, 23.483118057251, 25619763, 0, 0, "6dddbb41 0000 33ed8601"
25.019400, 40.219799041748, 25619814, 1, TriggerDetected, "13e12042 0100 66ed8601"
25.019450, 28.3843059539795, 25619865, 0, 0, "0f13e341 0000 99ed8601"
25.019500, 19.9720516204834, 25619917, 0, 0, "c3c69f41 0000 cded8601"
25.019550, 37.7207489013672, 25619968, 1, TriggerDetected, "0ce21642 0100 00ee8601"
25.019600, 33.6540107727051, 25620019, 0, 0, "b59d0642 0000 33ee8601"
25.019650, 18.7672214508057, 25620070, 0, 0, "45239641 0000 66ee8601"
25.019700, 33.3058738708496, 25620121, 1, TriggerDetected, "37390542 0100 99ee8601"
25.019750, 37.9589424133301, 25620173, 0, 0, "f5d51742 0000 cdee8601"
25.019800, 20.1473903656006, 25620224, 0, 0, "db2da141 0000 00ef8601"
25.019850, 28.019100189209, 25620275, 0, 0, "1e27e041 0000 33ef8601"
25.019900, 40.2971649169922, 25620326, 1, TriggerDetected, "4c302142 0100 66ef8601"
25.019950, 23.7855777740479, 25620377, 0, 0, "dd48be41 0000 99ef8601"
25.020000, 23.1210403442383, 25620429, 0, 0, "e4f7b841 0000 cdef8601"
25.020050, 40.0955276489258, 25620480, 1, TriggerDetected, "d2612042 0100 00f08601"
25.020100, 28.8254337310791, 25620531, 0, 0, "7d9ae641 0000 33f08601"
25.020150, 19.777982711792, 25620582, 0, 0, "4f399e41 0000 66f08601"
25.020200, 37.4190559387207, 25620633, 1, TriggerDetected, "1dad1542 0100 99f08601"
25.020250, 34.0549812316895, 25620685, 0, 0, "4d380842 0000 cdf08601"
25.020300, 18.7837142944336, 25620736, 0, 0, "0c459641 0000 00f18601"
25.020350, 32.8891983032227, 25620787, 1, TriggerDetected, "8a8e0342 0100 33f18601"
25.020400, 38.2411270141602, 25620838, 0, 0, "eaf61842 0000 66f18601"
25.020450, 20.3688449859619, 25620889, 0, 0, "65f3a241 0000 99f18601"
25.020500, 27.5851993560791, 25620941, 0, 0, "7daedc41 0000 cdf18601"
25.020550, 40.3790130615234, 25620992, 1, TriggerDetected, "1c842142 0100 00f28601"
25.020600, 24.1637554168701, 25621043, 0, 0, "5f4fc141 0000 33f28601"
25.020650, 22.7754554748535, 25621094, 0, 0, "2234b641 0000 66f28601"
25.020700, 39.971752166748, 25621145, 1, TriggerDetected, "13e31f42 0100 99f28601"
25.020750, 29.2623424530029, 25621197, 0, 0, "4719ea41 0000 cdf28601"
25.020800, 19.6003761291504, 25621248, 0, 0, "92cd9c41 0000 00f38601"
25.020850, 37.1056175231934, 25621299, 1, TriggerDetected, "276c1442 0100 33f38601"
25.020900, 34.4518356323242, 25621350, 0, 0, "aece0942 0000 66f38601"
25.020950, 18.8125476837158, 25621401, 0, 0, "19809641 0000 99f38601"
25.021000, 32.4663848876953, 25621453, 1, TriggerDetected, "94dd0142 0100 cdf38601"
25.021050, 38.5034332275391, 25621504, 0, 0, "84031a42 0000 00f48601"
25.021100, 20.5992603302002, 25621555, 0, 0, "49cba441 0000 33f48601"
25.021150, 27.1543598175049, 25621606, 0, 0, "213cd941 0000 66f48601"
25.021200, 40.4474067687988, 25621657, 1, TriggerDetected, "25ca2142 0100 99f48601"
25.021250, 24.5504302978516, 25621709, 0, 0, "4867c441 0000 cdf48601"
25.021300, 22.4407691955566, 25621760, 0, 0, "b286b341 0000 00f58601"
25.021350, 39.8202972412109, 25621811, 1, TriggerDetected, "fc471f42 0100 33f58601"
25.021400, 29.7012672424316, 25621862, 0, 0, "329ced41 0000 66f58601"
25.021450, 19.4401798248291, 25621913, 0, 0, "7d859b41 0000 99f58601"
25.021500, 36.7807350158691, 25621965, 1, TriggerDetected, "791f1342 0100 cdf58601"
25.021550, 34.8457717895508, 25622016, 0, 0, "12620b42 0000 00f68601"
25.021600, 18.8677825927734, 25622067, 0, 0, "38f19641 0000 33f68601"
25.021650, 32.0368537902832, 25622118, 1, TriggerDetected, "bd250042 0100 66f68601"
25.021700, 38.7521362304688, 25622169, 0, 0, "30021b42 0000 99f68601"
25.021750, 20.8602905273438, 25622221, 0, 0, "e0e1a641 0000 cdf68601"
25.021800, 26.7304382324219, 25622272, 0, 0, "f0d7d541 0000 00f78601"
25.021850, 40.4916038513184, 25622323, 1, TriggerDetected, "67f72142 0100 33f78601"
25.021900, 24.9395503997803, 25622374, 0, 0, "3384c741 0000 66f78601"
25.021950, 22.1167907714844, 25622425, 0, 0, "30efb041 0000 99f78601"
25.022000, 39.6565093994141, 25622477, 1, TriggerDetected, "44a01e42 0100 cdf78601"
25.022050, 30.1433620452881, 25622528, 0, 0, "9b25f141 0000 00f88601"
25.022100, 19.2953090667725, 25622579, 0, 0, "cb5c9a41 0000 33f88601"
25.022150, 36.4382743835449, 25622630, 1, TriggerDetected, "cbc01142 0100 66f88601"
25.022200, 35.2262115478516, 25622681, 0, 0, "a4e70c42 0000 99f88601"
25.022250, 18.939022064209, 25622733, 0, 0, "1e839741 0000 cdf88601"
25.022300, 31.6085834503174, 25622784, 1, TriggerDetected, "61defc41 0100 00f98601"
25.022350, 38.9857330322266, 25622835, 0, 0, "64f11b42 0000 33f98601"
25.022400, 21.1280403137207, 25622886, 0, 0, "3a06a941 0000 66f98601"
25.022450, 26.3101673126221, 25622937, 0, 0, "397bd241 0000 99f98601"
25.022500, 40.5226821899414, 25622989, 1, TriggerDetected, "3a172242 0100 cdf98601"
25.022550, 25.3433856964111, 25623040, 0, 0, "41bfca41 0000 00fa8601"
25.022600, 21.8054885864258, 25623091, 0, 0, "a471ae41 0000 33fa8601"
25.022650, 39.4753265380859, 25623142, 1, TriggerDetected, "bce61d42 0100 66fa8601"
25.022700, 30.5807819366455, 25623193, 0, 0, "71a5f441 0000 99fa8601"
25.022750, 19.1663856506348, 25623245, 0, 0, "c2549941 0000 cdfa8601"
25.022800, 36.0865745544434, 25623296, 1, TriggerDetected, "a7581042 0100 00fb8601"
25.022850, 35.6013069152832, 25623347, 0, 0, "bd670e42 0000 33fb8601"
25.022900, 19.0257511138916, 25623398, 0, 0, "bd349841 0000 66fb8601"
25.022950, 31.1736965179443, 25623449, 1, TriggerDetected, "bb63f941 0100 99fb8601"
25.023000, 39.2022361755371, 25623501, 0, 0, "17cf1c42 0000 cdfb8601"
25.023050, 21.4010143280029, 25623552, 0, 0, "4735ab41 0000 00fc8601"
25.023100, 25.8944206237793, 25623603, 0, 0, "c627cf41 0000 33fc8601"
25.023150, 40.5354385375977, 25623654, 1, TriggerDetected, "4a242242 0100 66fc8601"
25.023200, 25.7462749481201, 25623705, 0, 0, "5ff8cd41 0000 99fc8601"
25.023250, 21.5068378448486, 25623757, 0, 0, "010eac41 0000 cdfc8601"
25.023300, 39.2770462036133, 25623808, 1, TriggerDetected, "b21b1d42 0100 00fd8601"
25.023350, 31.0235176086426, 25623859, 0, 0, "2a30f841 0000 33fd8601"
25.023400, 19.0577526092529, 25623910, 0, 0, "47769841 0000 66fd8601"
25.023450, 35.7309150695801, 25623961, 1, TriggerDetected, "75ec0e42 0100 99fd8601"
25.023500, 35.9646949768066, 25624013, 0, 0, "d9db0f42 0000 cdfd8601"
25.023550, 19.1310558319092, 25624064, 0, 0, "670c9941 0000 00fe8601"
25.023600, 30.7374076843262, 25624115, 1, TriggerDetected, "36e6f541 0100 33fe8601"
25.023650, 39.4090194702148, 25624166, 0, 0, "d6a21d42 0000 66fe8601"
25.023700, 21.7007617950439, 25624217, 0, 0, "299bad41 0000 99fe8601"
25.023750, 25.4841709136963, 25624269, 0, 0, "95dfcb41 0000 cdfe8601"
25.023800, 40.5300712585449, 25624320, 1, TriggerDetected, "cb1e2242 0100 00ff8601"
25.023850, 26.1661624908447, 25624371, 0, 0, "4d54d141 0000 33ff8601"
25.023900, 21.219934463501, 25624422, 0, 0, "6dc2a941 0000 66ff8601"
25.023950, 39.067253112793, 25624473, 1, TriggerDetected, "de441c42 0100 99ff8601"
25.024000, 31.452672958374, 25624525, 0, 0, "139ffb41 0000 cdff8601"
25.024050, 18.9639148712158, 25624576, 0, 0, "19b69741 0000 00008701"
25.024100, 35.3630104064941, 25624627, 1, TriggerDetected, "b9730d42 0100 33008701"
25.024150, 36.3216705322266, 25624678, 0, 0, "64491142 0000 66008701"
25.024200, 19.2515640258789, 25624729, 0, 0, "34039a41 0000 99008701"
25.024250, 30.29860496521, 25624781, 1, TriggerDetected, "8b63f241 0100 cd008701"
25.024300, 39.5971603393555, 25624832, 0, 0, "7e631e42 0000 00018701"
25.024350, 22.0114078521729, 25624883, 0, 0, "5d17b041 0000 33018701"
25.024400, 25.0823383331299, 25624934, 0, 0, "a1a8c841 0000 66018701"
25.024450, 40.5121841430664, 25624985, 1, TriggerDetected, "7a0c2242 0100 99018701"
25.024500, 26.5852909088135, 25625037, 0, 0, "adaed441 0000 cd018701"
25.024550, 20.9526901245117, 25625088, 0, 0, "1c9fa741 0000 00028701"
25.024600, 38.8388710021973, 25625139, 1, TriggerDetected, "015b1b42 0100 33028701"
25.024650, 31.8894424438477, 25625190, 0, 0, "941dff41 0000 66028701"
25.024700, 18.8911647796631, 25625241, 0, 0, "1b219741 0000 99028701"
25.024750, 34.9835166931152, 25625293, 1, TriggerDetected, "1fef0b42 0100 cd028701"
25.024800, 36.6546096801758, 25625344, 0, 0, "529e1242 0000 00038701"
25.024850, 19.3879299163818, 25625395, 0, 0, "7b1a9b41 0000 33038701"
25.024900, 29.859655380249, 25625446, 0, 0, "93e0ee41 0000 66038701"
25.024950, 39.7636337280273, 25625497, 1, TriggerDetected, "f60d1f42 0100 99038701"
25.025000, 22.3262615203857, 25625549, 0, 0, "2f9cb241 0000 cd038701"
25.025050, 24.6867198944092, 25625600, 0, 0, "677ec541 0000 00048701"
25.025100, 40.4591789245605, 25625651, 1, TriggerDetected, "33d62142 0100 33048701"
25.025150, 27.0053157806396, 25625702, 0, 0, "e30ad841 0000 66048701"
25.025200, 20.6926364898682, 25625753, 0, 0, "858aa541 0000 99048701"
25.025250, 38.5914764404297, 25625805, 1, TriggerDetected, "ac5d1a42 0100 cd048701"
25.025300, 32.3123359680176, 25625856, 0, 0, "d53f0142 0000 00058701"
25.025350, 18.8294372558594, 25625907, 0, 0, "b0a29641 0000 33058701"
25.025400, 34.587287902832, 25625958, 1, TriggerDetected, "62590a42 0100 66058701"
25.025450, 36.9892387390137, 25626009, 0, 0, "fbf41342 0000 99058701"
25.025500, 19.5420112609863, 25626061, 0, 0, "0a569c41 0000 cd058701"
25.025550, 29.4238414764404, 25626112, 0, 0, "0764eb41 0000 00068701"
25.025600, 39.9170036315918, 25626163, 1, TriggerDetected, "03ab1f42 0100 33068701"
25.025650, 22.6549224853516, 25626214, 0, 0, "483db541 0000 66068701"
25.025700, 24.295524597168, 25626265, 0, 0, "3c5dc241 0000 99068701"
25.025750, 40.4091491699219, 25626317, 1, TriggerDetected, "f8a22142 0100 cd068701"
25.025800, 27.4333477020264, 25626368, 0, 0, "7f77db41 0000 00078701"
25.025850, 20.4484481811523, 25626419, 0, 0, "6c96a341 0000 33078701"
25.025900, 38.3308334350586, 25626470, 1, TriggerDetected, "c6521942 0100 66078701"
25.025950, 32.7364501953125, 25626521, 0, 0, "20f20242 0000 99078701"
25.026000, 18.791374206543, 25626573, 0, 0, "bc549641 0000 cd078701"
25.026050, 34.1983871459961, 25626624, 1, TriggerDetected, "26cb0842 0100 00088701"
25.026100, 37.3054809570313, 25626675, 0, 0, "d0381542 0000 33088701"
25.026150, 19.7104873657227, 25626726, 0, 0, "14af9d41 0000 66088701"
25.026200, 28.9771728515625, 25626777, 0, 0, "40d1e741 0000 99088701"
25.026250, 40.0562400817871, 25626829, 1, TriggerDetected, "97392042 0100 cd088701"
25.026300, 22.9983539581299, 25626880, 0, 0, "a1fcb741 0000 00098701"
25.026350, 23.9182147979736, 25626931, 0, 0, "8158bf41 0000 33098701"
25.026400, 40.3287010192871, 25626982, 1, TriggerDetected, "97502142 0100 66098701"
25.026450, 27.8615818023682, 25627033, 0, 0, "85e4de41 0000 99098701"
25.026500, 20.2205562591553, 25627085, 0, 0, "b3c3a141 0000 cd098701"
25.026550, 38.0610580444336, 25627136, 1, TriggerDetected, "863e1842 0100 000a8701"
25.026600, 33.1547012329102, 25627187, 0, 0, "6a9e0442 0000 330a8701"
25.026650, 18.764591217041, 25627238, 0, 0, "e21d9641 0000 660a8701"
25.026700, 33.7925910949707, 25627289, 1, TriggerDetected, "9d2b0742 0100 990a8701"
25.026750, 37.6106185913086, 25627341, 0, 0, "46711642 0000 cd0a8701"
25.026800, 19.8966312408447, 25627392, 0, 0, "4d2c9f41 0000 000b8701"
25.026850, 28.5383796691895, 25627443, 0, 0, "9a4ee441 0000 330b8701"
25.026900, 40.1749992370605, 25627494, 1, TriggerDetected, "33b32042 0100 660b8701"
25.026950, 23.3504390716553, 25627545, 0, 0, "b3cdba41 0000 990b8701"
25.027000, 23.5510559082031, 25627597, 0, 0, "9068bc41 0000 cd0b8701"
25.027050, 40.2378845214844, 25627648, 1, TriggerDetected, "98f32042 0100 000c8701"
25.027100, 28.302282333374, 25627699, 0, 0, "136be241 0000 330c8701"
25.027150, 20.0112400054932, 25627750, 0, 0, "0517a041 0000 660c8701"
25.027200, 37.776782989502, 25627801, 1, TriggerDetected, "6d1b1742 0100 990c8701"
25.027250, 33.5703430175781, 25627853, 0, 0, "08480642 0000 cd0c8701"
25.027300, 18.7638149261475, 25627904, 0, 0, "4b1c9641 0000 000d8701"
25.027350, 33.3846473693848, 25627955, 1, TriggerDetected, "e1890542 0100 330d8701"
25.027400, 37.908130645752, 25628006, 0, 0, "eda11742 0000 660d8701"
25.027450, 20.1065101623535, 25628057, 0, 0, "22daa041 0000 990d8701"
25.027500, 28.1040306091309, 25628109, 0, 0, "0ed5e041 0000 cd0d8701"
25.027550, 40.2735862731934, 25628160, 1, TriggerDetected, "27182142 0100 000e8701"
25.027600, 23.7198829650879, 25628211, 0, 0, "52c2bd41 0000 330e8701"
25.027650, 23.1938667297363, 25628262, 0, 0, "0a8db941 0000 660e8701"
25.027700, 40.1271209716797, 25628313, 1, TriggerDetected, "2c822042 0100 990e8701"
25.027750, 28.7375965118408, 25628365, 0, 0, "99e6e541 0000 cd0e8701"
25.027800, 19.8142585754395, 25628416, 0, 0, "9a839e41 0000 000f8701"
25.027850, 37.475772857666, 25628467, 1, TriggerDetected, "31e71542 0100 330f8701"
25.027900, 33.9817504882813, 25628518, 0, 0, "50ed0742 0000 660f8701"
25.027950, 18.7770442962646, 25628569, 0, 0, "63379641 0000 990f8701"
25.028000, 32.9711303710938, 25628621, 1, TriggerDetected, "70e20342 0100 cd0f8701"
25.028050, 38.1863784790039, 25628672, 0, 0, "dabe1842 0000 00108701"
25.028100, 20.326244354248, 25628723, 0, 0, "269ca241 0000 33108701"
25.028150, 27.67356300354, 25628774, 0, 0, "7563dd41 0000 66108701"
25.028200, 40.3697166442871, 25628825, 1, TriggerDetected, "977a2142 0100 99108701"
25.028250, 24.091739654541, 25628877, 0, 0, "e2bbc041 0000 cd108701"
25.028300, 22.8439960479736, 25628928, 0, 0, "81c0b641 0000 00118701"
25.028350, 39.9947166442871, 25628979, 1, TriggerDetected, "97fa1f42 0100 33118701"
25.028400, 29.181396484375, 25629030, 0, 0, "8073e941 0000 66118701"
25.028450, 19.6352062225342, 25629081, 0, 0, "e7149d41 0000 99118701"
25.028500, 37.1649971008301, 25629133, 1, TriggerDetected, "f5a81442 0100 cd118701"
25.028550, 34.3791770935059, 25629184, 0, 0, "47840942 0000 00128701"
25.028600, 18.8104839324951, 25629235, 0, 0, "df7b9641 0000 33128701"
25.028650, 32.5494728088379, 25629286, 1, TriggerDetected, "a9320242 0100 66128701"
25.028700, 38.4569664001465, 25629337, 0, 0, "efd31942 0000 99128701"
25.028750, 20.56227684021, 25629389, 0, 0, "8b7fa441 0000 cd128701"
25.028800, 27.2389583587646, 25629440, 0, 0, "63e9d941 0000 00138701"
25.028850, 40.4314422607422, 25629491, 1, TriggerDetected, "ccb92142 0100 33138701"
25.028900, 24.4734859466553, 25629542, 0, 0, "b3c9c341 0000 66138701"
25.028950, 22.5048274993896, 25629593, 0, 0, "e309b441 0000 99138701"
25.029000, 39.8553199768066, 25629645, 1, TriggerDetected, "d96b1f42 0100 cd138701"
25.029050, 29.6172618865967, 25629696, 0, 0, "27f0ec41 0000 00148701"
25.029100, 19.4684925079346, 25629747, 0, 0, "79bf9b41 0000 33148701"
25.029150, 36.8388481140137, 25629798, 1, TriggerDetected, "fb5a1342 0100 66148701"
25.029200, 34.7697906494141, 25629849, 0, 0, "44140b42 0000 99148701"
25.029250, 18.8567562103271, 25629901, 0, 0, "a3da9641 0000 cd148701"
25.029300, 32.1205177307129, 25629952, 1, TriggerDetected, "697b0042 0100 00158701"
25.029350, 38.7028770446777, 25630003, 0, 0, "bfcf1a42 0000 33158701"
25.029400, 20.8089847564697, 25630054, 0, 0, "cd78a641 0000 66158701"
25.029450, 26.8131732940674, 25630105, 0, 0, "6181d641 0000 99158701"
25.029500, 40.4870491027832, 25630157, 1, TriggerDetected, "bdf22142 0100 cd158701"
25.029550, 24.8663558959961, 25630208, 0, 0, "4ceec641 0000 00168701"
25.029600, 22.1804466247559, 25630259, 0, 0, "8e71b141 0000 33168701"
25.029650, 39.6905403137207, 25630310, 1, TriggerDetected, "1dc31e42 0100 66168701"
25.029700, 30.0636577606201, 25630361, 0, 0, "5f82f041 0000 99168701"
25.029750, 19.3226375579834, 25630413, 0, 0, "c3949a41 0000 cd168701"
25.029800, 36.5034217834473, 25630464, 1, TriggerDetected, "81031242 0100 00178701"
25.029850, 35.1549072265625, 25630515, 0, 0, "a09e0c42 0000 33178701"
25.029900, 18.9223251342773, 25630566, 0, 0, "ec609741 0000 66178701"
25.029950, 31.6885547637939, 25630617, 1, TriggerDetected, "2982fd41 0100 99178701"
25.030000, 38.9425926208496, 25630669, 0, 0, "37c51b42 0000 cd178701"
25.030050, 21.0728950500488, 25630720, 0, 0, "4a95a841 0000 00188701"
25.030100, 26.3915157318115, 25630771, 0, 0, "d321d341 0000 33188701"
25.030150, 40.5145683288574, 25630822, 1, TriggerDetected, "eb0e2242 0100 66188701"
25.030200, 25.2589588165283, 25630873, 0, 0, "5912ca41 0000 99188701"
25.030250, 21.8663673400879, 25630925, 0, 0, "52eeae41 0000 cd188701"
25.030300, 39.5160446166992, 25630976, 1, TriggerDetected, "6e101e42 0100 00198701"
25.030350, 30.4996738433838, 25631027, 0, 0, "55fff341 0000 33198701"
25.030400, 19.1925239562988, 25631078, 0, 0, "4a8a9941 0000 66198701"
25.030450, 36.1623725891113, 25631129, 1, TriggerDetected, "45a61042 0100 99198701"
25.030500, 35.5308723449707, 25631181, 0, 0, "9d1f0e42 0000 cd198701"
25.030550, 19.0054454803467, 25631232, 0, 0, "270b9841 0000 001a8701"
25.030600, 31.2635936737061, 25631283, 1, TriggerDetected, "d71bfa41 0100 331a8701"
25.030650, 39.1629295349121, 25631334, 0, 0, "d7a61c42 0000 661a8701"
25.030700, 21.3484344482422, 25631385, 0, 0, "98c9aa41 0000 991a8701"
25.030750, 25.9759769439697, 25631437, 0, 0, "cdcecf41 0000 cd1a8701"
25.030800, 40.5347366333008, 25631488, 1, TriggerDetected, "92232242 0100 001b8701"
25.030850, 25.674861907959, 25631539, 0, 0, "1e66cd41 0000 331b8701"
25.030900, 21.5703125, 25631590, 0, 0, "0090ac41 0000 661b8701"
25.030950, 39.3200302124023, 25631641, 1, TriggerDetected, "b6471d42 0100 991b8701"
25.031000, 30.9351367950439, 25631693, 0, 0, "297bf741 0000 cd1b8701"
25.031050, 19.080997467041, 25631744, 0, 0, "e2a59841 0000 001c8701"
25.031100, 35.8035888671875, 25631795, 1, TriggerDetected, "e0360f42 0100 331c8701"
25.031150, 35.8926239013672, 25631846, 0, 0, "0c920f42 0000 661c8701"
25.031200, 19.111349105835, 25631897, 0, 0, "0be49841 0000 991c8701"
25.031250, 30.8261966705322, 25631949, 1, TriggerDetected, "0d9cf641 0100 cd1c8701"
25.031300, 39.373218536377, 25632000, 0, 0, "2d7e1d42 0000 001d8701"
25.031350, 21.6457080841064, 25632051, 0, 0, "692aad41 0000 331d8701"
25.031400, 25.5643825531006, 25632102, 0, 0, "db83cc41 0000 661d8701"
25.031450, 40.5319519042969, 25632153, 1, TriggerDetected, "b8202242 0100 991d8701"
25.031500, 26.0806541442871, 25632205, 0, 0, "2ea5d041 0000 cd1d8701"
25.031550, 21.2789249420166, 25632256, 0, 0, "3d3baa41 0000 001e8701"
25.031600, 39.1105499267578, 25632307, 1, TriggerDetected, "34711c42 0100 331e8701"
25.031650, 31.3721771240234, 25632358, 0, 0, "38fafa41 0000 661e8701"
25.031700, 18.9854183197021, 25632409, 0, 0, "23e29741 0000 991e8701"
25.031750, 35.4376602172852, 25632461, 1, TriggerDetected, "2ac00d42 0100 cd1e8701"
25.031800, 36.2492866516113, 25632512, 0, 0, "45ff1042 0000 001f8701"
25.031850, 19.2294750213623, 25632563, 0, 0, "f7d59941 0000 331f8701"
25.031900, 30.3887901306152, 25632614, 1, TriggerDetected, "3e1cf341 0100 661f8701"
25.031950, 39.5625686645508, 25632665, 0, 0, "12401e42 0000 991f8701"
25.032000, 21.9458770751953, 25632717, 0, 0, "2891af41 0000 cd1f8701"
25.032050, 25.1603355407715, 25632768, 0, 0, "5e48c941 0000 00208701"
25.032100, 40.5092315673828, 25632819, 1, TriggerDetected, "74092242 0100 33208701"
25.032150, 26.5013179779053, 25632870, 0, 0, "b302d441 0000 66208701"
25.032200, 21.0043964385986, 25632921, 0, 0, "0109a841 0000 99208701"
25.032250, 38.8851203918457, 25632973, 1, TriggerDetected, "5d8a1b42 0100 cd208701"
25.032300, 31.8042526245117, 25633024, 0, 0, "1c6ffe41 0000 00218701"
25.032350, 18.9047794342041, 25633075, 0, 0, "fd3c9741 0000 33218701"
25.032400, 35.0553703308105, 25633126, 1, TriggerDetected, "b3380c42 0100 66218701"
25.032450, 36.5930709838867, 25633177, 0, 0, "4e5f1242 0000 99218701"
25.032500, 19.3596076965332, 25633229, 0, 0, "7ae09a41 0000 cd218701"
25.032550, 29.9423789978027, 25633280, 0, 0, "fe89ef41 0000 00228701"
25.032600, 39.7298622131348, 25633331, 1, TriggerDetected, "61eb1e42 0100 33228701"
25.032650, 22.2636432647705, 25633382, 0, 0, "f11bb241 0000 66228701"
25.032700, 24.7650547027588, 25633433, 0, 0, "d51ec641 0000 99228701"
25.032750, 40.4741325378418, 25633485, 1, TriggerDetected, "83e52142 0100 cd228701"
25.032800, 26.9262046813965, 25633536, 0, 0, "de68d741 0000 00238701"
25.032850, 20.7422428131104, 25633587, 0, 0, "1df0a541 0000 33238701"
25.032900, 38.6393432617188, 25633638, 1, TriggerDetected, "b08e1a42 0100 66238701"
25.032950, 32.230712890625, 25633689, 0, 0, "40ec0042 0000 99238701"
25.033000, 18.8471260070801, 25633741, 0, 0, "eac69641 0000 cd238701"
25.033050, 34.674373626709, 25633792, 1, TriggerDetected, "8fb20a42 0100 00248701"
25.033100, 36.9274215698242, 25633843, 0, 0, "aeb51342 0000 33248701"
25.033150, 19.5155715942383, 25633894, 0, 0, "e41f9c41 0000 66248701"
25.033200, 29.5039100646973, 25633945, 0, 0, "0208ec41 0000 99248701"
25.033250, 39.8938751220703, 25633997, 1, TriggerDetected, "54931f42 0100 cd248701"
25.033300, 22.5969924926758, 25634048, 0, 0, "a4c6b441 0000 00258701"
25.033350, 24.3722190856934, 25634099, 0, 0, "4efac241 0000 33258701"
25.033400, 40.4155502319336, 25634150, 1, TriggerDetected, "86a92142 0100 66258701"
25.033450, 27.3482303619385, 25634201, 0, 0, "2dc9da41 0000 99258701"
25.033500, 20.4976463317871, 25634253, 0, 0, "2efba341 0000 cd258701"
25.033550, 38.3893089294434, 25634304, 1, TriggerDetected, "a78e1942 0100 00268701"
25.033600, 32.6572685241699, 25634355, 0, 0, "0ba10242 0000 33268701"
25.033650, 18.7995834350586, 25634406, 0, 0, "8c659641 0000 66268701"
25.033700, 34.2756423950195, 25634457, 1, TriggerDetected, "421a0942 0100 99268701"
25.033750, 37.2505722045898, 25634509, 0, 0, "96001542 0000 cd268701"
25.033800, 19.677806854248, 25634560, 0, 0, "266c9d41 0000 00278701"
25.033850, 29.0682487487793, 25634611, 0, 0, "c68be841 0000 33278701"
25.033900, 40.0267143249512, 25634662, 1, TriggerDetected, "5b1b2042 0100 66278701"
25.033950, 22.9361248016357, 25634713, 0, 0, "2f7db741 0000 99278701"
25.034000, 23.9918346405029, 25634765, 0, 0, "47efbf41 0000 cd278701"
25.034050, 40.3480415344238, 25634816, 1, TriggerDetected, "65642142 0100 00288701"
25.034100, 27.7849998474121, 25634867, 0, 0, "ae47de41 0000 33288701"
25.034150, 20.2674236297607, 25634918, 0, 0, "af23a241 0000 66288701"
25.034200, 38.1115341186523, 25634969, 1, TriggerDetected, "36721842 0100 99288701"
25.034250, 33.076343536377, 25635021, 0, 0, "2d4e0442 0000 cd288701"
25.034300, 18.7741966247559, 25635072, 0, 0, "8e319641 0000 00298701"
25.034350, 33.8747749328613, 25635123, 1, TriggerDetected, "c57f0742 0100 33298701"
25.034400, 37.5537948608398, 25635174, 0, 0, "16371642 0000 66298701"
25.034450, 19.861888885498, 25635225, 0, 0, "26e59e41 0000 99298701"
25.034500, 28.6255989074707, 25635277, 0, 0, "3a01e541 0000 cd298701"
25.034550, 40.1564178466797, 25635328, 1, TriggerDetected, "2ca02042 0100 002a8701"
25.034600, 23.2863082885742, 25635379, 0, 0, "5c4aba41 0000 332a8701"
25.034650, 23.6246128082275, 25635430, 0, 0, "35ffbc41 0000 662a8701"
25.034700, 40.2579040527344, 25635481, 1, TriggerDetected, "18082142 0100 992a8701"
25.034750, 28.219747543335, 25635533, 0, 0, "0bc2e141 0000 cd2a8701"
25.034800, 20.0565738677979, 25635584, 0, 0, "dd73a041 0000 002b8701"
25.034850, 37.8380813598633, 25635635, 1, TriggerDetected, "325a1742 0100 332b8701"
25.034900, 33.4940757751465, 25635686, 0, 0, "eff90542 0000 662b8701"
25.034950, 18.7691173553467, 25635737, 0, 0, "27279641 0000 992b8701"
25.035000, 33.4645004272461, 25635789, 1, TriggerDetected, "a6db0542 0100 cd2b8701"
25.035050, 37.8513488769531, 25635840, 0, 0, "c8671742 0000 002c8701"
25.035100, 20.069019317627, 25635891, 0, 0, "5a8da041 0000 332c8701"
25.035150, 28.1925773620605, 25635942, 0, 0, "668ae141 0000 662c8701"
25.035200, 40.2630920410156, 25635993, 1, TriggerDetected, "680d2142 0100 992c8701"
25.035250, 23.6464233398438, 25636045, 0, 0, "e02bbd41 0000 cd2c8701"
25.035300, 23.2615299224854, 25636096, 0, 0, "9d17ba41 0000 002d8701"
25.035350, 40.1521797180176, 25636147, 1, TriggerDetected, "d59b2042 0100 332d8701"
25.035400, 28.655366897583, 25636198, 0, 0, "313ee541 0000 662d8701"
25.035450, 19.8488655090332, 25636249, 0, 0, "7aca9e41 0000 992d8701"
25.035500, 37.5385475158691, 25636301, 1, TriggerDetected, "79271642 0100 cd2d8701"
25.035550, 33.8998069763184, 25636352, 0, 0, "67990742 0000 002e8701"
25.035600, 18.7732830047607, 25636403, 0, 0, "af2f9641 0000 332e8701"
25.035650, 33.0542030334473, 25636454, 1, TriggerDetected, "81370442 0100 662e8701"
25.035700, 38.1364097595215, 25636505, 0, 0, "af8b1842 0000 992e8701"
25.035750, 20.286003112793, 25636557, 0, 0, "bc49a241 0000 cd2e8701"
25.035800, 27.7568435668945, 25636608, 0, 0, "040ede41 0000 002f8701"
25.035850, 40.3578643798828, 25636659, 1, TriggerDetected, "746e2142 0100 332f8701"
25.035900, 24.0266399383545, 25636710, 0, 0, "8f36c041 0000 662f8701"
25.035950, 22.9139652252197, 25636761, 0, 0, "cd4fb741 0000 992f8701"
25.036000, 40.0254287719727, 25636813, 1, TriggerDetected, "0a1a2042 0100 cd2f8701"
25.036050, 29.0946578979492, 25636864, 0, 0, "dcc1e841 0000 00308701"
25.036100, 19.6739177703857, 25636915, 0, 0, "2f649d41 0000 33308701"
25.036150, 37.2318420410156, 25636966, 1, TriggerDetected, "68ed1442 0100 66308701"
25.036200, 34.3060111999512, 25637017, 0, 0, "5b390942 0000 99308701"
25.036250, 18.8025169372559, 25637069, 0, 0, "8e6b9641 0000 cd308701"
25.036300, 32.6319351196289, 25637120, 1, TriggerDetected, "1a870242 0100 00318701"
25.036350, 38.4002418518066, 25637171, 0, 0, "d9991942 0000 33318701"
25.036400, 20.5112133026123, 25637222, 0, 0, "f716a441 0000 66318701"
25.036450, 27.3212947845459, 25637273, 0, 0, "0392da41 0000 99318701"
25.036500, 40.4218254089355, 25637325, 1, TriggerDetected, "f3af2142 0100 cd318701"
25.036550, 24.3937740325928, 25637376, 0, 0, "7326c341 0000 00328701"
25.036600, 22.5680294036865, 25637427, 0, 0, "538bb441 0000 33328701"
25.036650, 39.8798789978027, 25637478, 1, TriggerDetected, "ff841f42 0100 66328701"
25.036700, 29.5358409881592, 25637529, 0, 0, "6749ec41 0000 99328701"
25.036750, 19.5027923583984, 25637581, 0, 0, "b8059c41 0000 cd328701"
25.036800, 36.908634185791, 25637632, 1, TriggerDetected, "71a21342 0100 00338701"
25.036850, 34.6921005249023, 25637683, 0, 0, "b6c40a42 0000 33338701"
25.036900, 18.8438472747803, 25637734, 0, 0, "33c09641 0000 66338701"
25.036950, 32.2042427062988, 25637785, 1, TriggerDetected, "25d10042 0100 99338701"
25.037000, 38.659122467041, 25637837, 0, 0, "f1a21a42 0000 cd338701"
25.037050, 20.7629909515381, 25637888, 0, 0, "9b1aa641 0000 00348701"
25.037100, 26.8968162536621, 25637939, 0, 0, "ae2cd741 0000 33348701"
25.037150, 40.4733810424805, 25637990, 1, TriggerDetected, "bee42142 0100 66348701"
25.037200, 24.7878284454346, 25638041, 0, 0, "794dc641 0000 99348701"
25.037250, 22.2376651763916, 25638093, 0, 0, "bde6b141 0000 cd348701"
25.037300, 39.7235221862793, 25638144, 1, TriggerDetected, "e3e41e42 0100 00358701"
25.037350, 29.973295211792, 25638195, 0, 0, "4fc9ef41 0000 33358701"
25.037400, 19.3486881256104, 25638246, 0, 0, "1dca9a41 0000 66358701"
25.037450, 36.5697059631348, 25638297, 1, TriggerDetected, "61471242 0100 99358701"
25.037500, 35.0806427001953, 25638349, 0, 0, "94520c42 0000 cd358701"
25.037550, 18.9069595336914, 25638400, 0, 0, "74419741 0000 00368701"
25.037600, 31.7731113433838, 25638451, 1, TriggerDetected, "552ffe41 0100 33368701"
25.037650, 38.8930549621582, 25638502, 0, 0, "7d921b42 0000 66368701"
25.037700, 21.0204372406006, 25638553, 0, 0, "db29a841 0000 99368701"
25.037750, 26.4707908630371, 25638605, 0, 0, "2ec4d341 0000 cd368701"
25.037800, 40.513256072998, 25638656, 1, TriggerDetected, "930d2242 0100 00378701"
25.037850, 25.1838684082031, 25638707, 0, 0, "9078c941 0000 33378701"
25.037900, 21.918550491333, 25638758, 0, 0, "3159af41 0000 66378701"
25.037950, 39.545524597168, 25638809, 1, TriggerDetected, "9e2e1e42 0100 99378701"
25.038000, 30.415807723999, 25638861, 0, 0, "9353f341 0000 cd378701"
25.038050, 19.2170886993408, 25638912, 0, 0, "99bc9941 0000 00388701"
25.038100, 36.226676940918, 25638963, 1, TriggerDetected, "1ee81042 0100 33388701"
25.038150, 35.4528045654297, 25639014, 0, 0, "accf0d42 0000 66388701"
25.038200, 18.9857807159424, 25639065, 0, 0, "e1e29741 0000 99388701"
25.038250, 31.3412780761719, 25639117, 1, TriggerDetected, "f0bafa41 0100 cd388701"
25.038300, 39.123950958252, 25639168, 0, 0, "ed7e1c42 0000 00398701"
25.038350, 21.2968120574951, 25639219, 0, 0, "df5faa41 0000 33398701"
25.038400, 26.0513725280762, 25639270, 0, 0, "3669d041 0000 66398701"
25.038450, 40.5290489196777, 25639321, 1, TriggerDetected, "bf1d2242 0100 99398701"
25.038500, 25.5912857055664, 25639373, 0, 0, "f4bacc41 0000 cd398701"
25.038550, 21.6225357055664, 25639424, 0, 0, "f4faac41 0000 003a8701"
25.038600, 39.3589782714844, 25639475, 1, TriggerDetected, "986f1d42 0100 333a8701"
25.038650, 30.849178314209, 25639526, 0, 0, "1ecbf641 0000 663a8701"
25.038700, 19.0967922210693, 25639577, 0, 0, "3bc69841 0000 993a8701"
25.038750, 35.8689575195313, 25639629, 1, TriggerDetected, "d0790f42 0100 cd3a8701"
25.038800, 35.8231239318848, 25639680, 0, 0, "e14a0f42 0000 003b8701"
25.038850, 19.0814056396484, 25639731, 0, 0, "b8a69841 0000 333b8701"
25.038900, 30.902400970459, 25639782, 1, TriggerDetected, "1e38f741 0100 663b8701"
25.038950, 39.3259391784668, 25639833, 0, 0, "c34d1d42 0000 993b8701"
25.039000, 21.5781707763672, 25639885, 0, 0, "18a0ac41 0000 cd3b8701"
25.039050, 25.6398754119873, 25639936, 0, 0, "771ecd41 0000 003c8701"
25.039100, 40.5327796936035, 25639987, 1, TriggerDetected, "91212242 0100 333c8701"
25.039150, 25.9972171783447, 25640038, 0, 0, "4dfacf41 0000 663c8701"
25.039200, 21.326322555542, 25640089, 0, 0, "4f9caa41 0000 993c8701"
25.039250, 39.143138885498, 25640141, 1, TriggerDetected, "93921c42 0100 cd3c8701"
25.039300, 31.2829666137695, 25640192, 0, 0, "8443fa41 0000 003d8701"
25.039350, 18.9960117340088, 25640243, 0, 0, "d5f79741 0000 333d8701"
25.039400, 35.5040740966797, 25640294, 1, TriggerDetected, "2c040e42 0100 663d8701"
25.039450, 36.1798324584961, 25640345, 0, 0, "26b81042 0000 993d8701"
25.039500, 19.198543548584, 25640397, 0, 0, "9e969941 0000 cd3d8701"
25.039550, 30.4634342193604, 25640448, 1, TriggerDetected, "1db5f341 0100 003e8701"
25.039600, 39.5180816650391, 25640499, 0, 0, "84121e42 0000 333e8701"
25.039650, 21.8827037811279, 25640550, 0, 0, "c70faf41 0000 663e8701"
25.039700, 25.2325611114502, 25640601, 0, 0, "49dcc941 0000 993e8701"
25.039750, 40.5129432678223, 25640653, 1, TriggerDetected, "410d2242 0100 cd3e8701"
25.039800, 26.4157180786133, 25640704, 0, 0, "6453d341 0000 003f8701"
25.039850, 21.0469856262207, 25640755, 0, 0, "3a60a841 0000 333f8701"
25.039900, 38.9224891662598, 25640806, 1, TriggerDetected, "a1b01b42 0100 663f8701"
25.039950, 31.7209053039551, 25640857, 0, 0, "6ac4fd41 0000 993f8701"
25.040000, 18.9167823791504, 25640909, 0, 0, "92559741 0000 cd3f8701"
25.040050, 35.1253395080566, 25640960, 1, TriggerDetected, "59800c42 0100 00408701"
25.040100, 36.5227737426758, 25641011, 0, 0, "52171242 0000 33408701"
25.040150, 19.3295078277588, 25641062, 0, 0, "d5a29a41 0000 66408701"
25.040200, 30.0295600891113, 25641113, 1, TriggerDetected, "8a3cf041 0100 99408701"
25.040250, 39.700553894043, 25641165, 0, 0, "5ecd1e42 0000 cd408701"
25.040300, 22.2021675109863, 25641216, 0, 0, "0a9eb141 0000 00418701"
25.040350, 24.8385543823242, 25641267, 0, 0, "5cb5c641 0000 33418701"
25.040400, 40.4791564941406, 25641318, 1, TriggerDetected, "a8ea2142 0100 66418701"
25.040450, 26.8436508178711, 25641369, 0, 0, "ccbfd641 0000 99418701"
25.040500, 20.7920379638672, 25641421, 0, 0, "1856a641 0000 cd418701"
25.040550, 38.6891670227051, 25641472, 1, TriggerDetected, "b5c11a42 0100 00428701"
25.040600, 32.1470642089844, 25641523, 0, 0, "98960042 0000 33428701"
25.040650, 18.8567390441895, 25641574, 0, 0, "9ada9641 0000 66428701"
25.040700, 34.7459716796875, 25641625, 1, TriggerDetected, "e0fb0a42 0100 99428701"
25.040750, 36.8621444702148, 25641677, 0, 0, "d6721342 0000 cd428701"
25.040800, 19.4794406890869, 25641728, 0, 0, "e5d59b41 0000 00438701"
25.040850, 29.5903472900391, 25641779, 0, 0, "08b9ec41 0000 33438701"
25.040900, 39.8607559204102, 25641830, 1, TriggerDetected, "6a711f42 0100 66438701"
25.040950, 22.5300350189209, 25641881, 0, 0, "833db441 0000 99438701"
25.041000, 24.4477272033691, 25641933, 0, 0, "f294c341 0000 cd438701"
25.041050, 40.4312629699707, 25641984, 1, TriggerDetected, "9db92142 0100 00448701"
25.041100, 27.2675113677979, 25642035, 0, 0, "dd23da41 0000 33448701"
25.041150, 20.5421314239502, 25642086, 0, 0, "4956a441 0000 66448701"
25.041200, 38.436653137207, 25642137, 1, TriggerDetected, "22bf1942 0100 99448701"
25.041250, 32.5763397216797, 25642189, 0, 0, "2c4e0242 0000 cd448701"
25.041300, 18.8061866760254, 25642240, 0, 0, "12739641 0000 00458701"
25.041350, 34.3518714904785, 25642291, 1, TriggerDetected, "51680942 0100 33458701"
25.041400, 37.1865196228027, 25642342, 0, 0, "ffbe1442 0000 66458701"
25.041450, 19.6466217041016, 25642393, 0, 0, "482c9d41 0000 99458701"
25.041500, 29.1455955505371, 25642445, 0, 0, "2e2ae941 0000 cd458701"
25.041550, 40.0034446716309, 25642496, 1, TriggerDetected, "87032042 0100 00468701"
25.041600, 22.8675365447998, 25642547, 0, 0, "b7f0b641 0000 33468701"
25.041650, 24.0688018798828, 25642598, 0, 0, "e88cc041 0000 66468701"
25.041700, 40.3606224060059, 25642649, 1, TriggerDetected, "47712142 0100 99468701"
25.041750, 27.7017593383789, 25642701, 0, 0, "349ddd41 0000 cd468701"
25.041800, 20.3087177276611, 25642752, 0, 0, "4178a241 0000 00478701"
25.041850, 38.1709136962891, 25642803, 1, TriggerDetected, "04af1842 0100 33478701"
25.041900, 32.9972610473633, 25642854, 0, 0, "32fd0342 0000 66478701"
25.041950, 18.773811340332, 25642905, 0, 0, "c4309641 0000 99478701"
25.042000, 33.9490737915039, 25642957, 1, TriggerDetected, "dacb0742 0100 cd478701"
25.042050, 37.4987182617188, 25643008, 0, 0, "b0fe1542 0000 00488701"
25.042100, 19.8207340240479, 25643059, 0, 0, "dd909e41 0000 33488701"
25.042150, 28.7102890014648, 25643110, 0, 0, "acaee541 0000 66488701"
25.042200, 40.1340408325195, 25643161, 1, TriggerDetected, "42892042 0100 99488701"
25.042250, 23.2176475524902, 25643213, 0, 0, "bebdb941 0000 cd488701"
25.042300, 23.6916427612305, 25643264, 0, 0, "7c88bd41 0000 00498701"
25.042350, 40.2740097045898, 25643315, 1, TriggerDetected, "96182142 0100 33498701"
25.042400, 28.1364841461182, 25643366, 0, 0, "8517e141 0000 66498701"
25.042450, 20.0849647521973, 25643417, 0, 0, "02aea041 0000 99498701"
25.042500, 37.887638092041, 25643469, 1, TriggerDetected, "f18c1742 0100 cd498701"
25.042550, 33.4168281555176, 25643520, 0, 0, "d5aa0542 0000 004a8701"
25.042600, 18.7639274597168, 25643571, 0, 0, "861c9641 0000 334a8701"
25.042650, 33.5429458618164, 25643622, 1, TriggerDetected, "fa2b0642 0100 664a8701"
25.042700, 37.7906494140625, 25643673, 0, 0, "a0291742 0000 994a8701"
25.042750, 20.0250720977783, 25643725, 0, 0, "5933a041 0000 cd4a8701"
25.042800, 28.2715435028076, 25643776, 0, 0, "1f2ce241 0000 004b8701"
25.042850, 40.2429122924805, 25643827, 1, TriggerDetected, "bef82042 0100 334b8701"
25.042900, 23.5762386322021, 25643878, 0, 0, "239cbc41 0000 664b8701"
25.042950, 23.3309383392334, 25643929, 0, 0, "c3a5ba41 0000 994b8701"
25.043000, 40.1699333190918, 25643981, 1, TriggerDetected, "03ae2042 0100 cd4b8701"
25.043050, 28.5696659088135, 25644032, 0, 0, "ad8ee441 0000 004c8701"
25.043100, 19.8875541687012, 25644083, 0, 0, "b6199f41 0000 334c8701"
25.043150, 37.5963706970215, 25644134, 1, TriggerDetected, "af621642 0100 664c8701"
25.043200, 33.8211326599121, 25644185, 0, 0, "d7480742 0000 994c8701"
25.043250, 18.771915435791, 25644237, 0, 0, "e22c9641 0000 cd4c8701"
25.043300, 33.1327629089355, 25644288, 1, TriggerDetected, "f3870442 0100 004d8701"
25.043350, 38.080249786377, 25644339, 0, 0, "2d521842 0000 334d8701"
25.043400, 20.243070602417, 25644390, 0, 0, "cff1a141 0000 664d8701"
25.043450, 27.8437652587891, 25644441, 0, 0, "08c0de41 0000 994d8701"
25.043500, 40.3340263366699, 25644493, 1, TriggerDetected, "0b562142 0100 cd4d8701"
25.043550, 23.9471702575684, 25644544, 0, 0, "ce93bf41 0000 004e8701"
25.043600, 22.9779930114746, 25644595, 0, 0, "eed2b741 0000 334e8701"
25.043650, 40.0514831542969, 25644646, 1, TriggerDetected, "b8342042 0100 664e8701"
25.043700, 29.0112380981445, 25644697, 0, 0, "0417e841 0000 994e8701"
25.043750, 19.7014713287354, 25644749, 0, 0, "9d9c9d41 0000 cd4e8701"
25.043800, 37.2902450561523, 25644800, 1, TriggerDetected, "36291542 0100 004f8701"
25.043850, 34.2253837585449, 25644851, 0, 0, "cbe60842 0000 334f8701"
25.043900, 18.7961483001709, 25644902, 0, 0, "835e9641 0000 664f8701"
25.043950, 32.7149238586426, 25644953, 1, TriggerDetected, "15dc0242 0100 994f8701"
25.044000, 38.3530311584473, 25645005, 0, 0, "81691942 0000 cd4f8701"
25.044050, 20.4651679992676, 25645056, 0, 0, "aab8a341 0000 00508701"
25.044100, 27.407922744751, 25645107, 0, 0, "6d43db41 0000 33508701"
25.044150, 40.4157066345215, 25645158, 1, TriggerDetected, "afa92142 0100 66508701"
25.044200, 24.3289642333984, 25645209, 0, 0, "b8a1c241 0000 99508701"
25.044250, 22.6348857879639, 25645261, 0, 0, "3f14b541 0000 cd508701"
25.044300, 39.9106559753418, 25645312, 1, TriggerDetected, "83a41f42 0100 00518701"
25.044350, 29.4482307434082, 25645363, 0, 0, "fa95eb41 0000 33518701"
25.044400, 19.5340061187744, 25645414, 0, 0, "a5459c41 0000 66518701"
25.044450, 36.9726371765137, 25645465, 1, TriggerDetected, "fbe31342 0100 99518701"
25.044500, 34.6185722351074, 25645517, 0, 0, "6b790a42 0000 cd518701"
25.044550, 18.8357086181641, 25645568, 0, 0, "88af9641 0000 00528701"
25.044600, 32.2858123779297, 25645619, 1, TriggerDetected, "ac240142 0100 33528701"
25.044650, 38.6076545715332, 25645670, 0, 0, "3d6e1a42 0000 66528701"
25.044700, 20.7126731872559, 25645721, 0, 0, "8eb3a541 0000 99528701"
25.044750, 26.9801692962646, 25645773, 0, 0, "63d7d741 0000 cd528701"
25.044800, 40.4711608886719, 25645824, 1, TriggerDetected, "78e22142 0100 00538701"
25.044850, 24.7145614624023, 25645875, 0, 0, "6cb7c541 0000 33538701"
25.044900, 22.3037261962891, 25645926, 0, 0, "086eb241 0000 66538701"
25.044950, 39.7526054382324, 25645977, 1, TriggerDetected, "ab021f42 0100 99538701"
25.045000, 29.8850555419922, 25646029, 0, 0, "9814ef41 0000 cd538701"
25.045050, 19.3786735534668, 25646080, 0, 0, "86079b41 0000 00548701"
25.045100, 36.6348342895508, 25646131, 1, TriggerDetected, "128a1242 0100 33548701"
25.045150, 35.003116607666, 25646182, 0, 0, "31030c42 0000 66548701"
25.045200, 18.8958187103271, 25646233, 0, 0, "a32a9741 0000 99548701"
25.045250, 31.8594818115234, 25646285, 1, TriggerDetected, "38e0fe41 0100 cd548701"
25.045300, 38.8514747619629, 25646336, 0, 0, "e9671b42 0000 00558701"
25.045350, 20.9695358276367, 25646387, 0, 0, "9cc1a741 0000 33558701"
25.045400, 26.5525608062744, 25646438, 0, 0, "a56bd441 0000 66558701"
25.045450, 40.5053558349609, 25646489, 1, TriggerDetected, "7c052242 0100 99558701"
25.045500, 25.1116504669189, 25646541, 0, 0, "a9e4c841 0000 cd558701"
25.045550, 21.9869060516357, 25646592, 0, 0, "2fe5af41 0000 00568701"
25.045600, 39.582820892334, 25646643, 1, TriggerDetected, "cf541e42 0100 33568701"
25.045650, 30.327205657959, 25646694, 0, 0, "1e9ef241 0000 66568701"
25.045700, 19.2433166503906, 25646745, 0, 0, "50f29941 0000 99568701"
25.045750, 36.2925148010254, 25646797, 1, TriggerDetected, "892b1142 0100 cd568701"
25.045800, 35.3833236694336, 25646848, 0, 0, "86880d42 0000 00578701"
25.045850, 18.9724731445313, 25646899, 0, 0, "a0c79741 0000 33578701"
25.045900, 31.427640914917, 25646950, 1, TriggerDetected, "cf6bfb41 0100 66578701"
25.045950, 39.0815238952637, 25647001, 0, 0, "7b531c42 0000 99578701"
25.046000, 21.2436237335205, 25647053, 0, 0, "f1f2a941 0000 cd578701"
25.046050, 26.136869430542, 25647104, 0, 0, "4f18d141 0000 00588701"
25.046100, 40.5339851379395, 25647155, 1, TriggerDetected, "cd222242 0100 33588701"
25.046150, 25.513500213623, 25647206, 0, 0, "a61bcc41 0000 66588701"
25.046200, 21.6811695098877, 25647257, 0, 0, "0973ad41 0000 99588701"
25.046250, 39.3930702209473, 25647309, 1, TriggerDetected, "81921d42 0100 cd588701"
25.046300, 30.7648830413818, 25647360, 0, 0, "7b1ef641 0000 00598701"
25.046350, 19.1198959350586, 25647411, 0, 0, "8cf59841 0000 33598701"
25.046400, 35.9385871887207, 25647462, 1, TriggerDetected, "1dc10f42 0100 66598701"
25.046450, 35.7566604614258, 25647513, 0, 0, "d2060f42 0000 99598701"
25.046500, 19.0678043365479, 25647565, 0, 0, "dd8a9841 0000 cd598701"
25.046550, 30.989408493042, 25647616, 1, TriggerDetected, "4feaf741 0100 005a8701"
25.046600, 39.2936134338379, 25647667, 0, 0, "a92c1d42 0000 335a8701"
25.046650, 21.5309295654297, 25647718, 0, 0, "583fac41 0000 665a8701"
25.046700, 25.7205085754395, 25647769, 0, 0, "9ac3cd41 0000 995a8701"
25.046750, 40.5310325622559, 25647821, 1, TriggerDetected, "c71f2242 0100 cd5a8701"
25.046800, 25.9218597412109, 25647872, 0, 0, "f85fcf41 0000 005b8701"
25.046850, 21.3880863189697, 25647923, 0, 0, "cd1aab41 0000 335b8701"
25.046900, 39.1946754455566, 25647974, 1, TriggerDetected, "59c71c42 0100 665b8701"
25.046950, 31.2044277191162, 25648025, 0, 0, "aba2f941 0000 995b8701"
25.047000, 19.0189990997314, 25648077, 0, 0, "e9269841 0000 cd5b8701"
25.047050, 35.5762557983398, 25648128, 1, TriggerDetected, "164e0e42 0100 005c8701"
25.047100, 36.1146278381348, 25648179, 0, 0, "61751042 0000 335c8701"
25.047150, 19.178201675415, 25648230, 0, 0, "f56c9941 0000 665c8701"
25.047200, 30.5517177581787, 25648281, 1, TriggerDetected, "eb69f441 0100 995c8701"
25.047250, 39.4847564697266, 25648333, 0, 0, "64f01d42 0000 cd5c8701"
25.047300, 21.8276062011719, 25648384, 0, 0, "f09eae41 0000 005d8701"
25.047350, 25.3135623931885, 25648435, 0, 0, "2d82ca41 0000 335d8701"
25.047400, 40.5221099853516, 25648486, 1, TriggerDetected, "a4162242 0100 665d8701"
25.047450, 26.3359870910645, 25648537, 0, 0, "1ab0d241 0000 995d8701"
25.047500, 21.1077270507813, 25648589, 0, 0, "a0dca841 0000 cd5d8701"
25.047550, 38.9699325561523, 25648640, 1, TriggerDetected, "36e11b42 0100 005e8701"
25.047600, 31.6354160308838, 25648691, 0, 0, "5515fd41 0000 335e8701"
25.047650, 18.9274463653564, 25648742, 0, 0, "696b9741 0000 665e8701"
25.047700, 35.2008056640625, 25648793, 1, TriggerDetected, "a0cd0c42 0100 995e8701"
25.047750, 36.4563179016113, 25648845, 0, 0, "45d31142 0000 cd5e8701"
25.047800, 19.3052139282227, 25648896, 0, 0, "14719a41 0000 005f8701"
25.047850, 30.1152858734131, 25648947, 1, TriggerDetected, "1becf041 0100 335f8701"
25.047900, 39.667407989502, 25648998, 0, 0, "6dab1e42 0000 665f8701"
25.047950, 22.1404571533203, 25649049, 0, 0, "a81fb141 0000 995f8701"
25.048000, 24.9135360717773, 25649101, 0, 0, "ec4ec741 0000 cd5f8701"
25.048050, 40.4910659790039, 25649152, 1, TriggerDetected, "daf62142 0100 00608701"
25.048100, 26.7589149475098, 25649203, 0, 0, "4212d641 0000 33608701"
25.048150, 20.8351135253906, 25649254, 0, 0, "50aea641 0000 66608701"
25.048200, 38.7348480224609, 25649305, 1, TriggerDetected, "7cf01a42 0100 99608701"
25.048250, 32.0664291381836, 25649357, 0, 0, "06440042 0000 cd608701"
25.048300, 18.8642311096191, 25649408, 0, 0, "f2e99641 0000 00618701"
25.048350, 34.820198059082, 25649459, 1, TriggerDetected, "e2470b42 0100 33618701"
25.048400, 36.7971153259277, 25649510, 0, 0, "3f301342 0000 66618701"
25.048450, 19.4480400085449, 25649561, 0, 0, "96959b41 0000 99618701"
25.048500, 29.6754627227783, 25649613, 0, 0, "5967ed41 0000 cd618701"
25.048550, 39.830924987793, 25649664, 1, TriggerDetected, "de521f42 0100 00628701"
25.048600, 22.4646987915039, 25649715, 0, 0, "b4b7b341 0000 33628701"
25.048650, 24.5240516662598, 25649766, 0, 0, "4231c441 0000 66628701"
25.048700, 40.4418983459473, 25649817, 1, TriggerDetected, "81c42142 0100 99628701"
25.048750, 27.1847705841064, 25649869, 0, 0, "697ad941 0000 cd628701"
25.048800, 20.5910263061523, 25649920, 0, 0, "6cbaa441 0000 00638701"
25.048850, 38.486701965332, 25649971, 1, TriggerDetected, "62f21942 0100 33638701"
25.048900, 32.4870376586914, 25650022, 0, 0, "baf20142 0000 66638701"
25.048950, 18.8066673278809, 25650073, 0, 0, "0e749641 0000 99638701"
25.049000, 34.4274711608887, 25650125, 1, TriggerDetected, "bbb50942 0100 cd638701"
25.049050, 37.1248054504395, 25650176, 0, 0, "cd7f1442 0000 00648701"
25.049100, 19.6120510101318, 25650227, 0, 0, "7be59c41 0000 33648701"
25.049150, 29.2306957244873, 25650278, 0, 0, "77d8e941 0000 66648701"
25.049200, 39.977424621582, 25650329, 1, TriggerDetected, "e2e81f42 0100 99648701"
25.049250, 22.7958698272705, 25650381, 0, 0, "f15db641 0000 cd648701"
25.049300, 24.130802154541, 25650432, 0, 0, "e20bc141 0000 00658701"
25.049350, 40.3723983764648, 25650483, 1, TriggerDetected, "567d2142 0100 33658701"
25.049400, 27.610725402832, 25650534, 0, 0, "c4e2dc41 0000 66658701"
25.049450, 20.3474731445313, 25650585, 0, 0, "a0c7a241 0000 99658701"
25.049500, 38.2170257568359, 25650637, 1, TriggerDetected, "3cde1842 0100 cd658701"
25.049550, 32.9153709411621, 25650688, 0, 0, "57a90342 0000 00668701"
25.049600, 18.7752685546875, 25650739, 0, 0, "c0339641 0000 33668701"
25.049650, 34.0252952575684, 25650790, 1, TriggerDetected, "e7190842 0100 66668701"
25.049700, 37.4360771179199, 25650841, 0, 0, "8bbe1542 0000 99668701"
25.049750, 19.7897682189941, 25650893, 0, 0, "72519e41 0000 cd668701"
25.049800, 28.7927589416504, 25650944, 0, 0, "9257e641 0000 00678701"
25.049850, 40.1083564758301, 25650995, 1, TriggerDetected, "f56e2042 0100 33678701"
25.049900, 23.1463432312012, 25651046, 0, 0, "b62bb941 0000 66678701"
25.049950, 23.7622127532959, 25651097, 0, 0, "0319be41 0000 99678701"
25.050000, 40.2845191955566, 25651149, 1, TriggerDetected, "59232142 0100 cd678701"
25.050050, 28.0490016937256, 25651200, 0, 0, "5b64e041 0000 00688701"
25.050100, 20.1332359313965, 25651251, 0, 0, "de10a141 0000 33688701"
25.050150, 37.945728302002, 25651302, 1, TriggerDetected, "6dc81742 0100 66688701"
25.050200, 33.3278694152832, 25651353, 0, 0, "bd4f0542 0000 99688701"
25.050250, 18.761682510376, 25651405, 0, 0, "ed179641 0000 cd688701"
25.050300, 33.6200904846191, 25651456, 1, TriggerDetected, "f97a0642 0100 00698701"
25.050350, 37.7373428344727, 25651507, 0, 0, "0af31642 0000 33698701"
25.050400, 19.9882678985596, 25651558, 0, 0, "f9e79f41 0000 66698701"
25.050450, 28.3583831787109, 25651609, 0, 0, "f8dde241 0000 99698701"
25.050500, 40.2169990539551, 25651661, 1, TriggerDetected, "35de2042 0100 cd698701"
25.050550, 23.5039043426514, 25651712, 0, 0, "ff07bc41 0000 006a8701"
25.050600, 23.3966274261475, 25651763, 0, 0, "4b2cbb41 0000 336a8701"
25.050650, 40.1926765441895, 25651814, 1, TriggerDetected, "4dc52042 0100 666a8701"
25.050700, 28.4828815460205, 25651865, 0, 0, "f1dce341 0000 996a8701"
25.050750, 19.927225112915, 25651917, 0, 0, "f56a9f41 0000 cd6a8701"
25.050800, 37.6478004455566, 25651968, 1, TriggerDetected, "59971642 0100 006b8701"
25.050850, 33.7448806762695, 25652019, 0, 0, "c2fa0642 0000 336b8701"
25.050900, 18.7700729370117, 25652070, 0, 0, "1c299641 0000 666b8701"
25.050950, 33.2128601074219, 25652121, 1, TriggerDetected, "f8d90442 0100 996b8701"
25.051000, 38.0257301330566, 25652173, 0, 0, "591a1842 0000 cd6b8701"
25.051050, 20.1975746154785, 25652224, 0, 0, "a294a141 0000 006c8701"
25.051100, 27.9181270599365, 25652275, 0, 0, "5358df41 0000 336c8701"
25.051150, 40.321418762207, 25652326, 1, TriggerDetected, "22492142 0100 666c8701"
25.051200, 23.8734474182129, 25652377, 0, 0, "d2fcbe41 0000 996c8701"
25.051250, 23.0416221618652, 25652429, 0, 0, "3e55b841 0000 cd6c8701"
25.051300, 40.0699806213379, 25652480, 1, TriggerDetected, "a9472042 0100 006d8701"
25.051350, 28.9237804412842, 25652531, 0, 0, "e763e741 0000 336d8701"
25.051400, 19.7347679138184, 25652582, 0, 0, "cee09d41 0000 666d8701"
25.051450, 37.3468933105469, 25652633, 1, TriggerDetected, "38631542 0100 996d8701"
25.051500, 34.1464500427246, 25652685, 0, 0, "f7950842 0000 cd6d8701"
25.051550, 18.7884559631348, 25652736, 0, 0, "c24e9641 0000 006e8701"
25.051600, 32.790843963623, 25652787, 1, TriggerDetected, "d3290342 0100 336e8701"
25.051650, 38.3009414672852, 25652838, 0, 0, "2a341942 0000 666e8701"
25.051700, 20.4193305969238, 25652889, 0, 0, "ca5aa341 0000 996e8701"
25.051750, 27.4888935089111, 25652941, 0, 0, "41e9db41 0000 cd6e8701"
25.051800, 40.3964729309082, 25652992, 1, TriggerDetected, "fd952142 0100 006f8701"
25.051850, 24.2491493225098, 25653043, 0, 0, "42fec141 0000 336f8701"
25.051900, 22.6975288391113, 25653094, 0, 0, "8a94b541 0000 666f8701"
25.051950, 39.9395904541016, 25653145, 1, TriggerDetected, "24c21f42 0100 996f8701"
25.052000, 29.3619155883789, 25653197, 0, 0, "34e5ea41 0000 cd6f8701"
25.052050, 19.5614566802979, 25653248, 0, 0, "dd7d9c41 0000 00708701"
25.052100, 37.0275840759277, 25653299, 1, TriggerDetected, "3f1c1442 0100 33708701"
25.052150, 34.5398483276367, 25653350, 0, 0, "ce280a42 0000 66708701"
25.052200, 18.8229370117188, 25653401, 0, 0, "60959641 0000 99708701"
25.052250, 32.3645286560059, 25653453, 1, TriggerDetected, "47750142 0100 cd708701"
25.052300, 38.5560531616211, 25653504, 0, 0, "66391a42 0000 00718701"
25.052350, 20.6568012237549, 25653555, 0, 0, "2141a541 0000 33718701"
25.052400, 27.0556030273438, 25653606, 0, 0, "e071d841 0000 66718701"
25.052450, 40.4581069946289, 25653657, 1, TriggerDetected, "1ad52142 0100 99718701"
25.052500, 24.6349945068359, 25653709, 0, 0, "7814c541 0000 cd718701"
25.052550, 22.3644142150879, 25653760, 0, 0, "52eab241 0000 00728701"
25.052600, 39.7811813354492, 25653811, 1, TriggerDetected, "ee1f1f42 0100 33728701"
25.052650, 29.7983074188232, 25653862, 0, 0, "ef62ee41 0000 66728701"
25.052700, 19.403205871582, 25653913, 0, 0, "c4399b41 0000 99728701"
25.052750, 36.7012367248535, 25653965, 1, TriggerDetected, "11ce1242 0100 cd728701"
25.052800, 34.9304809570313, 25654016, 0, 0, "d0b80b42 0000 00738701"
25.052850, 18.878116607666, 25654067, 0, 0, "62069741 0000 33738701"
25.052900, 31.9387722015381, 25654118, 1, TriggerDetected, "9b82ff41 0100 66738701"
25.052950, 38.8051376342773, 25654169, 0, 0, "76381b42 0000 99738701"
25.053000, 20.9208984375, 25654221, 0, 0, "005ea741 0000 cd738701"
25.053050, 26.6359081268311, 25654272, 0, 0, "5716d541 0000 00748701"
25.053100, 40.501220703125, 25654323, 1, TriggerDetected, "40012242 0100 33748701"
25.053150, 25.0297050476074, 25654374, 0, 0, "d63cc841 0000 66748701"
25.053200, 22.0449256896973, 25654425, 0, 0, "025cb041 0000 99748701"
25.053250, 39.6174087524414, 25654477, 1, TriggerDetected, "3a781e42 0100 cd748701"
25.053300, 30.2393627166748, 25654528, 0, 0, "37eaf141 0000 00758701"
25.053350, 19.2613677978516, 25654579, 0, 0, "48179a41 0000 33758701"
25.053400, 36.3601760864258, 25654630, 1, TriggerDetected, "d2701142 0100 66758701"
25.053450, 35.3109512329102, 25654681, 0, 0, "6a3e0d42 0000 99758701"
25.053500, 18.9529304504395, 25654733, 0, 0, "9a9f9741 0000 cd758701"
25.053550, 31.5106506347656, 25654784, 1, TriggerDetected, "d015fc41 0100 00768701"
25.053600, 39.0376930236816, 25654835, 0, 0, "99261c42 0000 33768701"
25.053650, 21.1844539642334, 25654886, 0, 0, "c379a941 0000 66768701"
25.053700, 26.2133617401123, 25654937, 0, 0, "f7b4d141 0000 99768701"
25.053750, 40.519401550293, 25654989, 1, TriggerDetected, "de132242 0100 cd768701"
25.053800, 25.4319496154785, 25655040, 0, 0, "a274cb41 0000 00778701"
25.053850, 21.7355918884277, 25655091, 0, 0, "7ee2ad41 0000 33778701"
25.053900, 39.4320106506348, 25655142, 1, TriggerDetected, "61ba1d42 0100 66778701"
25.053950, 30.6789302825928, 25655193, 0, 0, "736ef541 0000 99778701"
25.054000, 19.1422157287598, 25655245, 0, 0, "42239941 0000 cd778701"
25.054050, 36.008659362793, 25655296, 1, TriggerDetected, "de081042 0100 00788701"
25.054100, 35.6793670654297, 25655347, 0, 0, "acb70e42 0000 33788701"
25.054150, 19.0394153594971, 25655398, 0, 0, "b9509841 0000 66788701"
25.054200, 31.0750312805176, 25655449, 1, TriggerDetected, "aa99f841 0100 99788701"
25.054250, 39.2518730163574, 25655501, 0, 0, "eb011d42 0000 cd788701"
25.054300, 21.4732646942139, 25655552, 0, 0, "3fc9ab41 0000 00798701"
25.054350, 25.8049221038818, 25655603, 0, 0, "7b70ce41 0000 33798701"
25.054400, 40.5377464294434, 25655654, 1, TriggerDetected, "a7262242 0100 66798701"
25.054450, 25.8436241149902, 25655705, 0, 0, "bebfce41 0000 99798701"
25.054500, 21.4425086975098, 25655757, 0, 0, "428aab41 0000 cd798701"
25.054550, 39.2289123535156, 25655808, 1, TriggerDetected, "68ea1c42 0100 007a8701"
25.054600, 31.1177768707275, 25655859, 0, 0, "35f1f841 0000 337a8701"
25.054650, 19.0344066619873, 25655910, 0, 0, "77469841 0000 667a8701"
25.054700, 35.6481132507324, 25655961, 1, TriggerDetected, "ab970e42 0100 997a8701"
25.054750, 36.0400047302246, 25656013, 0, 0, "f7281042 0000 cd7a8701"
25.054800, 19.1530246734619, 25656064, 0, 0, "65399941 0000 007b8701"
25.054850, 30.6358070373535, 25656115, 1, TriggerDetected, "2216f541 0100 337b8701"
25.054900, 39.4499206542969, 25656166, 0, 0, "b8cc1d42 0000 667b8701"
25.054950, 21.7680568695068, 25656217, 0, 0, "fb24ae41 0000 997b8701"
25.055000, 25.3925170898438, 25656269, 0, 0, "e023cb41 0000 cd7b8701"
25.055050, 40.5218620300293, 25656320, 1, TriggerDetected, "63162242 0100 007c8701"
25.055100, 26.2597427368164, 25656371, 0, 0, "f413d241 0000 337c8701"
25.055150, 21.1602935791016, 25656422, 0, 0, "4848a941 0000 667c8701"
25.055200, 39.0170097351074, 25656473, 1, TriggerDetected, "6b111c42 0100 997c8701"
25.055250, 31.5510311126709, 25656525, 0, 0, "8368fc41 0000 cd7c8701"
25.055300, 18.9485549926758, 25656576, 0, 0, "a4969741 0000 007d8701"
25.055350, 35.2748641967773, 25656627, 1, TriggerDetected, "76190d42 0100 337d8701"
25.055400, 36.3972320556641, 25656678, 0, 0, "c4961142 0000 667d8701"
25.055450, 19.2790927886963, 25656729, 0, 0, "953b9a41 0000 997d8701"
25.055500, 30.1990661621094, 25656781, 1, TriggerDetected, "b097f141 0100 cd7d8701"
25.055550, 39.6320381164551, 25656832, 0, 0, "35871e42 0000 007e8701"
25.055600, 22.0793476104736, 25656883, 0, 0, "81a2b041 0000 337e8701"
25.055650, 24.98948097229, 25656934, 0, 0, "75eac741 0000 667e8701"
25.055700, 40.5017318725586, 25656985, 1, TriggerDetected, "c6012242 0100 997e8701"
25.055750, 26.6789360046387, 25657037, 0, 0, "766ed541 0000 cd7e8701"
25.055800, 20.8874340057373, 25657088, 0, 0, "7719a741 0000 007f8701"
25.055850, 38.7773628234863, 25657139, 1, TriggerDetected, "051c1b42 0100 337f8701"
25.055900, 31.9808197021484, 25657190, 0, 0, "b8d8ff41 0000 667f8701"
25.055950, 18.8712615966797, 25657241, 0, 0, "58f89641 0000 997f8701"
25.056000, 34.8951606750488, 25657293, 1, TriggerDetected, "a5940b42 0100 cd7f8701"
25.056050, 36.7322158813477, 25657344, 0, 0, "caed1242 0000 00808701"
25.056100, 19.4209632873535, 25657395, 0, 0, "225e9b41 0000 33808701"
25.056150, 29.758695602417, 25657446, 0, 0, "cf11ee41 0000 66808701"
25.056200, 39.8033714294434, 25657497, 1, TriggerDetected, "a7361f42 0100 99808701"
25.056250, 22.4073829650879, 25657549, 0, 0, "5242b341 0000 cd808701"
25.056300, 24.597713470459, 25657600, 0, 0, "1ec8c441 0000 00818701"
25.056350, 40.4563598632813, 25657651, 1, TriggerDetected, "50d32142 0100 33818701"
25.056400, 27.10622215271, 25657702, 0, 0, "8bd9d841 0000 66818701"
25.056450, 20.6382446289063, 25657753, 0, 0, "201ba541 0000 99818701"
25.056500, 38.5393486022949, 25657805, 1, TriggerDetected, "4b281a42 0100 cd818701"
25.056550, 32.4138870239258, 25657856, 0, 0, "d2a70142 0000 00828701"
25.056600, 18.8219318389893, 25657907, 0, 0, "51939641 0000 33828701"
25.056650, 34.5077896118164, 25657958, 1, TriggerDetected, "fa070a42 0100 66828701"
25.056700, 37.0651245117188, 25658009, 0, 0, "b0421442 0000 99828701"
25.056750, 19.582540512085, 25658061, 0, 0, "0ba99c41 0000 cd828701"
25.056800, 29.3236656188965, 25658112, 0, 0, "de96ea41 0000 00838701"
25.056850, 39.9527053833008, 25658163, 1, TriggerDetected, "92cf1f42 0100 33838701"
25.056900, 22.7314453125, 25658214, 0, 0, "00dab541 0000 66838701"
25.056950, 24.210750579834, 25658265, 0, 0, "9eafc141 0000 99838701"
25.057000, 40.3853378295898, 25658317, 1, TriggerDetected, "968a2142 0100 cd838701"
25.057050, 27.5308876037598, 25658368, 0, 0, "423fdc41 0000 00848701"
25.057100, 20.3958282470703, 25658419, 0, 0, "a82aa341 0000 33848701"
25.057150, 38.2753944396973, 25658470, 1, TriggerDetected, "011a1942 0100 66848701"
25.057200, 32.8285026550293, 25658521, 0, 0, "63500342 0000 99848701"
25.057250, 18.7813415527344, 25658573, 0, 0, "30409641 0000 cd848701"
25.057300, 34.1063041687012, 25658624, 1, TriggerDetected, "db6c0842 0100 00858701"
25.057350, 37.3751106262207, 25658675, 0, 0, "1d801542 0000 33858701"
25.057400, 19.7493457794189, 25658726, 0, 0, "a9fe9d41 0000 66858701"
25.057450, 28.8759136199951, 25658777, 0, 0, "df01e741 0000 99858701"
25.057500, 40.0850524902344, 25658829, 1, TriggerDetected, "18572042 0100 cd858701"
25.057550, 23.0798587799072, 25658880, 0, 0, "8da3b841 0000 00868701"
25.057600, 23.8334522247314, 25658931, 0, 0, "e9aabe41 0000 33868701"
25.057650, 40.3123359680176, 25658982, 1, TriggerDetected, "d53f2142 0100 66868701"
25.057700, 27.9636611938477, 25659033, 0, 0, "94b5df41 0000 99868701"
25.057750, 20.173246383667, 25659085, 0, 0, "cf62a141 0000 cd868701"
25.057800, 37.9966583251953, 25659136, 1, TriggerDetected, "94fc1742 0100 00878701"
25.057850, 33.252067565918, 25659187, 0, 0, "1e020542 0000 33878701"
25.057900, 18.76682472229, 25659238, 0, 0, "75229641 0000 66878701"
25.057950, 33.7012329101563, 25659289, 1, TriggerDetected, "10ce0642 0100 99878701"
25.058000, 37.6789169311523, 25659341, 0, 0, "36b71642 0000 cd878701"
25.058050, 19.945068359375, 25659392, 0, 0, "808f9f41 0000 00888701"
25.058100, 28.443868637085, 25659443, 0, 0, "0b8de341 0000 33888701"
25.058150, 40.1999435424805, 25659494, 1, TriggerDetected, "becc2042 0100 66888701"
25.058200, 23.4289951324463, 25659545, 0, 0, "956ebb41 0000 99888701"
25.058250, 23.4695434570313, 25659597, 0, 0, "a0c1bb41 0000 cd888701"
25.058300, 40.21484375, 25659648, 1, TriggerDetected, "00dc2042 0100 00898701"
25.058350, 28.4028377532959, 25659699, 0, 0, "0339e341 0000 33898701"
25.058400, 19.9676647186279, 25659750, 0, 0, "c7bd9f41 0000 66898701"
25.058450, 37.7139205932617, 25659801, 1, TriggerDetected, "0edb1642 0100 99898701"
25.058500, 33.6614418029785, 25659853, 0, 0, "51a50642 0000 cd898701"
25.058550, 18.7674312591553, 25659904, 0, 0, "b3239641 0000 008a8701"
25.058600, 33.2905921936035, 25659955, 1, TriggerDetected, "91290542 0100 338a8701"
25.058650, 37.9752311706543, 25660006, 0, 0, "a3e61742 0000 668a8701"
25.058700, 20.1539630889893, 25660057, 0, 0, "513ba141 0000 998a8701"
25.058750, 28.0051116943359, 25660109, 0, 0, "780ae041 0000 cd8a8701"
25.058800, 40.2996292114258, 25660160, 1, TriggerDetected, "d2322142 0100 008b8701"
25.058850, 23.7980537414551, 25660211, 0, 0, "6a62be41 0000 338b8701"
25.058900, 23.1080455780029, 25660262, 0, 0, "47ddb841 0000 668b8701"
25.058950, 40.0943031311035, 25660313, 1, TriggerDetected, "91602042 0100 998b8701"
25.059000, 28.8343658447266, 25660365, 0, 0, "c8ace641 0000 cd8b8701"
25.059050, 19.7741298675537, 25660416, 0, 0, "6b319e41 0000 008c8701"
25.059100, 37.4080429077148, 25660467, 1, TriggerDetected, "d6a11542 0100 338c8701"
25.059150, 34.0698394775391, 25660518, 0, 0, "84470842 0000 668c8701"
25.059200, 18.7829532623291, 25660569, 0, 0, "7d439641 0000 998c8701"
25.059250, 32.8709030151367, 25660621, 1, TriggerDetected, "ce7b0342 0100 cd8c8701"
25.059300, 38.2442092895508, 25660672, 0, 0, "12fa1842 0000 008d8701"
25.059350, 20.3763446807861, 25660723, 0, 0, "c102a341 0000 338d8701"
25.059400, 27.5723857879639, 25660774, 0, 0, "3f94dc41 0000 668d8701"
25.059450, 40.3841705322266, 25660825, 1, TriggerDetected, "64892142 0100 998d8701"
25.059500, 24.17551612854, 25660877, 0, 0, "7567c141 0000 cd8d8701"
25.059550, 22.7632007598877, 25660928, 0, 0, "091bb641 0000 008e8701"
25.059600, 39.959529876709, 25660979, 1, TriggerDetected, "8fd61f42 0100 338e8701"
25.059650, 29.2755718231201, 25661030, 0, 0, "5f34ea41 0000 668e8701"
25.059700, 19.5964279174805, 25661081, 0, 0, "7cc59c41 0000 998e8701"
25.059750, 37.0942802429199, 25661133, 1, TriggerDetected, "8b601442 0100 cd8e8701"
25.059800, 34.4658584594727, 25661184, 0, 0, "0add0942 0000 008f8701"
25.059850, 18.8122653961182, 25661235, 0, 0, "857f9641 0000 338f8701"
25.059900, 32.4477653503418, 25661286, 1, TriggerDetected, "83ca0142 0100 668f8701"
25.059950, 38.51318359375, 25661337, 0, 0, "800d1a42 0000 998f8701"
25.060000, 20.6166667938232, 25661389, 0, 0, "efeea441 0000 cd8f8701"
25.060050, 27.1428813934326, 25661440, 0, 0, "9f24d941 0000 00908701"
25.060100, 40.4425888061523, 25661491, 1, TriggerDetected, "36c52142 0100 33908701"
25.060150, 24.5598430633545, 25661542, 0, 0, "8f7ac441 0000 66908701"
25.060200, 22.4292602539063, 25661593, 0, 0, "206fb341 0000 99908701"
25.060250, 39.8165969848633, 25661645, 1, TriggerDetected, "32441f42 0100 cd908701"
25.060300, 29.7094268798828, 25661696, 0, 0, "e8aced41 0000 00918701"
25.060350, 19.4290199279785, 25661747, 0, 0, "a26e9b41 0000 33918701"
25.060400, 36.7640800476074, 25661798, 1, TriggerDetected, "6b0e1342 0100 66918701"
25.060450, 34.8573608398438, 25661849, 0, 0, "f06d0b42 0000 99918701"
25.060500, 18.8708896636963, 25661901, 0, 0, "95f79641 0000 cd918701"
25.060550, 32.0234451293945, 25661952, 1, TriggerDetected, "02180042 0100 00928701"
25.060600, 38.7566375732422, 25662003, 0, 0, "cc061b42 0000 33928701"
25.060650, 20.8681621551514, 25662054, 0, 0, "fff1a641 0000 66928701"
25.060700, 26.7182102203369, 25662105, 0, 0, "e5bed541 0000 99928701"
25.060750, 40.497631072998, 25662157, 1, TriggerDetected, "93fd2142 0100 cd928701"
25.060800, 24.9573059082031, 25662208, 0, 0, "90a8c741 0000 00938701"
25.060850, 22.111722946167, 25662259, 0, 0, "cfe4b041 0000 33938701"
25.060900, 39.652458190918, 25662310, 1, TriggerDetected, "1e9c1e42 0100 66938701"
25.060950, 30.1563682556152, 25662361, 0, 0, "3e40f141 0000 99938701"
25.061000, 19.2913780212402, 25662413, 0, 0, "be549a41 0000 cd938701"
25.061050, 36.4296989440918, 25662464, 1, TriggerDetected, "03b81142 0100 00948701"
25.061100, 35.2388877868652, 25662515, 0, 0, "9ff40c42 0000 33948701"
25.061150, 18.940242767334, 25662566, 0, 0, "9e859741 0000 66948701"
25.061200, 31.5903568267822, 25662617, 1, TriggerDetected, "0db9fc41 0100 99948701"
25.061250, 38.9883193969727, 25662669, 0, 0, "0af41b42 0000 cd948701"
25.061300, 21.1339206695557, 25662720, 0, 0, "4512a941 0000 00958701"
25.061350, 26.2985153198242, 25662771, 0, 0, "5c63d241 0000 33958701"
25.061400, 40.5226287841797, 25662822, 1, TriggerDetected, "2c172242 0100 66958701"
25.061450, 25.3541107177734, 25662873, 0, 0, "38d5ca41 0000 99958701"
25.061500, 21.7984828948975, 25662925, 0, 0, "4b63ae41 0000 cd958701"
25.061550, 39.4700241088867, 25662976, 1, TriggerDetected, "4ee11d42 0100 00968701"
25.061600, 30.5965270996094, 25663027, 0, 0, "b0c5f441 0000 33968701"
25.061650, 19.1653881072998, 25663078, 0, 0, "b7529941 0000 66968701"
25.061700, 36.0776290893555, 25663129, 1, TriggerDetected, "7e4f1042 0100 99968701"
25.061750, 35.610279083252, 25663181, 0, 0, "ed700e42 0000 cd968701"
25.061800, 19.023458480835, 25663232, 0, 0, "0b309841 0000 00978701"
25.061850, 31.1585960388184, 25663283, 1, TriggerDetected, "ce44f941 0100 33978701"
25.061900, 39.211986541748, 25663334, 0, 0, "13d91c42 0000 66978701"
25.061950, 21.4153633117676, 25663385, 0, 0, "aa52ab41 0000 99978701"
25.062000, 25.8816776275635, 25663437, 0, 0, "ad0dcf41 0000 cd978701"
25.062050, 40.5363731384277, 25663488, 1, TriggerDetected, "3f252242 0100 00988701"
25.062100, 25.7628040313721, 25663539, 0, 0, "391ace41 0000 33988701"
25.062150, 21.4942455291748, 25663590, 0, 0, "37f4ab41 0000 66988701"
25.062200, 39.2717056274414, 25663641, 1, TriggerDetected, "3a161d42 0100 99988701"
25.062250, 31.0307941436768, 25663693, 0, 0, "113ff841 0000 cd988701"
25.062300, 19.054817199707, 25663744, 0, 0, "44709841 0000 00998701"
25.062350, 35.7229804992676, 25663795, 1, TriggerDetected, "55e40e42 0100 33998701"
25.062400, 35.9755821228027, 25663846, 0, 0, "ffe60f42 0000 66998701"
25.062450, 19.1335544586182, 25663897, 0, 0, "85119941 0000 99998701"
25.062500, 30.7224578857422, 25663949, 1, TriggerDetected, "98c7f541 0100 cd998701"
25.062550, 39.4078674316406, 25664000, 0, 0, "a8a11d42 0000 009a8701"
25.062600, 21.7103786468506, 25664051, 0, 0, "dbaead41 0000 339a8701"
25.062650, 25.4747638702393, 25664102, 0, 0, "51cccb41 0000 669a8701"
25.062700, 40.5304794311523, 25664153, 1, TriggerDetected, "361f2242 0100 999a8701"
25.062750, 26.1768589019775, 25664205, 0, 0, "356ad141 0000 cd9a8701"
25.062800, 21.2162017822266, 25664256, 0, 0, "c8baa941 0000 009b8701"
25.062850, 39.0583038330078, 25664307, 1, TriggerDetected, "b43b1c42 0100 339b8701"
25.062900, 31.471830368042, 25664358, 0, 0, "4fc6fb41 0000 669b8701"
25.062950, 18.9605331420898, 25664409, 0, 0, "2caf9741 0000 999b8701"
25.063000, 35.348072052002, 25664461, 1, TriggerDetected, "6d640d42 0100 cd9b8701"
25.063050, 36.3272590637207, 25664512, 0, 0, "1d4f1142 0000 009c8701"
25.063100, 19.2559680938721, 25664563, 0, 0, "390c9a41 0000 339c8701"
25.063150, 30.2846698760986, 25664614, 1, TriggerDetected, "0147f241 0100 669c8701"
25.063200, 39.6016311645508, 25664665, 0, 0, "12681e42 0000 999c8701"
25.063250, 22.0179386138916, 25664717, 0, 0, "bd24b041 0000 cd9c8701"
25.063300, 25.0675868988037, 25664768, 0, 0, "6b8ac841 0000 009d8701"
25.063350, 40.499885559082, 25664819, 1, TriggerDetected, "e2ff2142 0100 339d8701"
25.063400, 26.6000118255615, 25664870, 0, 0, "d3ccd441 0000 669d8701"
25.063450, 20.9402599334717, 25664921, 0, 0, "a785a741 0000 999d8701"
25.063500, 38.830150604248, 25664973, 1, TriggerDetected, "13521b42 0100 cd9d8701"
25.063550, 31.9006080627441, 25665024, 0, 0, "7234ff41 0000 009e8701"
25.063600, 18.8863639831543, 25665075, 0, 0, "46179741 0000 339e8701"
25.063650, 34.9679756164551, 25665126, 1, TriggerDetected, "35df0b42 0100 669e8701"
25.063700, 36.6727714538574, 25665177, 0, 0, "ebb01242 0000 999e8701"
25.063750, 19.3912467956543, 25665229, 0, 0, "46219b41 0000 cd9e8701"
25.063800, 29.8410148620605, 25665280, 0, 0, "66baee41 0000 009f8701"
25.063850, 39.7713623046875, 25665331, 1, TriggerDetected, "e0151f42 0100 339f8701"
25.063900, 22.338306427002, 25665382, 0, 0, "dab4b241 0000 669f8701"
25.063950, 24.6712455749512, 25665433, 0, 0, "b65ec541 0000 999f8701"
25.064000, 40.4691390991211, 25665485, 1, TriggerDetected, "66e02142 0100 cd9f8701"
25.064050, 27.0187873840332, 25665536, 0, 0, "7a26d841 0000 00a08701"
25.064100, 20.6823692321777, 25665587, 0, 0, "7e75a541 0000 33a08701"
25.064150, 38.5799446105957, 25665638, 1, TriggerDetected, "dd511a42 0100 66a08701"
25.064200, 32.3297233581543, 25665689, 0, 0, "a3510142 0000 99a08701"
25.064250, 18.8291130065918, 25665741, 0, 0, "06a29641 0000 cda08701"
25.064300, 34.580997467041, 25665792, 1, TriggerDetected, "f1520a42 0100 00a18701"
25.064350, 36.9994468688965, 25665843, 0, 0, "6fff1342 0000 33a18701"
25.064400, 19.5473976135254, 25665894, 0, 0, "12619c41 0000 66a18701"
25.064450, 29.4031219482422, 25665945, 0, 0, "9839eb41 0000 99a18701"
25.064500, 39.9283638000488, 25665997, 1, TriggerDetected, "a5b61f42 0100 cda18701"
25.064550, 22.6699638366699, 25666048, 0, 0, "165cb541 0000 00a28701"
25.064600, 24.2863330841064, 25666099, 0, 0, "694ac241 0000 33a28701"
25.064650, 40.4012565612793, 25666150, 1, TriggerDetected, "e39a2142 0100 66a28701"
25.064700, 27.4485740661621, 25666201, 0, 0, "ae96db41 0000 99a28701"
25.064750, 20.4413528442383, 25666253, 0, 0, "e487a341 0000 cda28701"
25.064800, 38.3266639709473, 25666304, 1, TriggerDetected, "814e1942 0100 00a38701"
25.064850, 32.7515487670898, 25666355, 0, 0, "96010342 0000 33a38701"
25.064900, 18.7905502319336, 25666406, 0, 0, "0c539641 0000 66a38701"
25.064950, 34.1826591491699, 25666457, 1, TriggerDetected, "0bbb0842 0100 99a38701"
25.065000, 37.3177108764648, 25666509, 0, 0, "56451542 0000 cda38701"
25.065050, 19.7217750549316, 25666560, 0, 0, "32c69d41 0000 00a48701"
25.065100, 28.9664344787598, 25666611, 0, 0, "42bbe741 0000 33a48701"
25.065150, 40.0560684204102, 25666662, 1, TriggerDetected, "6a392042 0100 66a48701"
25.065200, 23.0100727081299, 25666713, 0, 0, "a114b841 0000 99a48701"
25.065250, 23.9022884368896, 25666765, 0, 0, "e337bf41 0000 cda48701"
25.065300, 40.3210411071777, 25666816, 1, TriggerDetected, "bf482142 0100 00a58701"
25.065350, 27.8789291381836, 25666867, 0, 0, "0c08df41 0000 33a58701"
25.065400, 20.215799331665, 25666918, 0, 0, "f5b9a141 0000 66a58701"
25.065450, 38.0505752563477, 25666969, 1, TriggerDetected, "ca331842 0100 99a58701"
25.065500, 33.1727561950684, 25667021, 0, 0, "e7b00442 0000 cda58701"
25.065550, 18.7675285339355, 25667072, 0, 0, "e6239641 0000 00a68701"
25.065600, 33.779914855957, 25667123, 1, TriggerDetected, "a21e0742 0100 33a68701"
25.065650, 37.6251373291016, 25667174, 0, 0, "24801642 0000 66a68701"
25.065700, 19.9037380218506, 25667225, 0, 0, "db3a9f41 0000 99a68701"
25.065750, 28.5253372192383, 25667277, 0, 0, "e433e441 0000 cda68701"
25.065800, 40.1801834106445, 25667328, 1, TriggerDetected, "82b82042 0100 00a78701"
25.065850, 23.3635711669922, 25667379, 0, 0, "98e8ba41 0000 33a78701"
25.065900, 23.5393619537354, 25667430, 0, 0, "9d50bc41 0000 66a78701"
25.065950, 40.2308654785156, 25667481, 1, TriggerDetected, "68ec2042 0100 99a78701"
25.066000, 28.3166065216064, 25667533, 0, 0, "6988e241 0000 cda78701"
25.066050, 20.0087356567383, 25667584, 0, 0, "e411a041 0000 00a88701"
25.066100, 37.7688179016113, 25667635, 1, TriggerDetected, "45131742 0100 33a88701"
25.066150, 33.5853500366211, 25667686, 0, 0, "66570642 0000 66a88701"
25.066200, 18.7606067657471, 25667737, 0, 0, "b9159641 0000 99a88701"
25.066250, 33.3719367980957, 25667789, 1, TriggerDetected, "dd7c0542 0100 cda88701"
25.066300, 37.9111328125, 25667840, 0, 0, "00a51742 0000 00a98701"
25.066350, 20.1093997955322, 25667891, 0, 0, "0de0a041 0000 33a98701"
25.066400, 28.0907516479492, 25667942, 0, 0, "dcb9e041 0000 66a98701"
25.066450, 40.2844123840332, 25667993, 1, TriggerDetected, "3d232142 0100 99a98701"
25.066500, 23.7297420501709, 25668045, 0, 0, "83d6bd41 0000 cda98701"
25.066550, 23.1805248260498, 25668096, 0, 0, "b771b941 0000 00aa8701"
25.066600, 40.1195030212402, 25668147, 1, TriggerDetected, "5f7a2042 0100 33aa8701"
25.066650, 28.7557830810547, 25668198, 0, 0, "d80be641 0000 66aa8701"
25.066700, 19.812162399292, 25668249, 0, 0, "4f7f9e41 0000 99aa8701"
25.066750, 37.4716110229492, 25668301, 1, TriggerDetected, "eee21542 0100 cdaa8701"
25.066800, 33.9907188415527, 25668352, 0, 0, "7ff60742 0000 00ab8701"
25.066850, 18.7791881561279, 25668403, 0, 0, "c73b9641 0000 33ab8701"
25.066900, 32.9557151794434, 25668454, 1, TriggerDetected, "a7d20342 0100 66ab8701"
25.066950, 38.1964340209961, 25668505, 0, 0, "26c91842 0000 99ab8701"
25.067000, 20.3332557678223, 25668557, 0, 0, "82aaa241 0000 cdab8701"
25.067050, 27.6549339294434, 25668608, 0, 0, "4e3ddd41 0000 00ac8701"
25.067100, 40.3633575439453, 25668659, 1, TriggerDetected, "14742142 0100 33ac8701"
25.067150, 24.1075210571289, 25668710, 0, 0, "34dcc041 0000 66ac8701"
25.067200, 22.8327960968018, 25668761, 0, 0, "91a9b641 0000 99ac8701"
25.067250, 39.9955940246582, 25668813, 1, TriggerDetected, "7dfb1f42 0100 cdac8701"
25.067300, 29.1949615478516, 25668864, 0, 0, "488fe941 0000 00ad8701"
25.067350, 19.6319236755371, 25668915, 0, 0, "2e0e9d41 0000 33ad8701"
25.067400, 37.1539192199707, 25668966, 1, TriggerDetected, "9d9d1442 0100 66ad8701"
25.067450, 34.3959045410156, 25669017, 0, 0, "68950942 0000 99ad8701"
25.067500, 18.8133869171143, 25669069, 0, 0, "d1819641 0000 cdad8701"
25.067550, 32.5362319946289, 25669120, 1, TriggerDetected, "1a250242 0100 00ae8701"
25.067600, 38.4592514038086, 25669171, 0, 0, "46d61942 0000 33ae8701"
25.067650, 20.5690765380859, 25669222, 0, 0, "788da441 0000 66ae8701"
25.067700, 27.2307968139648, 25669273, 0, 0, "acd8d941 0000 99ae8701"
25.067750, 40.4411849975586, 25669325, 1, TriggerDetected, "c6c32142 0100 cdae8701"
25.067800, 24.4854164123535, 25669376, 0, 0, "22e2c341 0000 00af8701"
25.067850, 22.4925956726074, 25669427, 0, 0, "d6f0b341 0000 33af8701"
25.067900, 39.8439788818359, 25669478, 1, TriggerDetected, "3c601f42 0100 66af8701"
25.067950, 29.6367206573486, 25669529, 0, 0, "0118ed41 0000 99af8701"
25.068000, 19.4646587371826, 25669581, 0, 0, "9fb79b41 0000 cdaf8701"
25.068050, 36.8283386230469, 25669632, 1, TriggerDetected, "38501342 0100 00b08701"
25.068100, 34.7800025939941, 25669683, 0, 0, "b91e0b42 0000 33b08701"
25.068150, 18.8573226928711, 25669734, 0, 0, "ccdb9641 0000 66b08701"
25.068200, 32.1070365905762, 25669785, 1, TriggerDetected, "9b6d0042 0100 99b08701"
25.068250, 38.7146034240723, 25669837, 0, 0, "c1db1a42 0000 cdb08701"
25.068300, 20.8171215057373, 25669888, 0, 0, "7789a641 0000 00b18701"
25.068350, 26.8023090362549, 25669939, 0, 0, "216bd641 0000 33b18701"
25.068400, 40.4856414794922, 25669990, 1, TriggerDetected, "4cf12142 0100 66b18701"
25.068450, 24.8778705596924, 25670041, 0, 0, "e105c741 0000 99b18701"
25.068500, 22.1662178039551, 25670093, 0, 0, "6a54b141 0000 cdb18701"
25.068550, 39.6838989257813, 25670144, 1, TriggerDetected, "50bc1e42 0100 00b28701"
25.068600, 30.0701808929443, 25670195, 0, 0, "bb8ff041 0000 33b28701"
25.068650, 19.3155612945557, 25670246, 0, 0, "45869a41 0000 66b28701"
25.068700, 36.4907455444336, 25670297, 1, TriggerDetected, "86f61142 0100 99b28701"
25.068750, 35.1671981811523, 25670349, 0, 0, "36ab0c42 0000 cdb28701"
25.068800, 18.9292106628418, 25670400, 0, 0, "066f9741 0000 00b38701"
25.068850, 31.6788883209229, 25670451, 1, TriggerDetected, "5d6efd41 0100 33b38701"
25.068900, 38.9482383728027, 25670502, 0, 0, "ffca1b42 0000 66b38701"
25.068950, 21.0821418762207, 25670553, 0, 0, "3aa8a841 0000 99b38701"
25.069000, 26.374906539917, 25670605, 0, 0, "cfffd241 0000 cdb38701"
25.069050, 40.5207443237305, 25670656, 1, TriggerDetected, "3e152242 0100 00b48701"
25.069100, 25.2767448425293, 25670707, 0, 0, "c636ca41 0000 33b48701"
25.069150, 21.8523998260498, 25670758, 0, 0, "b7d1ae41 0000 66b48701"
25.069200, 39.5036087036133, 25670809, 1, TriggerDetected, "b2031e42 0100 99b48701"
25.069250, 30.5104465484619, 25670861, 0, 0, "6515f441 0000 cdb48701"
25.069300, 19.1865501403809, 25670912, 0, 0, "0e7e9941 0000 00b58701"
25.069350, 36.1462860107422, 25670963, 1, TriggerDetected, "cc951042 0100 33b58701"
25.069400, 35.5353813171387, 25671014, 0, 0, "3b240e42 0000 66b58701"
25.069450, 19.0077610015869, 25671065, 0, 0, "e50f9841 0000 99b58701"
25.069500, 31.2387733459473, 25671117, 1, TriggerDetected, "02e9f941 0100 cdb58701"
25.069550, 39.1659469604492, 25671168, 0, 0, "eea91c42 0000 00b68701"
25.069600, 21.3619003295898, 25671219, 0, 0, "2ce5aa41 0000 33b68701"
25.069650, 25.9625701904297, 25671270, 0, 0, "58b3cf41 0000 66b68701"
25.069700, 40.5351371765137, 25671321, 1, TriggerDetected, "fb232242 0100 99b68701"
25.069750, 25.6818027496338, 25671373, 0, 0, "5574cd41 0000 cdb68701"
25.069800, 21.5519237518311, 25671424, 0, 0, "576aac41 0000 00b78701"
25.069850, 39.3095092773438, 25671475, 1, TriggerDetected, "f03c1d42 0100 33b78701"
25.069900, 30.949348449707, 25671526, 0, 0, "4498f741 0000 66b78701"
25.069950, 19.07932472229, 25671577, 0, 0, "75a29841 0000 99b78701"
25.070000, 35.7883415222168, 25671629, 1, TriggerDetected, "43270f42 0100 cdb78701"
25.070050, 35.9043617248535, 25671680, 0, 0, "119e0f42 0000 00b88701"
25.070100, 19.108039855957, 25671731, 0, 0, "44dd9841 0000 33b88701"
25.070150, 30.8083171844482, 25671782, 1, TriggerDetected, "6f77f641 0100 66b88701"
25.070200, 39.3712577819824, 25671833, 0, 0, "2b7c1d42 0000 99b88701"
25.070250, 21.6468982696533, 25671885, 0, 0, "d92cad41 0000 cdb88701"
25.070300, 25.5486717224121, 25671936, 0, 0, "ae63cc41 0000 00b98701"
25.070350, 40.5333213806152, 25671987, 1, TriggerDetected, "1f222242 0100 33b98701"
25.070400, 26.09690284729, 25672038, 0, 0, "75c6d041 0000 66b98701"
25.070450, 21.2693004608154, 25672089, 0, 0, "8727aa41 0000 99b98701"
25.070500, 39.099437713623, 25672141, 1, TriggerDetected, "d3651c42 0100 cdb98701"
25.070550, 31.3830471038818, 25672192, 0, 0, "7b10fb41 0000 00ba8701"
25.070600, 18.9794387817383, 25672243, 0, 0, "e4d59741 0000 33ba8701"
25.070650, 35.4230537414551, 25672294, 1, TriggerDetected, "35b10d42 0100 66ba8701"
25.070700, 36.2611656188965, 25672345, 0, 0, "6f0b1142 0000 99ba8701"
25.070750, 19.2351493835449, 25672397, 0, 0, "96e19941 0000 cdba8701"
25.070800, 30.3693675994873, 25672448, 1, TriggerDetected, "77f4f241 0100 00bb8701"
25.070850, 39.566291809082, 25672499, 0, 0, "e2431e42 0000 33bb8701"
25.070900, 21.9590339660645, 25672550, 0, 0, "1aacaf41 0000 66bb8701"
25.070950, 25.1475639343262, 25672601, 0, 0, "362ec941 0000 99bb8701"
25.071000, 40.5122909545898, 25672653, 1, TriggerDetected, "960c2242 0100 cdbb8701"
25.071050, 26.5125904083252, 25672704, 0, 0, "c919d441 0000 00bc8701"
25.071100, 20.9961013793945, 25672755, 0, 0, "04f8a741 0000 33bc8701"
25.071150, 38.8760147094727, 25672806, 1, TriggerDetected, "0a811b42 0100 66bc8701"
25.071200, 31.8246612548828, 25672857, 0, 0, "e898fe41 0000 99bc8701"
25.071250, 18.9042854309082, 25672909, 0, 0, "fa3b9741 0000 cdbc8701"
25.071300, 35.0474052429199, 25672960, 1, TriggerDetected, "8b300c42 0100 00bd8701"
25.071350, 36.6047592163086, 25673011, 0, 0, "466b1242 0000 33bd8701"
25.071400, 19.3673706054688, 25673062, 0, 0, "60f09a41 0000 66bd8701"
25.071450, 29.9289665222168, 25673113, 0, 0, "866eef41 0000 99bd8701"
25.071500, 39.7384605407715, 25673165, 1, TriggerDetected, "2ff41e42 0100 cdbd8701"
25.071550, 22.2741584777832, 25673216, 0, 0, "7a31b241 0000 00be8701"
25.071600, 24.7526798248291, 25673267, 0, 0, "7d05c641 0000 33be8701"
25.071650, 40.4738693237305, 25673318, 1, TriggerDetected, "3ee52142 0100 66be8701"
25.071700, 26.9418315887451, 25673369, 0, 0, "df88d741 0000 99be8701"
25.071750, 20.7397994995117, 25673421, 0, 0, "1ceba541 0000 cdbe8701"
25.071800, 38.634693145752, 25673472, 1, TriggerDetected, "ed891a42 0100 00bf8701"
25.071850, 32.2458457946777, 25673523, 0, 0, "bffb0042 0000 33bf8701"
25.071900, 18.8426418304443, 25673574, 0, 0, "bbbd9641 0000 66bf8701"
25.071950, 34.6574287414551, 25673625, 1, TriggerDetected, "35a10a42 0100 99bf8701"
25.072000, 36.9414329528809, 25673677, 0, 0, "07c41342 0000 cdbf8701"
25.072050, 19.5182552337646, 25673728, 0, 0, "63259c41 0000 00c08701"
25.072100, 29.4883232116699, 25673779, 0, 0, "16e8eb41 0000 33c08701"
25.072150, 39.898120880127, 25673830, 1, TriggerDetected, "ad971f42 0100 66c08701"
25.072200, 22.6073093414307, 25673881, 0, 0, "c5dbb441 0000 99c08701"
25.072250, 24.3639698028564, 25673933, 0, 0, "69e9c241 0000 cdc08701"
25.072300, 40.4220008850098, 25673984, 1, TriggerDetected, "21b02142 0100 00c18701"
25.072350, 27.370475769043, 25674035, 0, 0, "bcf6da41 0000 33c18701"
25.072400, 20.4945106506348, 25674086, 0, 0, "c2f4a341 0000 66c18701"
25.072450, 38.379264831543, 25674137, 1, TriggerDetected, "5e841942 0100 99c18701"
25.072500, 32.6757278442383, 25674189, 0, 0, "f2b30242 0000 cdc18701"
25.072550, 18.8026905059814, 25674240, 0, 0, "e96b9641 0000 00c28701"
25.072600, 34.2679786682129, 25674291, 1, TriggerDetected, "69120942 0100 33c28701"
25.072650, 37.2607383728027, 25674342, 0, 0, "ff0a1542 0000 66c28701"
25.072700, 19.6878471374512, 25674393, 0, 0, "b6809d41 0000 99c28701"
25.072750, 29.050443649292, 25674445, 0, 0, "4f67e841 0000 cdc28701"
25.072800, 40.0432014465332, 25674496, 1, TriggerDetected, "3d2c2042 0100 00c38701"
25.072850, 22.9496250152588, 25674547, 0, 0, "d598b741 0000 33c38701"
25.072900, 23.9812183380127, 25674598, 0, 0, "89d9bf41 0000 66c38701"
25.072950, 40.3406562805176, 25674649, 1, TriggerDetected, "d55c2142 0100 99c38701"
25.073000, 27.8000469207764, 25674701, 0, 0, "7f66de41 0000 cdc38701"
25.073050, 20.2642269134521, 25674752, 0, 0, "231da241 0000 00c48701"
25.073100, 38.1123008728027, 25674803, 1, TriggerDetected, "ff721842 0100 33c48701"
25.073150, 33.0944061279297, 25674854, 0, 0, "ac600442 0000 66c48701"
25.073200, 18.7705326080322, 25674905, 0, 0, "0d2a9641 0000 99c48701"
25.073250, 33.8579292297363, 25674957, 1, TriggerDetected, "856e0742 0100 cdc48701"
25.073300, 37.5697059631348, 25675008, 0, 0, "61471642 0000 00c58701"
25.073350, 19.8686180114746, 25675059, 0, 0, "eef29e41 0000 33c58701"
25.073400, 28.6133975982666, 25675110, 0, 0, "3de8e441 0000 66c58701"
25.073450, 40.1625175476074, 25675161, 1, TriggerDetected, "6ba62042 0100 99c58701"
25.073500, 23.3012771606445, 25675213, 0, 0, "0469ba41 0000 cdc58701"
25.073550, 23.6166000366211, 25675264, 0, 0, "cceebc41 0000 00c68701"
25.073600, 40.2560615539551, 25675315, 1, TriggerDetected, "35062142 0100 33c68701"
25.073650, 28.2353115081787, 25675366, 0, 0, "ebe1e141 0000 66c68701"
25.073700, 20.0441989898682, 25675417, 0, 0, "855aa041 0000 99c68701"
25.073750, 37.8246307373047, 25675469, 1, TriggerDetected, "6c4c1742 0100 cdc68701"
25.073800, 33.5077285766602, 25675520, 0, 0, "ea070642 0000 00c78701"
25.073850, 18.7665061950684, 25675571, 0, 0, "ce219641 0000 33c78701"
25.073900, 33.4543342590332, 25675622, 1, TriggerDetected, "3dd10542 0100 66c78701"
25.073950, 37.8625602722168, 25675673, 0, 0, "43731742 0000 99c78701"
25.074000, 20.0712661743164, 25675725, 0, 0, "f491a041 0000 cdc78701"
25.074050, 28.1730785369873, 25675776, 0, 0, "7762e141 0000 00c88701"
25.074100, 40.2627143859863, 25675827, 1, TriggerDetected, "050d2142 0100 33c88701"
25.074150, 23.6582221984863, 25675878, 0, 0, "0a44bd41 0000 66c88701"
25.074200, 23.2498054504395, 25675929, 0, 0, "9affb941 0000 99c88701"
25.074250, 40.1435775756836, 25675981, 1, TriggerDetected, "06932042 0100 cdc88701"
25.074300, 28.6677360534668, 25676032, 0, 0, "8657e541 0000 00c98701"
25.074350, 19.8460483551025, 25676083, 0, 0, "b5c49e41 0000 33c98701"
25.074400, 37.5271186828613, 25676134, 1, TriggerDetected, "c51b1642 0100 66c98701"
25.074450, 33.9138069152832, 25676185, 0, 0, "bda70742 0000 99c98701"
25.074500, 18.7706108093262, 25676237, 0, 0, "362a9641 0000 cdc98701"
25.074550, 33.0345611572266, 25676288, 1, TriggerDetected, "64230442 0100 00ca8701"
25.074600, 38.1415367126465, 25676339, 0, 0, "ef901842 0000 33ca8701"
25.074650, 20.2838287353516, 25676390, 0, 0, "4845a241 0000 66ca8701"
25.074700, 27.7407493591309, 25676441, 0, 0, "0eeddd41 0000 99ca8701"
25.074750, 40.3556861877441, 25676493, 1, TriggerDetected, "396c2142 0100 cdca8701"
25.074800, 24.0303421020508, 25676544, 0, 0, "243ec041 0000 00cb8701"
25.074850, 22.9037742614746, 25676595, 0, 0, "ee3ab741 0000 33cb8701"
25.074900, 40.0170631408691, 25676646, 1, TriggerDetected, "79112042 0100 66cb8701"
25.074950, 29.1082363128662, 25676697, 0, 0, "abdde841 0000 99cb8701"
25.075000, 19.6613082885742, 25676749, 0, 0, "5c4a9d41 0000 cdcb8701"
25.075050, 37.21533203125, 25676800, 1, TriggerDetected, "80dc1442 0100 00cc8701"
25.075100, 34.3134994506836, 25676851, 0, 0, "06410942 0000 33cc8701"
25.075150, 18.8018646240234, 25676902, 0, 0, "386a9641 0000 66cc8701"
25.075200, 32.6150550842285, 25676953, 1, TriggerDetected, "d1750242 0100 99cc8701"
25.075250, 38.4127082824707, 25677005, 0, 0, "9da61942 0000 cdcc8701"
25.075300, 20.5213737487793, 25677056, 0, 0, "c62ba441 0000 00cd8701"
25.075350, 27.3083000183105, 25677107, 0, 0, "6677da41 0000 33cd8701"
25.075400, 40.4248352050781, 25677158, 1, TriggerDetected, "08b32142 0100 66cd8701"
25.075450, 24.4134502410889, 25677209, 0, 0, "bf4ec341 0000 99cd8701"
25.075500, 22.5613613128662, 25677261, 0, 0, "ab7db441 0000 cdcd8701"
25.075550, 39.8775825500488, 25677312, 1, TriggerDetected, "a5821f42 0100 00ce8701"
25.075600, 29.5487079620361, 25677363, 0, 0, "c163ec41 0000 33ce8701"
25.075650, 19.4977550506592, 25677414, 0, 0, "67fb9b41 0000 66ce8701"
25.075700, 36.8972854614258, 25677465, 1, TriggerDetected, "d2961342 0100 99ce8701"
25.075750, 34.7115936279297, 25677517, 0, 0, "acd80a42 0000 cdce8701"
25.075800, 18.8492622375488, 25677568, 0, 0, "4acb9641 0000 00cf8701"
25.075850, 32.1930923461914, 25677619, 1, TriggerDetected, "bac50042 0100 33cf8701"
25.075900, 38.6657524108887, 25677670, 0, 0, "bba91a42 0000 66cf8701"
25.075950, 20.7692623138428, 25677721, 0, 0, "7327a641 0000 99cf8701"
25.076000, 26.8808059692383, 25677773, 0, 0, "e40bd741 0000 cdcf8701"
25.076050, 40.4822883605957, 25677824, 1, TriggerDetected, "dded2142 0100 00d08701"
25.076100, 24.8037548065186, 25677875, 0, 0, "176ec641 0000 33d08701"
25.076150, 22.2302513122559, 25677926, 0, 0, "8ed7b141 0000 66d08701"
25.076200, 39.7105865478516, 25677977, 1, TriggerDetected, "a4d71e42 0100 99d08701"
25.076250, 29.9863262176514, 25678029, 0, 0, "ffe3ef41 0000 cdd08701"
25.076300, 19.343770980835, 25678080, 0, 0, "0bc09a41 0000 00d18701"
25.076350, 36.5629234313965, 25678131, 1, TriggerDetected, "6f401242 0100 33d18701"
25.076400, 35.0925331115723, 25678182, 0, 0, "c15e0c42 0000 66d18701"
25.076450, 18.9124488830566, 25678233, 0, 0, "b24c9741 0000 99d18701"
25.076500, 31.7590827941895, 25678285, 1, TriggerDetected, "9a12fe41 0100 cdd18701"
25.076550, 38.9068832397461, 25678336, 0, 0, "a6a01b42 0000 00d28701"
25.076600, 21.0343036651611, 25678387, 0, 0, "4146a841 0000 33d28701"
25.076650, 26.4602813720703, 25678438, 0, 0, "a8aed341 0000 66d28701"
25.076700, 40.5126953125, 25678489, 1, TriggerDetected, "000d2242 0100 99d28701"
25.076750, 25.2021427154541, 25678541, 0, 0, "fd9dc941 0000 cdd28701"
25.076800, 21.915678024292, 25678592, 0, 0, "4f53af41 0000 00d38701"
25.076850, 39.5435676574707, 25678643, 1, TriggerDetected, "9d2c1e42 0100 33d38701"
25.076900, 30.4266128540039, 25678694, 0, 0, "b469f341 0000 66d38701"
25.076950, 19.210485458374, 25678745, 0, 0, "13af9941 0000 99d38701"
25.077000, 36.212329864502, 25678797, 1, TriggerDetected, "6dd91042 0100 cdd38701"
25.077050, 35.4729919433594, 25678848, 0, 0, "58e40d42 0000 00d48701"
25.077100, 18.9914073944092, 25678899, 0, 0, "67ee9741 0000 33d48701"
25.077150, 31.3270130157471, 25678950, 1, TriggerDetected, "b99dfa41 0100 66d48701"
25.077200, 39.1280632019043, 25679001, 0, 0, "23831c42 0000 99d48701"
25.077250, 21.3035888671875, 25679053, 0, 0, "c06daa41 0000 cdd48701"
25.077300, 26.0381851196289, 25679104, 0, 0, "344ed041 0000 00d58701"
25.077350, 40.5351943969727, 25679155, 1, TriggerDetected, "0a242242 0100 33d58701"
25.077400, 25.6038112640381, 25679206, 0, 0, "9bd4cc41 0000 66d58701"
25.077450, 21.612190246582, 25679257, 0, 0, "c4e5ac41 0000 99d58701"
25.077500, 39.3484001159668, 25679309, 1, TriggerDetected, "c3641d42 0100 cdd58701"
25.077550, 30.8647766113281, 25679360, 0, 0, "10ebf641 0000 00d68701"
25.077600, 19.096170425415, 25679411, 0, 0, "f5c49841 0000 33d68701"
25.077650, 35.8611068725586, 25679462, 1, TriggerDetected, "c6710f42 0100 66d68701"
25.077700, 35.8377990722656, 25679513, 0, 0, "e8590f42 0000 99d68701"
25.077750, 19.0875568389893, 25679565, 0, 0, "51b39841 0000 cdd68701"
25.077800, 30.8931369781494, 25679616, 1, TriggerDetected, "2525f741 0100 00d78701"
25.077850, 39.3392105102539, 25679667, 0, 0, "5a5b1d42 0000 33d78701"
25.077900, 21.5961151123047, 25679718, 0, 0, "d8c4ac41 0000 66d78701"
25.077950, 25.6319599151611, 25679769, 0, 0, "410ecd41 0000 99d78701"
25.078000, 40.5320053100586, 25679821, 1, TriggerDetected, "c6202242 0100 cdd78701"
25.078050, 26.0149230957031, 25679872, 0, 0, "901ed041 0000 00d88701"
25.078100, 21.3221626281738, 25679923, 0, 0, "ca93aa41 0000 33d88701"
25.078150, 39.1423797607422, 25679974, 1, TriggerDetected, "cc911c42 0100 66d88701"
25.078200, 31.3047199249268, 25680025, 0, 0, "1170fa41 0000 99d88701"
25.078250, 18.9973545074463, 25680077, 0, 0, "95fa9741 0000 cdd88701"
25.078300, 35.4930458068848, 25680128, 1, TriggerDetected, "e1f80d42 0100 00d98701"
25.078350, 36.1909599304199, 25680179, 0, 0, "8bc31042 0000 33d98701"
25.078400, 19.2056179046631, 25680230, 0, 0, "1ba59941 0000 66d98701"
25.078450, 30.4572048187256, 25680281, 1, TriggerDetected, "5ba8f341 0100 99d98701"
25.078500, 39.5299415588379, 25680333, 0, 0, "a91e1e42 0000 cdd98701"
25.078550, 21.8961791992188, 25680384, 0, 0, "602baf41 0000 00da8701"
25.078600, 25.2263374328613, 25680435, 0, 0, "8acfc941 0000 33da8701"
25.078650, 40.517162322998, 25680486, 1, TriggerDetected, "93112242 0100 66da8701"
25.078700, 26.4412860870361, 25680537, 0, 0, "c187d341 0000 99da8701"
25.078750, 21.0496387481689, 25680589, 0, 0, "a965a841 0000 cdda8701"
25.078800, 38.9178924560547, 25680640, 1, TriggerDetected, "ecab1b42 0100 00db8701"
25.078850, 31.7315349578857, 25680691, 0, 0, "2fdafd41 0000 33db8701"
25.078900, 18.9124050140381, 25680742, 0, 0, "9b4c9741 0000 66db8701"
25.078950, 35.1143035888672, 25680793, 1, TriggerDetected, "0c750c42 0100 99db8701"
25.079000, 36.537410736084, 25680845, 0, 0, "4f261242 0000 cddb8701"
25.079050, 19.3353977203369, 25680896, 0, 0, "e5ae9a41 0000 00dc8701"
25.079100, 30.012393951416, 25680947, 0, 0, "6219f041 0000 33dc8701"
25.079150, 39.7053871154785, 25680998, 1, TriggerDetected, "51d21e42 0100 66dc8701"
25.079200, 22.2101554870605, 25681049, 0, 0, "66aeb141 0000 99dc8701"
25.079250, 24.8201503753662, 25681101, 0, 0, "ab8fc641 0000 cddc8701"
25.079300, 40.4777946472168, 25681152, 1, TriggerDetected, "43e92142 0100 00dd8701"
25.079350, 26.8525543212891, 25681203, 0, 0, "08d2d641 0000 33dd8701"
25.079400, 20.7801322937012, 25681254, 0, 0, "b63da641 0000 66dd8701"
25.079450, 38.6799163818359, 25681305, 1, TriggerDetected, "3cb81a42 0100 99dd8701"
25.079500, 32.1614952087402, 25681357, 0, 0, "5fa50042 0000 cddd8701"
25.079550, 18.8531684875488, 25681408, 0, 0, "4ad39641 0000 00de8701"
25.079600, 34.7348861694336, 25681459, 1, TriggerDetected, "86f00a42 0100 33de8701"
25.079650, 36.8703384399414, 25681510, 0, 0, "3a7b1342 0000 66de8701"
25.079700, 19.4861335754395, 25681561, 0, 0, "9ae39b41 0000 99de8701"
25.079750, 29.5744686126709, 25681613, 0, 0, "8398ec41 0000 cdde8701"
25.079800, 39.8641738891602, 25681664, 1, TriggerDetected, "ea741f42 0100 00df8701"
25.079850, 22.5364627838135, 25681715, 0, 0, "ad4ab441 0000 33df8701"
25.079900, 24.4334850311279, 25681766, 0, 0, "c777c341 0000 66df8701"
25.079950, 40.4274826049805, 25681817, 1, TriggerDetected, "beb52142 0100 99df8701"
25.080000, 27.287748336792, 25681869, 0, 0, "4f4dda41 0000 cddf8701"
25.080050, 20.5358295440674, 25681920, 0, 0, "6149a441 0000 00e08701"
25.080100, 38.4292106628418, 25681971, 1, TriggerDetected, "83b71942 0100 33e08701"
25.080150, 32.584602355957, 25682022, 0, 0, "a2560242 0000 66e08701"
25.080200, 18.805212020874, 25682073, 0, 0, "13719641 0000 99e08701"
25.080250, 34.3410339355469, 25682125, 1, TriggerDetected, "385d0942 0100 cde08701"
25.080300, 37.1999816894531, 25682176, 0, 0, "c8cc1442 0000 00e18701"
25.080350, 19.6502227783203, 25682227, 0, 0, "a8339d41 0000 33e18701"
25.080400, 29.1393604278564, 25682278, 0, 0, "691de941 0000 66e18701"
25.080450, 40.0064430236816, 25682329, 1, TriggerDetected, "99062042 0100 99e18701"
25.080500, 22.8796768188477, 25682381, 0, 0, "9409b741 0000 cde18701"
25.080550, 24.0553817749023, 25682432, 0, 0, "6c71c041 0000 00e28701"
25.080600, 40.3602981567383, 25682483, 1, TriggerDetected, "f2702142 0100 33e28701"
25.080650, 27.7158870697021, 25682534, 0, 0, "23badd41 0000 66e28701"
25.080700, 20.3032569885254, 25682585, 0, 0, "126da241 0000 99e28701"
25.080750, 38.1600227355957, 25682637, 1, TriggerDetected, "dda31842 0100 cde28701"
25.080800, 33.0121307373047, 25682688, 0, 0, "6c0c0442 0000 00e38701"
25.080850, 18.7785415649414, 25682739, 0, 0, "743a9641 0000 33e38701"
25.080900, 33.9395294189453, 25682790, 1, TriggerDetected, "14c20742 0100 66e38701"
25.080950, 37.5097045898438, 25682841, 0, 0, "f0091642 0000 99e38701"
25.081000, 19.8322830200195, 25682893, 0, 0, "84a89e41 0000 cde38701"
25.081050, 28.6963424682617, 25682944, 0, 0, "1c92e541 0000 00e48701"
25.081100, 40.1390724182129, 25682995, 1, TriggerDetected, "698e2042 0100 33e48701"
25.081150, 23.2302627563477, 25683046, 0, 0, "94d7b941 0000 66e48701"
25.081200, 23.6780109405518, 25683097, 0, 0, "916cbd41 0000 99e48701"
25.081250, 40.2700347900391, 25683149, 1, TriggerDetected, "84142142 0100 cde48701"
25.081300, 28.1487560272217, 25683200, 0, 0, "a730e141 0000 00e58701"
25.081350, 20.0858173370361, 25683251, 0, 0, "c1afa041 0000 33e58701"
25.081400, 37.8867568969727, 25683302, 1, TriggerDetected, "0a8c1742 0100 66e58701"
25.081450, 33.429084777832, 25683353, 0, 0, "62b70542 0000 99e58701"
25.081500, 18.7662830352783, 25683405, 0, 0, "59219641 0000 cde58701"
25.081550, 33.5347442626953, 25683456, 1, TriggerDetected, "94230642 0100 00e68701"
25.081600, 37.8117752075195, 25683507, 0, 0, "423f1742 0000 33e68701"
25.081650, 20.0372772216797, 25683558, 0, 0, "584ca041 0000 66e68701"
25.081700, 28.2569370269775, 25683609, 0, 0, "350ee241 0000 99e68701"
25.081750, 40.2451820373535, 25683661, 1, TriggerDetected, "11fb2042 0100 cde68701"
25.081800, 23.5882835388184, 25683712, 0, 0, "ceb4bc41 0000 00e78701"
25.081850, 23.3176307678223, 25683763, 0, 0, "828aba41 0000 33e78701"
25.081900, 40.1690139770508, 25683814, 1, TriggerDetected, "12ad2042 0100 66e78701"
25.081950, 28.5876846313477, 25683865, 0, 0, "94b3e441 0000 99e78701"
25.082000, 19.8814945220947, 25683917, 0, 0, "4d0d9f41 0000 cde78701"
25.082050, 37.5816764831543, 25683968, 1, TriggerDetected, "a3531642 0100 00e88701"
25.082100, 33.832763671875, 25684019, 0, 0, "c0540742 0000 33e88701"
25.082150, 18.774076461792, 25684070, 0, 0, "4f319641 0000 66e88701"
25.082200, 33.1235427856445, 25684121, 1, TriggerDetected, "827e0442 0100 99e88701"
25.082250, 38.0891265869141, 25684173, 0, 0, "445b1842 0000 cde88701"
25.082300, 20.2442817687988, 25684224, 0, 0, "4af4a141 0000 00e98701"
25.082350, 27.8209381103516, 25684275, 0, 0, "4891de41 0000 33e98701"
25.082400, 40.3341598510742, 25684326, 1, TriggerDetected, "2e562142 0100 66e98701"
25.082450, 23.9589366912842, 25684377, 0, 0, "e7abbf41 0000 99e98701"
25.082500, 22.9646949768066, 25684429, 0, 0, "b2b7b741 0000 cde98701"
25.082550, 40.0463943481445, 25684480, 1, TriggerDetected, "822f2042 0100 00ea8701"
25.082600, 29.0248832702637, 25684531, 0, 0, "f632e841 0000 33ea8701"
25.082650, 19.6989326477051, 25684582, 0, 0, "6a979d41 0000 66ea8701"
25.082700, 37.2817039489746, 25684633, 1, TriggerDetected, "77201542 0100 99ea8701"
25.082750, 34.2385482788086, 25684685, 0, 0, "46f40842 0000 cdea8701"
25.082800, 18.7971649169922, 25684736, 0, 0, "98609641 0000 00eb8701"
25.082850, 32.6975936889648, 25684787, 1, TriggerDetected, "56ca0242 0100 33eb8701"
25.082900, 38.3620452880859, 25684838, 0, 0, "bc721942 0000 66eb8701"
25.082950, 20.4795360565186, 25684889, 0, 0, "17d6a341 0000 99eb8701"
25.083000, 27.3947792053223, 25684941, 0, 0, "8228db41 0000 cdeb8701"
25.083050, 40.4144859313965, 25684992, 1, TriggerDetected, "6fa82142 0100 00ec8701"
25.083100, 24.3374080657959, 25685043, 0, 0, "03b3c241 0000 33ec8701"
25.083150, 22.6270198822021, 25685094, 0, 0, "2304b541 0000 66ec8701"
25.083200, 39.9085807800293, 25685145, 1, TriggerDetected, "63a21f42 0100 99ec8701"
25.083250, 29.467155456543, 25685197, 0, 0, "bcbceb41 0000 cdec8701"
25.083300, 19.5276031494141, 25685248, 0, 0, "88389c41 0000 00ed8701"
25.083350, 36.9586029052734, 25685299, 1, TriggerDetected, "9cd51342 0100 33ed8701"
25.083400, 34.6320724487305, 25685350, 0, 0, "3e870a42 0000 66ed8701"
25.083450, 18.8378162384033, 25685401, 0, 0, "d9b39641 0000 99ed8701"
25.083500, 32.2737884521484, 25685453, 1, TriggerDetected, "5c180142 0100 cded8701"
25.083550, 38.617790222168, 25685504, 0, 0, "9e781a42 0000 00ee8701"
25.083600, 20.7168083190918, 25685555, 0, 0, "06bca541 0000 33ee8701"
25.083650, 26.9636669158936, 25685606, 0, 0, "97b5d741 0000 66ee8701"
25.083700, 40.4698677062988, 25685657, 1, TriggerDetected, "25e12142 0100 99ee8701"
25.083750, 24.7230606079102, 25685709, 0, 0, "d4c8c541 0000 cdee8701"
25.083800, 22.2934722900391, 25685760, 0, 0, "0859b241 0000 00ef8701"
25.083850, 39.749210357666, 25685811, 1, TriggerDetected, "31ff1e42 0100 33ef8701"
25.083900, 29.9014072418213, 25685862, 0, 0, "1536ef41 0000 66ef8701"
25.083950, 19.374906539917, 25685913, 0, 0, "cfff9a41 0000 99ef8701"
25.084000, 36.629222869873, 25685965, 1, TriggerDetected, "53841242 0100 cdef8701"
25.084050, 35.0221328735352, 25686016, 0, 0, "aa160c42 0000 00f08701"
25.084100, 18.8964023590088, 25686067, 0, 0, "d52b9741 0000 33f08701"
25.084150, 31.8458595275879, 25686118, 1, TriggerDetected, "52c4fe41 0100 66f08701"
25.084200, 38.8573417663574, 25686169, 0, 0, "eb6d1b42 0000 99f08701"
25.084250, 20.9793090820313, 25686221, 0, 0, "a0d5a741 0000 cdf08701"
25.084300, 26.5411853790283, 25686272, 0, 0, "5954d441 0000 00f18701"
25.084350, 40.5120086669922, 25686323, 1, TriggerDetected, "4c0c2242 0100 33f18701"
25.084400, 25.1243801116943, 25686374, 0, 0, "bbfec841 0000 66f18701"
25.084450, 21.9762401580811, 25686425, 0, 0, "57cfaf41 0000 99f18701"
25.084500, 39.5756225585938, 25686477, 1, TriggerDetected, "704d1e42 0100 cdf18701"
25.084550, 30.3458404541016, 25686528, 0, 0, "48c4f241 0000 00f28701"
25.084600, 19.246057510376, 25686579, 0, 0, "edf79941 0000 33f28701"
25.084650, 36.2891311645508, 25686630, 1, TriggerDetected, "12281142 0100 66f28701"
25.084700, 35.3997039794922, 25686681, 0, 0, "4c990d42 0000 99f28701"
25.084750, 18.9765243530273, 25686733, 0, 0, "eccf9741 0000 cdf28701"
25.084800, 31.4175395965576, 25686784, 1, TriggerDetected, "1f57fb41 0100 00f38701"
25.084850, 39.0900421142578, 25686835, 0, 0, "345c1c42 0000 33f38701"
25.084900, 21.2516956329346, 25686886, 0, 0, "7903aa41 0000 66f38701"
25.084950, 26.1240196228027, 25686937, 0, 0, "fefdd041 0000 99f38701"
25.085000, 40.5302085876465, 25686989, 1, TriggerDetected, "ef1e2242 0100 cdf38701"
25.085050, 25.5271968841553, 25687040, 0, 0, "b337cc41 0000 00f48701"
25.085100, 21.6722984313965, 25687091, 0, 0, "de60ad41 0000 33f48701"
25.085150, 39.392749786377, 25687142, 1, TriggerDetected, "2d921d42 0100 66f48701"
25.085200, 30.7816753387451, 25687193, 0, 0, "df40f641 0000 99f48701"
25.085250, 19.1206073760986, 25687245, 0, 0, "01f79841 0000 cdf48701"
25.085300, 35.9296188354492, 25687296, 1, TriggerDetected, "eeb70f42 0100 00f58701"
25.085350, 35.7711639404297, 25687347, 0, 0, "ac150f42 0000 33f58701"
25.085400, 19.0718727111816, 25687398, 0, 0, "32939841 0000 66f58701"
25.085450, 30.9801273345947, 25687449, 1, TriggerDetected, "4dd7f741 0100 99f58701"
25.085500, 39.2993278503418, 25687501, 0, 0, "83321d42 0000 cdf58701"
25.085550, 21.5362224578857, 25687552, 0, 0, "2f4aac41 0000 00f68701"
25.085600, 25.7115535736084, 25687603, 0, 0, "43b1cd41 0000 33f68701"
25.085650, 40.5397109985352, 25687654, 1, TriggerDetected, "aa282242 0100 66f68701"
25.085700, 25.9383277893066, 25687705, 0, 0, "b281cf41 0000 99f68701"
25.085750, 21.3778419494629, 25687757, 0, 0, "d205ab41 0000 cdf68701"
25.085800, 39.1815910339355, 25687808, 1, TriggerDetected, "f3b91c42 0100 00f78701"
25.085850, 31.2191619873047, 25687859, 0, 0, "d8c0f941 0000 33f78701"
25.085900, 19.015193939209, 25687910, 0, 0, "1e1f9841 0000 66f78701"
25.085950, 35.5637474060059, 25687961, 1, TriggerDetected, "47410e42 0100 99f78701"
25.086000, 36.1215133666992, 25688013, 0, 0, "6e7c1042 0000 cdf78701"
25.086050, 19.1831550598145, 25688064, 0, 0, "1a779941 0000 00f88701"
25.086100, 30.5382175445557, 25688115, 1, TriggerDetected, "454ef441 0100 33f88701"
25.086150, 39.4948959350586, 25688166, 0, 0, "c6fa1d42 0000 66f88701"
25.086200, 21.8365211486816, 25688217, 0, 0, "32b1ae41 0000 99f88701"
25.086250, 25.3041610717773, 25688269, 0, 0, "ec6eca41 0000 cdf88701"
25.086300, 40.5230484008789, 25688320, 1, TriggerDetected, "9a172242 0100 00f98701"
25.086350, 26.3555679321289, 25688371, 0, 0, "34d8d241 0000 33f98701"
25.086400, 21.102237701416, 25688422, 0, 0, "62d1a841 0000 66f98701"
25.086450, 38.9688949584961, 25688473, 1, TriggerDetected, "26e01b42 0100 99f98701"
25.086500, 31.6538562774658, 25688525, 0, 0, "193bfd41 0000 cdf98701"
25.086550, 18.9298896789551, 25688576, 0, 0, "6a709741 0000 00fa8701"
25.086600, 35.1874389648438, 25688627, 1, TriggerDetected, "f0bf0c42 0100 33fa8701"
25.086650, 36.4726371765137, 25688678, 0, 0, "fbe31142 0000 66fa8701"
25.086700, 19.3115158081055, 25688729, 0, 0, "fc7d9a41 0000 99fa8701"
25.086750, 30.1039505004883, 25688781, 1, TriggerDetected, "e4d4f041 0100 cdfa8701"
25.086800, 39.6747703552246, 25688832, 0, 0, "f7b21e42 0000 00fb8701"
25.086850, 22.1516208648682, 25688883, 0, 0, "8536b141 0000 33fb8701"
25.086900, 24.904899597168, 25688934, 0, 0, "3c3dc741 0000 66fb8701"
25.086950, 40.493106842041, 25688985, 1, TriggerDetected, "f1f82142 0100 99fb8701"
25.087000, 26.7741775512695, 25689037, 0, 0, "8431d641 0000 cdfb8701"
25.087050, 20.8368282318115, 25689088, 0, 0, "d3b1a641 0000 00fc8701"
25.087100, 38.729679107666, 25689139, 1, TriggerDetected, "31eb1a42 0100 33fc8701"
25.087150, 32.0803680419922, 25689190, 0, 0, "4c520042 0000 66fc8701"
25.087200, 18.8616199493408, 25689241, 0, 0, "99e49641 0000 99fc8701"
25.087250, 34.8054733276367, 25689293, 1, TriggerDetected, "ce380b42 0100 cdfc8701"
25.087300, 36.8065376281738, 25689344, 0, 0, "e5391342 0000 00fd8701"
25.087350, 19.4557323455811, 25689395, 0, 0, "57a59b41 0000 33fd8701"
25.087400, 29.6644496917725, 25689446, 0, 0, "cb50ed41 0000 66fd8701"
25.087450, 39.8372573852539, 25689497, 1, TriggerDetected, "5a591f42 0100 99fd8701"
25.087500, 22.4752502441406, 25689549, 0, 0, "50cdb341 0000 cdfd8701"
25.087550, 24.5116691589355, 25689600, 0, 0, "e617c441 0000 00fe8701"
25.087600, 40.4405136108398, 25689651, 1, TriggerDetected, "16c32142 0100 33fe8701"
25.087650, 27.1981410980225, 25689702, 0, 0, "cb95d941 0000 66fe8701"
25.087700, 20.5801029205322, 25689753, 0, 0, "0da4a441 0000 99fe8701"
25.087750, 38.475399017334, 25689805, 1, TriggerDetected, "cfe61942 0100 cdfe8701"
25.087800, 32.5048942565918, 25689856, 0, 0, "03050242 0000 00ff8701"
25.087850, 18.8068256378174, 25689907, 0, 0, "61749641 0000 33ff8701"
25.087900, 34.4162101745605, 25689958, 1, TriggerDetected, "33aa0942 0100 66ff8701"
25.087950, 37.1339645385742, 25690009, 0, 0, "2e891442 0000 99ff8701"
25.088000, 19.6173915863037, 25690061, 0, 0, "6bf09c41 0000 cdff8701"
25.088050, 29.2203903198242, 25690112, 0, 0, "5cc3e941 0000 00008801"
25.088100, 39.9868545532227, 25690163, 1, TriggerDetected, "8af21f42 0100 33008801"
25.088150, 22.8129806518555, 25690214, 0, 0, "fc80b641 0000 66008801"
25.088200, 24.126558303833, 25690265, 0, 0, "3103c141 0000 99008801"
25.088250, 40.372428894043, 25690317, 1, TriggerDetected, "5e7d2142 0100 cd008801"
25.088300, 27.6290245056152, 25690368, 0, 0, "3e08dd41 0000 00018801"
25.088350, 20.3474731445313, 25690419, 0, 0, "a0c7a241 0000 33018801"
25.088400, 38.213623046875, 25690470, 1, TriggerDetected, "c0da1842 0100 66018801"
25.088450, 32.9265670776367, 25690521, 0, 0, "ceb40342 0000 99018801"
25.088500, 18.7793922424316, 25690573, 0, 0, "323c9641 0000 cd018801"
25.088550, 34.0158424377441, 25690624, 1, TriggerDetected, "39100842 0100 00028801"
25.088600, 37.4513168334961, 25690675, 0, 0, "26ce1542 0000 33028801"
25.088650, 19.7964305877686, 25690726, 0, 0, "175f9e41 0000 66028801"
25.088700, 28.7804908752441, 25690777, 0, 0, "723ee641 0000 99028801"
25.088750, 40.1085548400879, 25690829, 1, TriggerDetected, "296f2042 0100 cd028801"
25.088800, 23.1581516265869, 25690880, 0, 0, "e543b941 0000 00038801"
25.088850, 23.7519226074219, 25690931, 0, 0, "f003be41 0000 33038801"
25.088900, 40.2893295288086, 25690982, 1, TriggerDetected, "46282142 0100 66038801"
25.088950, 28.0636863708496, 25691033, 0, 0, "6e82e041 0000 99038801"
25.089000, 20.126407623291, 25691085, 0, 0, "e202a141 0000 cd038801"
25.089050, 37.9331970214844, 25691136, 1, TriggerDetected, "98bb1742 0100 00048801"
25.089100, 33.3444519042969, 25691187, 0, 0, "b8600542 0000 33048801"
25.089150, 18.7626781463623, 25691238, 0, 0, "f7199641 0000 66048801"
25.089200, 33.6086006164551, 25691289, 1, TriggerDetected, "356f0642 0100 99048801"
25.089250, 37.7458038330078, 25691341, 0, 0, "b4fb1642 0000 cd048801"
25.089300, 19.9906558990479, 25691392, 0, 0, "ddec9f41 0000 00058801"
25.089350, 28.3406391143799, 25691443, 0, 0, "a1b9e241 0000 33058801"
25.089400, 40.2266426086426, 25691494, 1, TriggerDetected, "15e82042 0100 66058801"
25.089450, 23.5167675018311, 25691545, 0, 0, "5722bc41 0000 99058801"
25.089500, 23.3837585449219, 25691597, 0, 0, "f011bb41 0000 cd058801"
25.089550, 40.1854591369629, 25691648, 1, TriggerDetected, "e9bd2042 0100 00068801"
25.089600, 28.5007152557373, 25691699, 0, 0, "7701e441 0000 33068801"
25.089650, 19.9185695648193, 25691750, 0, 0, "3b599f41 0000 66068801"
25.089700, 37.6430854797363, 25691801, 1, TriggerDetected, "85921642 0100 99068801"
25.089750, 33.7557182312012, 25691853, 0, 0, "db050742 0000 cd068801"
25.089800, 18.7667045593262, 25691904, 0, 0, "36229641 0000 00078801"
25.089850, 33.1953125, 25691955, 1, TriggerDetected, "00c80442 0100 33078801"
25.089900, 38.0349311828613, 25692006, 0, 0, "c5231842 0000 66078801"
25.089950, 20.2036075592041, 25692057, 0, 0, "fda0a141 0000 99078801"
25.090000, 27.9083786010742, 25692109, 0, 0, "5c44df41 0000 cd078801"
25.090050, 40.316104888916, 25692160, 1, TriggerDetected, "b1432142 0100 00088801"
25.090100, 23.8819637298584, 25692211, 0, 0, "430ebf41 0000 33088801"
25.090150, 23.0339794158936, 25692262, 0, 0, "9745b841 0000 66088801"
25.090200, 40.0679206848145, 25692313, 1, TriggerDetected, "8d452042 0100 99088801"
25.090250, 28.9343242645264, 25692365, 0, 0, "7f79e741 0000 cd088801"
25.090300, 19.7238922119141, 25692416, 0, 0, "88ca9d41 0000 00098801"
25.090350, 37.3304138183594, 25692467, 1, TriggerDetected, "58521542 0100 33098801"
25.090400, 34.1556358337402, 25692518, 0, 0, "5f9f0842 0000 66098801"
25.090450, 18.7870044708252, 25692569, 0, 0, "c94b9641 0000 99098801"
25.090500, 32.7731475830078, 25692621, 1, TriggerDetected, "b4170342 0100 cd098801"
25.090550, 38.3034477233887, 25692672, 0, 0, "bb361942 0000 000a8801"
25.090600, 20.4254760742188, 25692723, 0, 0, "6067a341 0000 330a8801"
25.090650, 27.470235824585, 25692774, 0, 0, "0bc3db41 0000 660a8801"
25.090700, 40.3974304199219, 25692825, 1, TriggerDetected, "f8962142 0100 990a8801"
25.090750, 24.2624092102051, 25692877, 0, 0, "6a19c241 0000 cd0a8801"
25.090800, 22.6866779327393, 25692928, 0, 0, "517eb541 0000 000b8801"
25.090850, 39.9286117553711, 25692979, 1, TriggerDetected, "e6b61f42 0100 330b8801"
25.090900, 29.3772773742676, 25693030, 0, 0, "aa04eb41 0000 660b8801"
25.090950, 19.5575942993164, 25693081, 0, 0, "f4759c41 0000 990b8801"
25.091000, 37.020450592041, 25693133, 1, TriggerDetected, "f1141442 0100 cd0b8801"
25.091050, 34.5552291870117, 25693184, 0, 0, "8e380a42 0000 000c8801"
25.091100, 18.8250732421875, 25693235, 0, 0, "c0999641 0000 330c8801"
25.091150, 32.3541069030762, 25693286, 1, TriggerDetected, "9b6a0142 0100 660c8801"
25.091200, 38.5649490356445, 25693337, 0, 0, "82421a42 0000 990c8801"
25.091250, 20.665714263916, 25693389, 0, 0, "6253a541 0000 cd0c8801"
25.091300, 27.0422840118408, 25693440, 0, 0, "9956d841 0000 000d8801"
25.091350, 40.4593658447266, 25693491, 1, TriggerDetected, "64d62142 0100 330d8801"
25.091400, 24.6494941711426, 25693542, 0, 0, "2a32c541 0000 660d8801"
25.091450, 22.3567218780518, 25693593, 0, 0, "91dab241 0000 990d8801"
25.091500, 39.7792778015137, 25693645, 1, TriggerDetected, "fb1d1f42 0100 cd0d8801"
25.091550, 29.8167419433594, 25693696, 0, 0, "b088ee41 0000 000e8801"
25.091600, 19.4011116027832, 25693747, 0, 0, "7a359b41 0000 330e8801"
25.091650, 36.6911468505859, 25693798, 1, TriggerDetected, "bcc31242 0100 660e8801"
25.091700, 34.9464225769043, 25693849, 0, 0, "23c90b42 0000 990e8801"
25.091750, 18.8893527984619, 25693901, 0, 0, "651d9741 0000 cd0e8801"
25.091800, 31.9284858703613, 25693952, 1, TriggerDetected, "8a6dff41 0100 000f8801"
25.091850, 38.8187789916992, 25694003, 0, 0, "6e461b42 0000 330f8801"
25.091900, 20.9299983978271, 25694054, 0, 0, "a370a741 0000 660f8801"
25.091950, 26.626049041748, 25694105, 0, 0, "2602d541 0000 990f8801"
25.092000, 40.5057640075684, 25694157, 1, TriggerDetected, "e7052242 0100 cd0f8801"
25.092050, 25.0485019683838, 25694208, 0, 0, "5563c841 0000 00108801"
25.092100, 22.0441818237305, 25694259, 0, 0, "7c5ab041 0000 33108801"
25.092150, 39.6132926940918, 25694310, 1, TriggerDetected, "03741e42 0100 66108801"
25.092200, 30.2545948028564, 25694361, 0, 0, "6909f241 0000 99108801"
25.092250, 19.2623672485352, 25694413, 0, 0, "54199a41 0000 cd108801"
25.092300, 36.3548011779785, 25694464, 1, TriggerDetected, "516b1142 0100 00118801"
25.092350, 35.3293533325195, 25694515, 0, 0, "42510d42 0000 33118801"
25.092400, 18.9666728973389, 25694566, 0, 0, "bfbb9741 0000 66118801"
25.092450, 31.4976444244385, 25694617, 1, TriggerDetected, "2dfbfb41 0100 99118801"
25.092500, 39.0445671081543, 25694669, 0, 0, "a32d1c42 0000 cd118801"
25.092550, 21.196310043335, 25694720, 0, 0, "0b92a941 0000 00128801"
25.092600, 26.2060966491699, 25694771, 0, 0, "16a6d141 0000 33128801"
25.092650, 40.5344886779785, 25694822, 1, TriggerDetected, "51232242 0100 66128801"
25.092700, 25.4486465454102, 25694873, 0, 0, "d496cb41 0000 99128801"
25.092750, 21.7312278747559, 25694925, 0, 0, "8ed9ad41 0000 cd128801"
25.092800, 39.4276809692383, 25694976, 1, TriggerDetected, "f2b51d42 0100 00138801"
25.092850, 30.7008743286133, 25695027, 0, 0, "649bf541 0000 33138801"
25.092900, 19.1439552307129, 25695078, 0, 0, "d2269941 0000 66138801"
25.092950, 36.0002098083496, 25695129, 1, TriggerDetected, "37001042 0100 99138801"
25.093000, 35.6988830566406, 25695181, 0, 0, "a8cb0e42 0000 cd138801"
25.093050, 19.0531616210938, 25695232, 0, 0, "e06c9841 0000 00148801"
25.093100, 31.061695098877, 25695283, 1, TriggerDetected, "5a7ef841 0100 33148801"
25.093150, 39.2626876831055, 25695334, 0, 0, "fe0c1d42 0000 66148801"
25.093200, 21.4878597259521, 25695385, 0, 0, "23e7ab41 0000 99148801"
25.093250, 25.7946605682373, 25695437, 0, 0, "775bce41 0000 cd148801"
25.093300, 40.5382881164551, 25695488, 1, TriggerDetected, "35272242 0100 00158801"
25.093350, 25.859001159668, 25695539, 0, 0, "3cdfce41 0000 33158801"
25.093400, 21.4321212768555, 25695590, 0, 0, "fc74ab41 0000 66158801"
25.093450, 39.2257423400879, 25695641, 1, TriggerDetected, "29e71c42 0100 99158801"
25.093500, 31.1304702758789, 25695693, 0, 0, "340bf941 0000 cd158801"
25.093550, 19.0345020294189, 25695744, 0, 0, "a9469841 0000 00168801"
25.093600, 35.6350135803223, 25695795, 1, TriggerDetected, "418a0e42 0100 33168801"
25.093650, 36.0576324462891, 25695846, 0, 0, "043b1042 0000 66168801"
25.093700, 19.1592235565186, 25695897, 0, 0, "17469941 0000 99168801"
25.093750, 30.6225528717041, 25695949, 1, TriggerDetected, "fdfaf441 0100 cd168801"
25.093800, 39.4573974609375, 25696000, 0, 0, "60d41d42 0000 00178801"
25.093850, 21.7815761566162, 25696051, 0, 0, "ab40ae41 0000 33178801"
25.093900, 25.3841972351074, 25696102, 0, 0, "d612cb41 0000 66178801"
25.093950, 40.5307121276855, 25696153, 1, TriggerDetected, "731f2242 0100 99178801"
25.094000, 26.2695045471191, 25696205, 0, 0, "f227d241 0000 cd178801"
25.094050, 21.1541309356689, 25696256, 0, 0, "a93ba941 0000 00188801"
25.094100, 39.007869720459, 25696307, 1, TriggerDetected, "0f081c42 0100 33188801"
25.094150, 31.5710010528564, 25696358, 0, 0, "6991fc41 0000 66188801"
25.094200, 18.9490413665771, 25696409, 0, 0, "a3979741 0000 99188801"
25.094250, 35.2690582275391, 25696461, 1, TriggerDetected, "84130d42 0100 cd188801"
25.094300, 36.4094085693359, 25696512, 0, 0, "3ca31142 0000 00198801"
25.094350, 19.2889957427979, 25696563, 0, 0, "dd4f9a41 0000 33198801"
25.094400, 30.1892719268799, 25696614, 1, TriggerDetected, "a183f141 0100 66198801"
25.094450, 39.6448020935059, 25696665, 0, 0, "47941e42 0000 99198801"
25.094500, 22.0902233123779, 25696717, 0, 0, "c7b8b041 0000 cd198801"
25.094550, 24.980525970459, 25696768, 0, 0, "1ed8c741 0000 001a8801"
25.094600, 40.4962272644043, 25696819, 1, TriggerDetected, "23fc2142 0100 331a8801"
25.094650, 26.6937313079834, 25696870, 0, 0, "c38cd541 0000 661a8801"
25.094700, 20.8883247375488, 25696921, 0, 0, "4a1ba741 0000 991a8801"
25.094750, 38.7765045166016, 25696973, 1, TriggerDetected, "241b1b42 0100 cd1a8801"
25.094800, 31.9998931884766, 25697024, 0, 0, "c8ffff41 0000 001b8801"
25.094850, 18.8757152557373, 25697075, 0, 0, "77019741 0000 331b8801"
25.094900, 34.8827476501465, 25697126, 1, TriggerDetected, "ef870b42 0100 661b8801"
25.094950, 36.7515563964844, 25697177, 0, 0, "98011342 0000 991b8801"
25.095000, 19.4295692443848, 25697229, 0, 0, "c26f9b41 0000 cd1b8801"
25.095050, 29.7468109130859, 25697280, 0, 0, "78f9ed41 0000 001c8801"
25.095100, 39.8069000244141, 25697331, 1, TriggerDetected, "443a1f42 0100 331c8801"
25.095150, 22.4108982086182, 25697382, 0, 0, "8549b341 0000 661c8801"
25.095200, 24.5868740081787, 25697433, 0, 0, "ebb1c441 0000 991c8801"
25.095250, 40.4528160095215, 25697485, 1, TriggerDetected, "afcf2142 0100 cd1c8801"
25.095300, 27.1159229278564, 25697536, 0, 0, "69edd841 0000 001d8801"
25.095350, 20.6363677978516, 25697587, 0, 0, "4817a541 0000 331d8801"
25.095400, 38.5308990478516, 25697638, 1, TriggerDetected, "a41f1a42 0100 661d8801"
25.095450, 32.4288558959961, 25697689, 0, 0, "26b70142 0000 991d8801"
25.095500, 18.8250617980957, 25697741, 0, 0, "ba999641 0000 cd1d8801"
25.095550, 34.4986534118652, 25697792, 1, TriggerDetected, "9ffe0942 0100 001e8801"
25.095600, 37.0757102966309, 25697843, 0, 0, "874d1442 0000 331e8801"
25.095650, 19.5909061431885, 25697894, 0, 0, "2dba9c41 0000 661e8801"
25.095700, 29.3097629547119, 25697945, 0, 0, "657aea41 0000 991e8801"
25.095750, 39.9589881896973, 25697997, 1, TriggerDetected, "01d61f42 0100 cd1e8801"
25.095800, 22.7492122650146, 25698048, 0, 0, "63feb541 0000 001f8801"
25.095850, 24.2035388946533, 25698099, 0, 0, "d9a0c141 0000 331f8801"
25.095900, 40.3900108337402, 25698150, 1, TriggerDetected, "5f8f2142 0100 661f8801"
25.095950, 27.5483055114746, 25698201, 0, 0, "ee62dc41 0000 991f8801"
25.096000, 20.3954849243164, 25698253, 0, 0, "f429a341 0000 cd1f8801"
25.096050, 38.2689056396484, 25698304, 1, TriggerDetected, "5c131942 0100 00208801"
25.096100, 32.8485908508301, 25698355, 0, 0, "f5640342 0000 33208801"
25.096150, 18.7858619689941, 25698406, 0, 0, "72499641 0000 66208801"
25.096200, 34.0970726013184, 25698457, 1, TriggerDetected, "67630842 0100 99208801"
25.096250, 37.3891906738281, 25698509, 0, 0, "888e1542 0000 cd208801"
25.096300, 19.763614654541, 25698560, 0, 0, "e21b9e41 0000 00218801"
25.096350, 28.8739452362061, 25698611, 0, 0, "d7fde641 0000 33218801"
25.096400, 40.0900230407715, 25698662, 1, TriggerDetected, "2f5c2042 0100 66218801"
25.096450, 23.0908622741699, 25698713, 0, 0, "16bab841 0000 99218801"
25.096500, 23.820348739624, 25698765, 0, 0, "1390be41 0000 cd218801"
25.096550, 40.3087348937988, 25698816, 1, TriggerDetected, "253c2142 0100 00228801"
25.096600, 27.9805736541748, 25698867, 0, 0, "37d8df41 0000 33228801"
25.096650, 20.1676807403564, 25698918, 0, 0, "6957a141 0000 66228801"
25.096700, 37.9928436279297, 25698969, 1, TriggerDetected, "acf81742 0100 99228801"
25.096750, 33.2658004760742, 25699021, 0, 0, "2e100542 0000 cd228801"
25.096800, 18.7630023956299, 25699072, 0, 0, "a11a9641 0000 00238801"
25.096850, 33.6881217956543, 25699123, 1, TriggerDetected, "a3c00642 0100 33238801"
25.096900, 37.6948394775391, 25699174, 0, 0, "84c71642 0000 66238801"
25.096950, 19.9553203582764, 25699225, 0, 0, "7fa49f41 0000 99238801"
25.097000, 28.4269199371338, 25699277, 0, 0, "556ae341 0000 cd238801"
25.097050, 40.2027854919434, 25699328, 1, TriggerDetected, "a7cf2042 0100 00248801"
25.097100, 23.4480266571045, 25699379, 0, 0, "8f95bb41 0000 33248801"
25.097150, 23.4544124603271, 25699430, 0, 0, "a3a2bb41 0000 66248801"
25.097200, 40.209716796875, 25699481, 1, TriggerDetected, "c0d62042 0100 99248801"
25.097250, 28.4148502349854, 25699533, 0, 0, "9d51e341 0000 cd248801"
25.097300, 19.9595508575439, 25699584, 0, 0, "29ad9f41 0000 00258801"
25.097350, 37.702808380127, 25699635, 1, TriggerDetected, "adcf1642 0100 33258801"
25.097400, 33.6804084777832, 25699686, 0, 0, "bdb80642 0000 66258801"
25.097450, 18.7699775695801, 25699737, 0, 0, "ea289641 0000 99258801"
25.097500, 33.2814826965332, 25699789, 1, TriggerDetected, "3d200542 0100 cd258801"
25.097550, 37.9828872680664, 25699840, 0, 0, "7aee1742 0000 00268801"
25.097600, 20.1616497039795, 25699891, 0, 0, "0f4ba141 0000 33268801"
25.097650, 27.9910640716553, 25699942, 0, 0, "b3eddf41 0000 66268801"
25.097700, 40.3052444458008, 25699993, 1, TriggerDetected, "92382142 0100 99268801"
25.097750, 23.8100032806396, 25700045, 0, 0, "e37abe41 0000 cd268801"
25.097800, 23.1015701293945, 25700096, 0, 0, "04d0b841 0000 00278801"
25.097850, 40.0913124084473, 25700147, 1, TriggerDetected, "815d2042 0100 33278801"
25.097900, 28.8556060791016, 25700198, 0, 0, "48d8e641 0000 66278801"
25.097950, 19.7712898254395, 25700249, 0, 0, "9a2b9e41 0000 99278801"
25.098000, 37.3987121582031, 25700301, 1, TriggerDetected, "48981542 0100 cd278801"
25.098050, 34.0780601501465, 25700352, 0, 0, "ef4f0842 0000 00288801"
25.098100, 18.7815113067627, 25700403, 0, 0, "89409641 0000 33288801"
25.098150, 32.8526306152344, 25700454, 1, TriggerDetected, "18690342 0100 66288801"
25.098200, 38.256477355957, 25700505, 0, 0, "a2061942 0000 99288801"
25.098250, 20.3852519989014, 25700557, 0, 0, "ff14a341 0000 cd288801"
25.098300, 27.5573101043701, 25700608, 0, 0, "5f75dc41 0000 00298801"
25.098350, 40.3821868896484, 25700659, 1, TriggerDetected, "5c872142 0100 33298801"
25.098400, 24.1901054382324, 25700710, 0, 0, "5685c141 0000 66298801"
25.098450, 22.7531852722168, 25700761, 0, 0, "8606b641 0000 99298801"
25.098500, 39.9655609130859, 25700813, 1, TriggerDetected, "bcdc1f42 0100 cd298801"
25.098550, 29.2944526672363, 25700864, 0, 0, "0a5bea41 0000 002a8801"
25.098600, 19.5898666381836, 25700915, 0, 0, "0cb89c41 0000 332a8801"
25.098650, 37.0786666870117, 25700966, 1, TriggerDetected, "8e501442 0100 662a8801"
25.098700, 34.4818077087402, 25701017, 0, 0, "5fed0942 0000 992a8801"
25.098750, 18.8167915344238, 25701069, 0, 0, "ca889641 0000 cd2a8801"
25.098800, 32.4345932006836, 25701120, 1, TriggerDetected, "06bd0142 0100 002b8801"
25.098850, 38.5175285339355, 25701171, 0, 0, "f3111a42 0000 332b8801"
25.098900, 20.6203746795654, 25701222, 0, 0, "87f6a441 0000 662b8801"
25.098950, 27.12522315979, 25701273, 0, 0, "7500d941 0000 992b8801"
25.099000, 40.4466094970703, 25701325, 1, TriggerDetected, "54c92142 0100 cd2b8801"
25.099050, 24.5723266601563, 25701376, 0, 0, "2094c441 0000 002c8801"
25.099100, 22.4216232299805, 25701427, 0, 0, "7c5fb341 0000 332c8801"
25.099150, 39.8083152770996, 25701478, 1, TriggerDetected, "b73b1f42 0100 662c8801"
25.099200, 29.7263813018799, 25701529, 0, 0, "a1cfed41 0000 992c8801"
25.099250, 19.4267520904541, 25701581, 0, 0, "fd699b41 0000 cd2c8801"
25.099300, 36.7526245117188, 25701632, 1, TriggerDetected, "b0021342 0100 002d8801"
25.099350, 34.8680648803711, 25701683, 0, 0, "e6780b42 0000 332d8801"
25.099400, 18.8700332641602, 25701734, 0, 0, "d4f59641 0000 662d8801"
25.099450, 32.0088119506836, 25701785, 1, TriggerDetected, "06090042 0100 992d8801"
25.099500, 38.7689628601074, 25701837, 0, 0, "6b131b42 0000 cd2d8801"
25.099550, 20.8759689331055, 25701888, 0, 0, "fc01a741 0000 002e8801"
25.099600, 26.697696685791, 25701939, 0, 0, "e294d541 0000 332e8801"
25.099650, 40.4930953979492, 25701990, 1, TriggerDetected, "eef82142 0100 662e8801"
25.099700, 24.9686737060547, 25702041, 0, 0, "d8bfc741 0000 992e8801"
25.099750, 22.0958271026611, 25702093, 0, 0, "41c4b041 0000 cd2e8801"
25.099800, 39.6455841064453, 25702144, 1, TriggerDetected, "14951e42 0100 002f8801"
25.099850, 30.1679840087891, 25702195, 0, 0, "0858f141 0000 332f8801"
25.099900, 19.2825736999512, 25702246, 0, 0, "b6429a41 0000 662f8801"
25.099950, 36.4136619567871, 25702297, 1, TriggerDetected, "97a71142 0100 992f8801"
25.100000, 35.2495574951172, 25702349, 0, 0, "8cff0c42 0000 cd2f8801"
25.100050, 18.9413089752197, 25702400, 0, 0, "cd879741 0000 00308801"
25.100100, 31.5776767730713, 25702451, 1, TriggerDetected, "159ffc41 0100 33308801"
25.100150, 38.9979248046875, 25702502, 0, 0, "e0fd1b42 0000 66308801"
25.100200, 21.1412925720215, 25702553, 0, 0, "5e21a941 0000 99308801"
25.100250, 26.2820892333984, 25702605, 0, 0, "b841d241 0000 cd308801"
25.100300, 40.5200080871582, 25702656, 1, TriggerDetected, "7d142242 0100 00318801"
25.100350, 25.3662815093994, 25702707, 0, 0, "25eeca41 0000 33318801"
25.100400, 21.7848205566406, 25702758, 0, 0, "5047ae41 0000 66318801"
25.100450, 39.4639205932617, 25702809, 1, TriggerDetected, "0edb1d42 0100 99318801"
25.100500, 30.6081981658936, 25702861, 0, 0, "97ddf441 0000 cd318801"
25.100550, 19.1572971343994, 25702912, 0, 0, "25429941 0000 00328801"
25.100600, 36.0634803771973, 25702963, 1, TriggerDetected, "01411042 0100 33328801"
25.100650, 35.6259307861328, 25703014, 0, 0, "f4800e42 0000 66328801"
25.100700, 19.0295429229736, 25703065, 0, 0, "813c9841 0000 99328801"
25.100750, 31.1455535888672, 25703117, 1, TriggerDetected, "182af941 0100 cd328801"
25.100800, 39.2117156982422, 25703168, 0, 0, "ccd81c42 0000 00338801"
25.100850, 21.4215698242188, 25703219, 0, 0, "605fab41 0000 33338801"
25.100900, 25.8683586120605, 25703270, 0, 0, "66f2ce41 0000 66338801"
25.100950, 40.5336647033691, 25703321, 1, TriggerDetected, "79222242 0100 99338801"
25.101000, 25.7730751037598, 25703373, 0, 0, "422fce41 0000 cd338801"
25.101050, 21.4832801818848, 25703424, 0, 0, "c2ddab41 0000 00348801"
25.101100, 39.2615165710449, 25703475, 1, TriggerDetected, "cb0b1d42 0100 33348801"
25.101150, 31.045467376709, 25703526, 0, 0, "1e5df841 0000 66348801"
25.101200, 19.0483226776123, 25703577, 0, 0, "f7629841 0000 99348801"
25.101250, 35.7043228149414, 25703629, 1, TriggerDetected, "3ad10e42 0100 cd348801"
25.101300, 35.9824447631836, 25703680, 0, 0, "06ee0f42 0000 00358801"
25.101350, 19.1331634521484, 25703731, 0, 0, "b8109941 0000 33358801"
25.101400, 30.7041606903076, 25703782, 1, TriggerDetected, "1fa2f541 0100 66358801"
25.101450, 39.4198760986328, 25703833, 0, 0, "f4ad1d42 0000 99358801"
25.101500, 21.7197208404541, 25703885, 0, 0, "fdc1ad41 0000 cd358801"
25.101550, 25.4555644989014, 25703936, 0, 0, "ffa4cb41 0000 00368801"
25.101600, 40.5232200622559, 25703987, 1, TriggerDetected, "c7172242 0100 33368801"
25.101650, 26.1859703063965, 25704038, 0, 0, "de7cd141 0000 66368801"
25.101700, 21.2054405212402, 25704089, 0, 0, "bea4a941 0000 99368801"
25.101750, 39.0521965026855, 25704141, 1, TriggerDetected, "73351c42 0100 cd368801"
25.101800, 31.4799327850342, 25704192, 0, 0, "e7d6fb41 0000 00378801"
25.101850, 18.9623985290527, 25704243, 0, 0, "feb29741 0000 33378801"
25.101900, 35.331615447998, 25704294, 1, TriggerDetected, "93530d42 0100 66378801"
25.101950, 36.3400802612305, 25704345, 0, 0, "3e5c1142 0000 99378801"
25.102000, 19.25634765625, 25704397, 0, 0, "000d9a41 0000 cd378801"
25.102050, 30.2671089172363, 25704448, 1, TriggerDetected, "0a23f241 0100 00388801"
25.102100, 39.5988616943359, 25704499, 0, 0, "3c651e42 0000 33388801"
25.102150, 22.0251617431641, 25704550, 0, 0, "8833b041 0000 66388801"
25.102200, 25.0545787811279, 25704601, 0, 0, "c76fc841 0000 99388801"
25.102250, 40.502326965332, 25704653, 1, TriggerDetected, "62022242 0100 cd388801"
25.102300, 26.6108932495117, 25704704, 0, 0, "1ce3d441 0000 00398801"
25.102350, 20.9308547973633, 25704755, 0, 0, "6472a741 0000 33398801"
25.102400, 38.8174591064453, 25704806, 1, TriggerDetected, "14451b42 0100 66398801"
25.102450, 31.9167442321777, 25704857, 0, 0, "7e55ff41 0000 99398801"
25.102500, 18.8864345550537, 25704909, 0, 0, "6b179741 0000 cd398801"
25.102550, 34.9551887512207, 25704960, 1, TriggerDetected, "1dd20b42 0100 003a8801"
25.102600, 36.6773834228516, 25705011, 0, 0, "a4b51242 0000 333a8801"
25.102650, 19.3931255340576, 25705062, 0, 0, "1f259b41 0000 663a8801"
25.102700, 29.825511932373, 25705113, 0, 0, "a69aee41 0000 993a8801"
25.102750, 39.776969909668, 25705165, 1, TriggerDetected, "9e1b1f42 0100 cd3a8801"
25.102800, 22.351167678833, 25705216, 0, 0, "31cfb241 0000 003b8801"
25.102850, 24.6625900268555, 25705267, 0, 0, "fc4cc541 0000 333b8801"
25.102900, 40.4554290771484, 25705318, 1, TriggerDetected, "5cd22142 0100 663b8801"
25.102950, 27.0391845703125, 25705369, 0, 0, "4050d841 0000 993b8801"
25.103000, 20.6780052185059, 25705421, 0, 0, "8e6ca541 0000 cd3b8801"
25.103050, 38.5774078369141, 25705472, 1, TriggerDetected, "444f1a42 0100 003c8801"
25.103100, 32.338077545166, 25705523, 0, 0, "315a0142 0000 333c8801"
25.103150, 18.8262729644775, 25705574, 0, 0, "359c9641 0000 663c8801"
25.103200, 34.5701713562012, 25705625, 1, TriggerDetected, "db470a42 0100 993c8801"
25.103250, 37.0148620605469, 25705677, 0, 0, "380f1442 0000 cd3c8801"
25.103300, 19.5572204589844, 25705728, 0, 0, "30759c41 0000 003d8801"
25.103350, 29.3868579864502, 25705779, 0, 0, "4918eb41 0000 333d8801"
25.103400, 39.9301223754883, 25705830, 1, TriggerDetected, "72b81f42 0100 663d8801"
25.103450, 22.6785583496094, 25705881, 0, 0, "b06db541 0000 993d8801"
25.103500, 24.2735004425049, 25705933, 0, 0, "2130c241 0000 cd3d8801"
25.103550, 40.4034080505371, 25705984, 1, TriggerDetected, "179d2142 0100 003e8801"
25.103600, 27.4636745452881, 25706035, 0, 0, "9bb5db41 0000 333e8801"
25.103650, 20.4359016418457, 25706086, 0, 0, "ba7ca341 0000 663e8801"
25.103700, 38.3174324035645, 25706137, 1, TriggerDetected, "0d451942 0100 993e8801"
25.103750, 32.7682342529297, 25706189, 0, 0, "ac120342 0000 cd3e8801"
25.103800, 18.7926559448242, 25706240, 0, 0, "5c579641 0000 003f8801"
25.103850, 34.1743202209473, 25706291, 1, TriggerDetected, "81b20842 0100 333f8801"
25.103900, 37.3316764831543, 25706342, 0, 0, "a3531542 0000 663f8801"
25.103950, 19.7299289703369, 25706393, 0, 0, "e5d69d41 0000 993f8801"
25.104000, 28.95094871521, 25706445, 0, 0, "8b9be741 0000 cd3f8801"
25.104050, 40.064395904541, 25706496, 1, TriggerDetected, "f1412042 0100 00408801"
25.104100, 23.0250644683838, 25706547, 0, 0, "5533b841 0000 33408801"
25.104150, 23.8949279785156, 25706598, 0, 0, "d028bf41 0000 66408801"
25.104200, 40.3255043029785, 25706649, 1, TriggerDetected, "514d2142 0100 99408801"
25.104250, 27.8943119049072, 25706701, 0, 0, "8d27df41 0000 cd408801"
25.104300, 20.2061519622803, 25706752, 0, 0, "33a6a141 0000 00418801"
25.104350, 38.0441207885742, 25706803, 1, TriggerDetected, "2e2d1842 0100 33418801"
25.104400, 33.1852416992188, 25706854, 0, 0, "b0bd0442 0000 66418801"
25.104450, 18.7719764709473, 25706905, 0, 0, "022d9641 0000 99418801"
25.104500, 33.7661895751953, 25706957, 1, TriggerDetected, "94100742 0100 cd418801"
25.104550, 37.6332817077637, 25707008, 0, 0, "7b881642 0000 00428801"
25.104600, 19.9160289764404, 25707059, 0, 0, "07549f41 0000 33428801"
25.104650, 28.5118198394775, 25707110, 0, 0, "3518e441 0000 66428801"
25.104700, 40.1845207214355, 25707161, 1, TriggerDetected, "f3bc2042 0100 99428801"
25.104750, 23.3756446838379, 25707213, 0, 0, "5201bb41 0000 cd428801"
25.104800, 23.5241718292236, 25707264, 0, 0, "8131bc41 0000 00438801"
25.104850, 40.2280693054199, 25707315, 1, TriggerDetected, "8be92042 0100 33438801"
25.104900, 28.3329849243164, 25707366, 0, 0, "f4a9e241 0000 66438801"
25.104950, 19.9959888458252, 25707417, 0, 0, "c9f79f41 0000 99438801"
25.105000, 37.7553863525391, 25707469, 1, TriggerDetected, "84051742 0100 cd438801"
25.105050, 33.5936813354492, 25707520, 0, 0, "ee5f0642 0000 00448801"
25.105100, 18.7641639709473, 25707571, 0, 0, "021d9641 0000 33448801"
25.105150, 33.3583526611328, 25707622, 1, TriggerDetected, "f46e0542 0100 66448801"
25.105200, 37.9295997619629, 25707673, 0, 0, "e9b71742 0000 99448801"
25.105250, 20.1176338195801, 25707725, 0, 0, "eaf0a041 0000 cd448801"
25.105300, 28.0761260986328, 25707776, 0, 0, "e89be041 0000 00458801"
25.105350, 40.2887191772461, 25707827, 1, TriggerDetected, "a6272142 0100 33458801"
25.105400, 23.7403354644775, 25707878, 0, 0, "35ecbd41 0000 66458801"
25.105450, 23.170316696167, 25707929, 0, 0, "cf5cb941 0000 99458801"
25.105500, 40.1171875, 25707981, 1, TriggerDetected, "00782042 0100 cd458801"
25.105550, 28.768741607666, 25708032, 0, 0, "6226e641 0000 00468801"
25.105600, 19.8022804260254, 25708083, 0, 0, "126b9e41 0000 33468801"
25.105650, 37.4596633911133, 25708134, 1, TriggerDetected, "b2d61542 0100 66468801"
25.105700, 34.0043563842773, 25708185, 0, 0, "76040842 0000 99468801"
25.105750, 18.7809906005859, 25708237, 0, 0, "783f9641 0000 cd468801"
25.105800, 32.9441680908203, 25708288, 1, TriggerDetected, "d4c60342 0100 00478801"
25.105850, 38.2053413391113, 25708339, 0, 0, "45d21842 0000 33478801"
25.105900, 20.3415679931641, 25708390, 0, 0, "88bba241 0000 66478801"
25.105950, 27.6390552520752, 25708441, 0, 0, "c91cdd41 0000 99478801"
25.106000, 40.3729248046875, 25708493, 1, TriggerDetected, "e07d2142 0100 cd478801"
25.106050, 24.1163997650146, 25708544, 0, 0, "63eec041 0000 00488801"
25.106100, 22.8180732727051, 25708595, 0, 0, "6a8bb641 0000 33488801"
25.106150, 39.9858703613281, 25708646, 1, TriggerDetected, "88f11f42 0100 66488801"
25.106200, 29.2107429504395, 25708697, 0, 0, "9aafe941 0000 99488801"
25.106250, 19.627025604248, 25708749, 0, 0, "26049d41 0000 cd488801"
25.106300, 37.149169921875, 25708800, 1, TriggerDetected, "c0981442 0100 00498801"
25.106350, 34.4047317504883, 25708851, 0, 0, "729e0942 0000 33498801"
25.106400, 18.8136692047119, 25708902, 0, 0, "65829641 0000 66498801"
25.106450, 32.519588470459, 25708953, 1, TriggerDetected, "0f140242 0100 99498801"
25.106500, 38.4719009399414, 25709005, 0, 0, "3ae31942 0000 cd498801"
25.106550, 20.5771369934082, 25709056, 0, 0, "fa9da441 0000 004a8801"
25.106600, 27.2160396575928, 25709107, 0, 0, "73bad941 0000 334a8801"
25.106650, 40.4373970031738, 25709158, 1, TriggerDetected, "e5bf2142 0100 664a8801"
25.106700, 24.4968032836914, 25709209, 0, 0, "74f9c341 0000 994a8801"
25.106750, 22.4826412200928, 25709261, 0, 0, "73dcb341 0000 cd4a8801"
25.106800, 39.8443489074707, 25709312, 1, TriggerDetected, "9d601f42 0100 004b8801"
25.106850, 29.6465797424316, 25709363, 0, 0, "322ced41 0000 334b8801"
25.106900, 19.46169090271, 25709414, 0, 0, "8bb19b41 0000 664b8801"
25.106950, 36.8189086914063, 25709465, 1, TriggerDetected, "90461342 0100 994b8801"
25.107000, 34.7976264953613, 25709517, 0, 0, "c5300b42 0000 cd4b8801"
25.107050, 18.8577671051025, 25709568, 0, 0, "b5dc9641 0000 004c8801"
25.107100, 32.0907135009766, 25709619, 1, TriggerDetected, "e45c0042 0100 334c8801"
25.107150, 38.7170753479004, 25709670, 0, 0, "49de1a42 0000 664c8801"
25.107200, 20.824634552002, 25709721, 0, 0, "da98a641 0000 994c8801"
25.107250, 26.782693862915, 25709773, 0, 0, "f542d641 0000 cd4c8801"
25.107300, 40.4874572753906, 25709824, 1, TriggerDetected, "28f32142 0100 004d8801"
25.107350, 24.8878364562988, 25709875, 0, 0, "4a1ac741 0000 334d8801"
25.107400, 22.1557674407959, 25709926, 0, 0, "033fb141 0000 664d8801"
25.107450, 39.6711692810059, 25709977, 1, TriggerDetected, "47af1e42 0100 994d8801"
25.107500, 30.0864429473877, 25710029, 0, 0, "09b1f041 0000 cd4d8801"
25.107550, 19.3105659484863, 25710080, 0, 0, "0a7c9a41 0000 004e8801"
25.107600, 36.4840507507324, 25710131, 1, TriggerDetected, "abef1142 0100 334e8801"
25.107650, 35.1762008666992, 25710182, 0, 0, "6eb40c42 0000 664e8801"
25.107700, 18.9228057861328, 25710233, 0, 0, "e8619741 0000 994e8801"
25.107750, 31.6585140228271, 25710285, 1, TriggerDetected, "a344fd41 0100 cd4e8801"
25.107800, 38.96044921875, 25710336, 0, 0, "80d71b42 0000 004f8801"
25.107850, 21.0933780670166, 25710387, 0, 0, "3dbfa841 0000 334f8801"
25.107900, 26.3661975860596, 25710438, 0, 0, "f9edd241 0000 664f8801"
25.107950, 40.5205879211426, 25710489, 1, TriggerDetected, "15152242 0100 994f8801"
25.108000, 25.2865123748779, 25710541, 0, 0, "c74aca41 0000 cd4f8801"
25.108050, 21.8396396636963, 25710592, 0, 0, "95b7ae41 0000 00508801"
25.108100, 39.4987754821777, 25710643, 1, TriggerDetected, "bffe1d42 0100 33508801"
25.108150, 30.5252780914307, 25710694, 0, 0, "c533f441 0000 66508801"
25.108200, 19.1828174591064, 25710745, 0, 0, "69769941 0000 99508801"
25.108250, 36.130542755127, 25710797, 1, TriggerDetected, "ad851042 0100 cd508801"
25.108300, 35.5506324768066, 25710848, 0, 0, "d9330e42 0000 00518801"
25.108350, 19.0171146392822, 25710899, 0, 0, "0d239841 0000 33518801"
25.108400, 31.226655960083, 25710950, 1, TriggerDetected, "31d0f941 0100 66518801"
25.108450, 39.1706161499023, 25711001, 0, 0, "b6ae1c42 0000 99518801"
25.108500, 21.3660106658936, 25711053, 0, 0, "97edaa41 0000 cd518801"
25.108550, 25.9418315887451, 25711104, 0, 0, "df88cf41 0000 00528801"
25.108600, 40.5314178466797, 25711155, 1, TriggerDetected, "2c202242 0100 33528801"
25.108650, 25.6916007995605, 25711206, 0, 0, "6688cd41 0000 66528801"
25.108700, 21.5404949188232, 25711257, 0, 0, "ef52ac41 0000 99528801"
25.108750, 39.3010215759277, 25711309, 1, TriggerDetected, "3f341d42 0100 cd528801"
25.108800, 30.9614582061768, 25711360, 0, 0, "11b1f741 0000 00538801"
25.108850, 19.067756652832, 25711411, 0, 0, "c48a9841 0000 33538801"
25.108900, 35.7749099731445, 25711462, 1, TriggerDetected, "82190f42 0100 66538801"
25.108950, 35.9175186157227, 25711513, 0, 0, "8aab0f42 0000 99538801"
25.109000, 19.1074504852295, 25711565, 0, 0, "0fdc9841 0000 cd538801"
25.109050, 30.7893333435059, 25711616, 1, TriggerDetected, "8e50f641 0100 00548801"
25.109100, 39.376033782959, 25711667, 0, 0, "0f811d42 0000 33548801"
25.109150, 21.6564044952393, 25711718, 0, 0, "5140ad41 0000 66548801"
25.109200, 25.5340099334717, 25711769, 0, 0, "a745cc41 0000 99548801"
25.109250, 40.5294647216797, 25711821, 1, TriggerDetected, "2c1e2242 0100 cd548801"
25.109300, 26.1038570404053, 25711872, 0, 0, "b3d4d041 0000 00558801"
25.109350, 21.2564506530762, 25711923, 0, 0, "360daa41 0000 33558801"
25.109400, 39.093017578125, 25711974, 1, TriggerDetected, "405f1c42 0100 66558801"
25.109450, 31.3942680358887, 25712025, 0, 0, "7627fb41 0000 99558801"
25.109500, 18.9711074829102, 25712077, 0, 0, "d4c49741 0000 cd558801"
25.109550, 35.4042892456055, 25712128, 1, TriggerDetected, "fe9d0d42 0100 00568801"
25.109600, 36.2709846496582, 25712179, 0, 0, "7d151142 0000 33568801"
25.109650, 19.2265014648438, 25712230, 0, 0, "e0cf9941 0000 66568801"
25.109700, 30.3515090942383, 25712281, 1, TriggerDetected, "e4cff241 0100 99568801"
25.109750, 39.5701942443848, 25712333, 0, 0, "e1471e42 0000 cd568801"
25.109800, 21.9675922393799, 25712384, 0, 0, "a1bdaf41 0000 00578801"
25.109850, 25.1290626525879, 25712435, 0, 0, "5208c941 0000 33578801"
25.109900, 40.5036430358887, 25712486, 1, TriggerDetected, "bb032242 0100 66578801"
25.109950, 26.5233516693115, 25712537, 0, 0, "d32fd441 0000 99578801"
25.110000, 20.9801902770996, 25712589, 0, 0, "6ed7a741 0000 cd578801"
25.110050, 38.8638877868652, 25712640, 1, TriggerDetected, "9f741b42 0100 00588801"
25.110100, 31.8257884979248, 25712691, 0, 0, "379bfe41 0000 33588801"
25.110150, 18.8941879272461, 25712742, 0, 0, "4c279741 0000 66588801"
25.110200, 35.0219459533691, 25712793, 1, TriggerDetected, "79160c42 0100 99588801"
25.110250, 36.6128005981445, 25712845, 0, 0, "82731242 0000 cd588801"
25.110300, 19.3694763183594, 25712896, 0, 0, "b0f49a41 0000 00598801"
25.110350, 29.9161472320557, 25712947, 0, 0, "4554ef41 0000 33598801"
25.110400, 39.74169921875, 25712998, 1, TriggerDetected, "80f71e42 0100 66598801"
25.110450, 22.2816257476807, 25713049, 0, 0, "c540b241 0000 99598801"
25.110500, 24.7331790924072, 25713101, 0, 0, "8dddc541 0000 cd598801"
25.110550, 40.4695281982422, 25713152, 1, TriggerDetected, "cce02142 0100 005a8801"
25.110600, 26.9450092315674, 25713203, 0, 0, "618fd741 0000 335a8801"
25.110650, 20.7187995910645, 25713254, 0, 0, "1ac0a541 0000 665a8801"
25.110700, 38.6198425292969, 25713305, 1, TriggerDetected, "b87a1a42 0100 995a8801"
25.110750, 32.2550086975098, 25713357, 0, 0, "21050142 0000 cd5a8801"
25.110800, 18.8350524902344, 25713408, 0, 0, "30ae9641 0000 005b8801"
25.110850, 34.6410331726074, 25713459, 1, TriggerDetected, "6b900a42 0100 335b8801"
25.110900, 36.9459953308105, 25713510, 0, 0, "b3c81342 0000 665b8801"
25.110950, 19.5202884674072, 25713561, 0, 0, "8d299c41 0000 995b8801"
25.111000, 29.4719562530518, 25713613, 0, 0, "91c6eb41 0000 cd5b8801"
25.111050, 39.9028244018555, 25713664, 1, TriggerDetected, "7e9c1f42 0100 005c8801"
25.111100, 22.6153736114502, 25713715, 0, 0, "49ecb441 0000 335c8801"
25.111150, 24.3435115814209, 25713766, 0, 0, "83bfc241 0000 665c8801"
25.111200, 40.4093017578125, 25713817, 1, TriggerDetected, "20a32142 0100 995c8801"
25.111250, 27.3807239532471, 25713869, 0, 0, "b90bdb41 0000 cd5c8801"
25.111300, 20.4862174987793, 25713920, 0, 0, "c6e3a341 0000 005d8801"
25.111350, 38.3694381713867, 25713971, 1, TriggerDetected, "4e7a1942 0100 335d8801"
25.111400, 32.6829376220703, 25714022, 0, 0, "54bb0242 0000 665d8801"
25.111450, 18.7925491333008, 25714073, 0, 0, "24579641 0000 995d8801"
25.111500, 34.2449340820313, 25714125, 1, TriggerDetected, "d0fa0842 0100 cd5d8801"
25.111550, 37.2661819458008, 25714176, 0, 0, "92101542 0000 005e8801"
25.111600, 19.6913967132568, 25714227, 0, 0, "fb879d41 0000 335e8801"
25.111650, 29.034574508667, 25714278, 0, 0, "cf46e841 0000 665e8801"
25.111700, 40.0403327941895, 25714329, 1, TriggerDetected, "4d292042 0100 995e8801"
25.111750, 22.9561786651611, 25714381, 0, 0, "41a6b741 0000 cd5e8801"
25.111800, 23.9658107757568, 25714432, 0, 0, "fbb9bf41 0000 005f8801"
25.111850, 40.339111328125, 25714483, 1, TriggerDetected, "405b2142 0100 335f8801"
25.111900, 27.8091640472412, 25714534, 0, 0, "2b79de41 0000 665f8801"
25.111950, 20.2486877441406, 25714585, 0, 0, "50fda141 0000 995f8801"
25.112000, 38.0960426330566, 25714637, 1, TriggerDetected, "59621842 0100 cd5f8801"
25.112050, 33.1021957397461, 25714688, 0, 0, "a6680442 0000 00608801"
25.112100, 18.7673244476318, 25714739, 0, 0, "7b239641 0000 33608801"
25.112150, 33.8440551757813, 25714790, 1, TriggerDetected, "50600742 0100 66608801"
25.112200, 37.5735702514648, 25714841, 0, 0, "564b1642 0000 99608801"
25.112250, 19.8731880187988, 25714893, 0, 0, "4afc9e41 0000 cd608801"
25.112300, 28.5952587127686, 25714944, 0, 0, "17c3e441 0000 00618801"
25.112350, 40.1624984741211, 25714995, 1, TriggerDetected, "66a62042 0100 33618801"
25.112400, 23.3034744262695, 25715046, 0, 0, "846dba41 0000 66618801"
25.112450, 23.5970878601074, 25715097, 0, 0, "d6c6bc41 0000 99618801"
25.112500, 40.246883392334, 25715149, 1, TriggerDetected, "cffc2042 0100 cd618801"
25.112550, 28.2461032867432, 25715200, 0, 0, "05f8e141 0000 00628801"
25.112600, 20.0394630432129, 25715251, 0, 0, "d250a041 0000 33628801"
25.112650, 37.816032409668, 25715302, 1, TriggerDetected, "9e431742 0100 66628801"
25.112700, 33.5182342529297, 25715353, 0, 0, "ac120642 0000 99628801"
25.112750, 18.7649040222168, 25715405, 0, 0, "861e9641 0000 cd628801"
25.112800, 33.4354248046875, 25715456, 1, TriggerDetected, "e0bd0542 0100 00638801"
25.112850, 37.8691215515137, 25715507, 0, 0, "fb791742 0000 33638801"
25.112900, 20.0769710540771, 25715558, 0, 0, "a39da041 0000 66638801"
25.112950, 28.1637077331543, 25715609, 0, 0, "464fe141 0000 99638801"
25.113000, 40.2694892883301, 25715661, 1, TriggerDetected, "f5132142 0100 cd638801"
25.113050, 23.6692352294922, 25715712, 0, 0, "985abd41 0000 00648801"
25.113100, 23.2366600036621, 25715763, 0, 0, "aee4b941 0000 33648801"
25.113150, 40.1440238952637, 25715814, 1, TriggerDetected, "7b932042 0100 66648801"
25.113200, 28.6862564086914, 25715865, 0, 0, "747de541 0000 99648801"
25.113250, 19.8402099609375, 25715917, 0, 0, "c0b89e41 0000 cd648801"
25.113300, 37.5188903808594, 25715968, 1, TriggerDetected, "58131642 0100 00658801"
25.113350, 33.9300994873047, 25716019, 0, 0, "6cb80742 0000 33658801"
25.113400, 18.7771949768066, 25716070, 0, 0, "b2379641 0000 66658801"
25.113450, 33.0254783630371, 25716121, 1, TriggerDetected, "171a0442 0100 99658801"
25.113500, 38.1502952575684, 25716173, 0, 0, "e7991842 0000 cd658801"
25.113550, 20.3001403808594, 25716224, 0, 0, "b066a241 0000 00668801"
25.113600, 27.7290859222412, 25716275, 0, 0, "2bd5dd41 0000 33668801"
25.113650, 40.3564071655273, 25716326, 1, TriggerDetected, "f66c2142 0100 66668801"
25.113700, 24.0421772003174, 25716377, 0, 0, "6156c041 0000 99668801"
25.113750, 22.8849830627441, 25716429, 0, 0, "7214b741 0000 cd668801"
25.113800, 40.0140266418457, 25716480, 1, TriggerDetected, "5d0e2042 0100 00678801"
25.113850, 29.1198348999023, 25716531, 0, 0, "6cf5e841 0000 33678801"
25.113900, 19.6512832641602, 25716582, 0, 0, "d4359d41 0000 66678801"
25.113950, 37.2064514160156, 25716633, 1, TriggerDetected, "68d31442 0100 99678801"
25.114000, 34.3297348022461, 25716685, 0, 0, "a6510942 0000 cd678801"
25.114050, 18.7992897033691, 25716736, 0, 0, "f2649641 0000 00688801"
25.114100, 32.6003723144531, 25716787, 1, TriggerDetected, "c8660242 0100 33688801"
25.114150, 38.4195289611816, 25716838, 0, 0, "99ad1942 0000 66688801"
25.114200, 20.5278263092041, 25716889, 0, 0, "fd38a441 0000 99688801"
25.114250, 27.2934761047363, 25716941, 0, 0, "0a59da41 0000 cd688801"
25.114300, 40.4271926879883, 25716992, 1, TriggerDetected, "72b52142 0100 00698801"
25.114350, 24.4255466461182, 25717043, 0, 0, "8567c341 0000 33698801"
25.114400, 22.5503158569336, 25717094, 0, 0, "0c67b441 0000 66698801"
25.114450, 39.8688316345215, 25717145, 1, TriggerDetected, "af791f42 0100 99698801"
25.114500, 29.5624122619629, 25717197, 0, 0, "d27fec41 0000 cd698801"
25.114550, 19.4885997772217, 25717248, 0, 0, "a7e89b41 0000 006a8801"
25.114600, 36.8824844360352, 25717299, 1, TriggerDetected, "aa871342 0100 336a8801"
25.114650, 34.722541809082, 25717350, 0, 0, "e2e30a42 0000 666a8801"
25.114700, 18.8519668579102, 25717401, 0, 0, "d4d09641 0000 996a8801"
25.114750, 32.1756210327148, 25717453, 1, TriggerDetected, "d6b30042 0100 cd6a8801"
25.114800, 38.6739807128906, 25717504, 0, 0, "28b21a42 0000 006b8801"
25.114850, 20.7780246734619, 25717555, 0, 0, "6539a641 0000 336b8801"
25.114900, 26.8662528991699, 25717606, 0, 0, "16eed641 0000 666b8801"
25.114950, 40.4775276184082, 25717657, 1, TriggerDetected, "fde82142 0100 996b8801"
25.115000, 24.8154354095459, 25717709, 0, 0, "0386c641 0000 cd6b8801"
25.115050, 22.2204570770264, 25717760, 0, 0, "7fc3b141 0000 006c8801"
25.115100, 39.7114601135254, 25717811, 1, TriggerDetected, "89d81e42 0100 336c8801"
25.115150, 30.0036296844482, 25717862, 0, 0, "6f07f041 0000 666c8801"
25.115200, 19.3435001373291, 25717913, 0, 0, "7dbf9a41 0000 996c8801"
25.115250, 36.5466651916504, 25717965, 1, TriggerDetected, "c92f1242 0100 cd6c8801"
25.115300, 35.1080131530762, 25718016, 0, 0, "9b6e0c42 0000 006d8801"
25.115350, 18.9137725830078, 25718067, 0, 0, "684f9741 0000 336d8801"
25.115400, 31.7468280792236, 25718118, 1, TriggerDetected, "81f9fd41 0100 666d8801"
25.115450, 38.9095726013184, 25718169, 0, 0, "67a31b42 0000 996d8801"
25.115500, 21.0390396118164, 25718221, 0, 0, "f44fa841 0000 cd6d8801"
25.115550, 26.4451026916504, 25718272, 0, 0, "928fd341 0000 006e8801"
25.115600, 40.5210571289063, 25718323, 1, TriggerDetected, "90152242 0100 336e8801"
25.115650, 25.2135429382324, 25718374, 0, 0, "56b5c941 0000 666e8801"
25.115700, 21.9020290374756, 25718425, 0, 0, "5b37af41 0000 996e8801"
25.115750, 39.5307998657227, 25718477, 1, TriggerDetected, "8a1f1e42 0100 cd6e8801"
25.115800, 30.4424705505371, 25718528, 0, 0, "2e8af341 0000 006f8801"
25.115850, 19.2090473175049, 25718579, 0, 0, "21ac9941 0000 336f8801"
25.115900, 36.2069282531738, 25718630, 1, TriggerDetected, "e5d31042 0100 666f8801"
25.115950, 35.4800872802734, 25718681, 0, 0, "9ceb0d42 0000 996f8801"
25.116000, 18.9936943054199, 25718733, 0, 0, "16f39741 0000 cd6f8801"
25.116050, 31.3097763061523, 25718784, 1, TriggerDetected, "6c7afa41 0100 00708801"
25.116100, 39.1351509094238, 25718835, 0, 0, "658a1c42 0000 33708801"
25.116150, 21.3159637451172, 25718886, 0, 0, "1887aa41 0000 66708801"
25.116200, 26.0287342071533, 25718937, 0, 0, "d93ad041 0000 99708801"
25.116250, 40.5304336547852, 25718989, 1, TriggerDetected, "2a1f2242 0100 cd708801"
25.116300, 25.6146087646484, 25719040, 0, 0, "b8eacc41 0000 00718801"
25.116350, 21.6035709381104, 25719091, 0, 0, "1dd4ac41 0000 33718801"
25.116400, 39.3444404602051, 25719142, 1, TriggerDetected, "b5601d42 0100 66718801"
25.116450, 30.8809032440186, 25719193, 0, 0, "170cf741 0000 99718801"
25.116500, 19.0906524658203, 25719245, 0, 0, "a8b99841 0000 cd718801"
25.116550, 35.8417129516602, 25719296, 1, TriggerDetected, "ea5d0f42 0100 00728801"
25.116600, 35.8478736877441, 25719347, 0, 0, "39640f42 0000 33728801"
25.116650, 19.0918197631836, 25719398, 0, 0, "0cbc9841 0000 66728801"
25.116700, 30.8764610290527, 25719449, 1, TriggerDetected, "fe02f741 0100 99728801"
25.116750, 39.343074798584, 25719501, 0, 0, "4f5f1d42 0000 cd728801"
25.116800, 21.5995922088623, 25719552, 0, 0, "f7cbac41 0000 00738801"
25.116850, 25.6140060424805, 25719603, 0, 0, "7ce9cc41 0000 33738801"
25.116900, 40.5330390930176, 25719654, 1, TriggerDetected, "d5212242 0100 66738801"
25.116950, 26.0269470214844, 25719705, 0, 0, "3037d041 0000 99738801"
25.117000, 21.3103256225586, 25719757, 0, 0, "8c7baa41 0000 cd738801"
25.117050, 39.1367950439453, 25719808, 1, TriggerDetected, "148c1c42 0100 00748801"
25.117100, 31.3148250579834, 25719859, 0, 0, "c384fa41 0000 33748801"
25.117150, 18.9956932067871, 25719910, 0, 0, "2ef79741 0000 66748801"
25.117200, 35.4837226867676, 25719961, 1, TriggerDetected, "55ef0d42 0100 99748801"
25.117250, 36.2085609436035, 25720013, 0, 0, "91d51042 0000 cd748801"
25.117300, 19.2065734863281, 25720064, 0, 0, "10a79941 0000 00758801"
25.117350, 30.4377937316895, 25720115, 1, TriggerDetected, "9a80f341 0100 33758801"
25.117400, 39.5354118347168, 25720166, 0, 0, "43241e42 0000 66758801"
25.117450, 21.9049835205078, 25720217, 0, 0, "683daf41 0000 99758801"
25.117500, 25.2123374938965, 25720269, 0, 0, "deb2c941 0000 cd758801"
25.117550, 40.5173835754395, 25720320, 1, TriggerDetected, "cd112242 0100 00768801"
25.117600, 26.4488563537598, 25720371, 0, 0, "4297d341 0000 33768801"
25.117650, 21.0402736663818, 25720422, 0, 0, "7b52a841 0000 66768801"
25.117700, 38.9104118347168, 25720473, 1, TriggerDetected, "43a41b42 0100 99768801"
25.117750, 31.7442169189453, 25720525, 0, 0, "28f4fd41 0000 cd768801"
25.117800, 18.9168720245361, 25720576, 0, 0, "c1559741 0000 00778801"
25.117850, 35.1073760986328, 25720627, 1, TriggerDetected, "f46d0c42 0100 33778801"
25.117900, 36.5501937866211, 25720678, 0, 0, "66331242 0000 66778801"
25.117950, 19.3419227600098, 25720729, 0, 0, "42bc9a41 0000 99778801"
25.118000, 30.0012531280518, 25720781, 0, 0, "9102f041 0000 cd778801"
25.118050, 39.7095031738281, 25720832, 1, TriggerDetected, "88d61e42 0100 00788801"
25.118100, 22.2204399108887, 25720883, 0, 0, "76c3b141 0000 33788801"
25.118150, 24.8067760467529, 25720934, 0, 0, "4774c641 0000 66788801"
25.118200, 40.4778480529785, 25720985, 1, TriggerDetected, "51e92142 0100 99788801"
25.118250, 26.87038230896, 25721037, 0, 0, "8bf6d641 0000 cd788801"
25.118300, 20.7724571228027, 25721088, 0, 0, "fe2da641 0000 00798801"
25.118350, 38.6705093383789, 25721139, 1, TriggerDetected, "9aae1a42 0100 33798801"
25.118400, 32.1781730651855, 25721190, 0, 0, "73b60042 0000 66798801"
25.118450, 18.8491954803467, 25721241, 0, 0, "27cb9641 0000 99798801"
25.118500, 34.7201957702637, 25721293, 1, TriggerDetected, "7be10a42 0100 cd798801"
25.118550, 36.8851890563965, 25721344, 0, 0, "6f8a1342 0000 007a8801"
25.118600, 19.4927101135254, 25721395, 0, 0, "12f19b41 0000 337a8801"
25.118650, 29.5604934692383, 25721446, 0, 0, "e47bec41 0000 667a8801"
25.118700, 39.8716621398926, 25721497, 1, TriggerDetected, "957c1f42 0100 997a8801"
25.118750, 22.5520858764648, 25721549, 0, 0, "ac6ab441 0000 cd7a8801"
25.118800, 24.4240856170654, 25721600, 0, 0, "8764c341 0000 007b8801"
25.118850, 40.4293632507324, 25721651, 1, TriggerDetected, "abb72142 0100 337b8801"
25.118900, 27.2960052490234, 25721702, 0, 0, "385eda41 0000 667b8801"
25.118950, 20.5270957946777, 25721753, 0, 0, "7e37a441 0000 997b8801"
25.119000, 38.4177513122559, 25721805, 1, TriggerDetected, "c7ab1942 0100 cd7b8801"
25.119050, 32.6064910888672, 25721856, 0, 0, "0c6d0242 0000 007c8801"
25.119100, 18.80153465271, 25721907, 0, 0, "8b699641 0000 337c8801"
25.119150, 34.3262481689453, 25721958, 1, TriggerDetected, "144e0942 0100 667c8801"
25.119200, 37.201789855957, 25722009, 0, 0, "a2ce1442 0000 997c8801"
25.119250, 19.6522922515869, 25722061, 0, 0, "e5379d41 0000 cd7c8801"
25.119300, 29.1178550720215, 25722112, 0, 0, "5ef1e841 0000 007d8801"
25.119350, 40.0170135498047, 25722163, 1, TriggerDetected, "6c112042 0100 337d8801"
25.119400, 22.8889083862305, 25722214, 0, 0, "7c1cb741 0000 667d8801"
25.119450, 24.0377159118652, 25722265, 0, 0, "3e4dc041 0000 997d8801"
25.119500, 40.353832244873, 25722317, 1, TriggerDetected, "536a2142 0100 cd7d8801"
25.119550, 27.7279949188232, 25722368, 0, 0, "efd2dd41 0000 007e8801"
25.119600, 20.2930450439453, 25722419, 0, 0, "2858a241 0000 337e8801"
25.119650, 38.150562286377, 25722470, 1, TriggerDetected, "2d9a1842 0100 667e8801"
25.119700, 33.021183013916, 25722521, 0, 0, "b1150442 0000 997e8801"
25.119750, 18.7733478546143, 25722573, 0, 0, "d12f9641 0000 cd7e8801"
25.119800, 33.9229164123535, 25722624, 1, TriggerDetected, "11b10742 0100 007f8801"
25.119850, 37.5168380737305, 25722675, 0, 0, "3e111642 0000 337f8801"
25.119900, 19.8388576507568, 25722726, 0, 0, "fbb59e41 0000 667f8801"
25.119950, 28.6782093048096, 25722777, 0, 0, "f96ce541 0000 997f8801"
25.120000, 40.137996673584, 25722829, 1, TriggerDetected, "4f8d2042 0100 cd7f8801"
25.120050, 23.2391033172607, 25722880, 0, 0, "afe9b941 0000 00808801"
25.120100, 23.6682224273682, 25722931, 0, 0, "8558bd41 0000 33808801"
25.120150, 40.2663192749023, 25722982, 1, TriggerDetected, "b6102142 0100 66808801"
25.120200, 28.1590042114258, 25723033, 0, 0, "a445e141 0000 99808801"
25.120250, 20.075569152832, 25723085, 0, 0, "c49aa041 0000 cd808801"
25.120300, 37.8669128417969, 25723136, 1, TriggerDetected, "b8771742 0100 00818801"
25.120350, 33.4405212402344, 25723187, 0, 0, "18c30542 0000 33818801"
25.120400, 18.7643394470215, 25723238, 0, 0, "5e1d9641 0000 66818801"
25.120450, 33.5195426940918, 25723289, 1, TriggerDetected, "03140642 0100 99818801"
25.120500, 37.8149528503418, 25723341, 0, 0, "83421742 0000 cd818801"
25.120550, 20.0378913879395, 25723392, 0, 0, "9a4da041 0000 00828801"
25.120600, 28.243803024292, 25723443, 0, 0, "4ff3e141 0000 33828801"
25.120650, 40.2515411376953, 25723494, 1, TriggerDetected, "94012142 0100 66828801"
25.120700, 23.6011447906494, 25723545, 0, 0, "25cfbc41 0000 99828801"
25.120750, 23.3077526092529, 25723597, 0, 0, "4776ba41 0000 cd828801"
25.120800, 40.1602821350098, 25723648, 1, TriggerDetected, "21a42042 0100 00838801"
25.120850, 28.5969619750977, 25723699, 0, 0, "94c6e441 0000 33838801"
25.120900, 19.8740234375, 25723750, 0, 0, "00fe9e41 0000 66838801"
25.120950, 37.5758590698242, 25723801, 1, TriggerDetected, "ae4d1642 0100 99838801"
25.121000, 33.8478050231934, 25723853, 0, 0, "27640742 0000 cd838801"
25.121050, 18.7721557617188, 25723904, 0, 0, "602d9641 0000 00848801"
25.121100, 33.1046829223633, 25723955, 1, TriggerDetected, "326b0442 0100 33848801"
25.121150, 38.1009826660156, 25724006, 0, 0, "68671842 0000 66848801"
25.121200, 20.2501907348633, 25724057, 0, 0, "6400a241 0000 99848801"
25.121250, 27.8088932037354, 25724109, 0, 0, "9d78de41 0000 cd848801"
25.121300, 40.3391151428223, 25724160, 1, TriggerDetected, "415b2142 0100 00858801"
25.121350, 23.9692535400391, 25724211, 0, 0, "08c1bf41 0000 33858801"
25.121400, 22.9528579711914, 25724262, 0, 0, "749fb741 0000 66858801"
25.121450, 40.0427551269531, 25724313, 1, TriggerDetected, "c82b2042 0100 99858801"
25.121500, 29.0401420593262, 25724365, 0, 0, "3652e841 0000 cd858801"
25.121550, 19.6922817230225, 25724416, 0, 0, "cb899d41 0000 00868801"
25.121600, 37.2673759460449, 25724467, 1, TriggerDetected, "cb111542 0100 33868801"
25.121650, 34.2474670410156, 25724518, 0, 0, "68fd0842 0000 66868801"
25.121700, 18.8003730773926, 25724569, 0, 0, "2a679641 0000 99868801"
25.121750, 32.685115814209, 25724621, 1, TriggerDetected, "8fbd0242 0100 cd868801"
25.121800, 38.3677864074707, 25724672, 0, 0, "9d781942 0000 00878801"
25.121850, 20.478874206543, 25724723, 0, 0, "bcd4a341 0000 33878801"
25.121900, 27.3744640350342, 25724774, 0, 0, "e7feda41 0000 66878801"
25.121950, 40.4129524230957, 25724825, 1, TriggerDetected, "dda62142 0100 99878801"
25.122000, 24.3492660522461, 25724877, 0, 0, "4ccbc241 0000 cd878801"
25.122050, 22.6096801757813, 25724928, 0, 0, "a0e0b441 0000 00888801"
25.122100, 39.9001388549805, 25724979, 1, TriggerDetected, "be991f42 0100 33888801"
25.122150, 29.4759769439697, 25725030, 0, 0, "cdceeb41 0000 66888801"
25.122200, 19.5231590270996, 25725081, 0, 0, "6e2f9c41 0000 99888801"
25.122250, 36.9491424560547, 25725133, 1, TriggerDetected, "eccb1342 0100 cd888801"
25.122300, 34.6485710144043, 25725184, 0, 0, "23980a42 0000 00898801"
25.122350, 18.8387184143066, 25725235, 0, 0, "b2b59641 0000 33898801"
25.122400, 32.2571182250977, 25725286, 1, TriggerDetected, "4a070142 0100 66898801"
25.122450, 38.6231346130371, 25725337, 0, 0, "177e1a42 0000 99898801"
25.122500, 20.7290802001953, 25725389, 0, 0, "28d5a541 0000 cd898801"
25.122550, 26.9508838653564, 25725440, 0, 0, "699bd741 0000 008a8801"
25.122600, 40.4717750549316, 25725491, 1, TriggerDetected, "19e32142 0100 338a8801"
25.122650, 24.7351417541504, 25725542, 0, 0, "92e1c541 0000 668a8801"
25.122700, 22.2776412963867, 25725593, 0, 0, "9c38b241 0000 998a8801"
25.122750, 39.7434005737305, 25725645, 1, TriggerDetected, "3ef91e42 0100 cd8a8801"
25.122800, 29.922004699707, 25725696, 0, 0, "4460ef41 0000 008b8801"
25.122850, 19.3682861328125, 25725747, 0, 0, "40f29a41 0000 338b8801"
25.122900, 36.6181564331055, 25725798, 1, TriggerDetected, "fe781242 0100 668b8801"
25.122950, 35.0328063964844, 25725849, 0, 0, "98210c42 0000 998b8801"
25.123000, 18.90185546875, 25725901, 0, 0, "00379741 0000 cd8b8801"
25.123050, 31.828670501709, 25725952, 1, TriggerDetected, "1ea1fe41 0100 008c8801"
25.123100, 38.8697853088379, 25726003, 0, 0, "a97a1b42 0000 338c8801"
25.123150, 20.9862384796143, 25726054, 0, 0, "d1e3a741 0000 668c8801"
25.123200, 26.5274620056152, 25726105, 0, 0, "3e38d441 0000 998c8801"
25.123250, 40.509162902832, 25726157, 1, TriggerDetected, "62092242 0100 cd8c8801"
25.123300, 25.1332206726074, 25726208, 0, 0, "d610c941 0000 008d8801"
25.123350, 21.9651794433594, 25726259, 0, 0, "b0b8af41 0000 338d8801"
25.123400, 39.5724258422852, 25726310, 1, TriggerDetected, "2a4a1e42 0100 668d8801"
25.123450, 30.3554267883301, 25726361, 0, 0, "ead7f241 0000 998d8801"
25.123500, 19.228157043457, 25726413, 0, 0, "44d39941 0000 cd8d8801"
25.123550, 36.2658386230469, 25726464, 1, TriggerDetected, "38101142 0100 008e8801"
25.123600, 35.4045715332031, 25726515, 0, 0, "489e0d42 0000 338e8801"
25.123650, 18.9747543334961, 25726566, 0, 0, "4ccc9741 0000 668e8801"
25.123700, 31.3984489440918, 25726617, 1, TriggerDetected, "0630fb41 0100 998e8801"
25.123750, 39.0898857116699, 25726669, 0, 0, "0b5c1c42 0000 cd8e8801"
25.123800, 21.2579193115234, 25726720, 0, 0, "3810aa41 0000 008f8801"
25.123850, 26.1048316955566, 25726771, 0, 0, "b2d6d041 0000 338f8801"
25.123900, 40.5319519042969, 25726822, 1, TriggerDetected, "b8202242 0100 668f8801"
25.123950, 25.5357151031494, 25726873, 0, 0, "2549cc41 0000 998f8801"
25.124000, 21.6579093933105, 25726925, 0, 0, "6643ad41 0000 cd8f8801"
25.124050, 39.3801345825195, 25726976, 1, TriggerDetected, "42851d42 0100 00908801"
25.124100, 30.7948150634766, 25727027, 0, 0, "c85bf641 0000 33908801"
25.124150, 19.1135883331299, 25727078, 0, 0, "a1e89841 0000 66908801"
25.124200, 35.9158744812012, 25727129, 1, TriggerDetected, "dba90f42 0100 99908801"
25.124250, 35.7746696472168, 25727181, 0, 0, "43190f42 0000 cd908801"
25.124300, 19.0687313079834, 25727232, 0, 0, "c38c9841 0000 00918801"
25.124350, 30.9556064605713, 25727283, 1, TriggerDetected, "15a5f741 0100 33918801"
25.124400, 39.3067855834961, 25727334, 0, 0, "263a1d42 0000 66918801"
25.124450, 21.5437088012695, 25727385, 0, 0, "8459ac41 0000 99918801"
25.124500, 25.6917266845703, 25727437, 0, 0, "a888cd41 0000 cd918801"
25.124550, 40.5301246643066, 25727488, 1, TriggerDetected, "d91e2242 0100 00928801"
25.124600, 25.9448947906494, 25727539, 0, 0, "258fcf41 0000 33928801"
25.124650, 21.3617610931396, 25727590, 0, 0, "e3e4aa41 0000 66928801"
25.124700, 39.1752243041992, 25727641, 1, TriggerDetected, "6eb31c42 0100 99928801"
25.124750, 31.2290458679199, 25727693, 0, 0, "16d5f941 0000 cd928801"
25.124800, 19.0060214996338, 25727744, 0, 0, "550c9841 0000 00938801"
25.124850, 35.5465698242188, 25727795, 1, TriggerDetected, "b02f0e42 0100 33938801"
25.124900, 36.1368293762207, 25727846, 0, 0, "1d8c1042 0000 66938801"
25.124950, 19.1872291564941, 25727897, 0, 0, "727f9941 0000 99938801"
25.125000, 30.5239582061768, 25727949, 1, TriggerDetected, "1131f441 0100 cd938801"
25.125050, 39.4962844848633, 25728000, 0, 0, "32fc1d42 0000 00948801"
25.125100, 21.8443565368652, 25728051, 0, 0, "3ec1ae41 0000 33948801"
25.125150, 25.2885360717773, 25728102, 0, 0, "ec4eca41 0000 66948801"
25.125200, 40.5165176391602, 25728153, 1, TriggerDetected, "ea102242 0100 99948801"
25.125250, 26.3616142272949, 25728205, 0, 0, "96e4d241 0000 cd948801"
25.125300, 21.0858783721924, 25728256, 0, 0, "e1afa841 0000 00958801"
25.125350, 38.9570274353027, 25728307, 1, TriggerDetected, "ffd31b42 0100 33958801"
25.125400, 31.661247253418, 25728358, 0, 0, "3c4afd41 0000 66958801"
25.125450, 18.9223976135254, 25728409, 0, 0, "12619741 0000 99958801"
25.125500, 35.1806221008301, 25728461, 1, TriggerDetected, "f5b80c42 0100 cd958801"
25.125550, 36.4845886230469, 25728512, 0, 0, "38f01142 0000 00968801"
25.125600, 19.3120574951172, 25728563, 0, 0, "187f9a41 0000 33968801"
25.125650, 30.0878391265869, 25728614, 1, TriggerDetected, "e5b3f041 0100 66968801"
25.125700, 39.6813812255859, 25728665, 0, 0, "bcb91e42 0000 99968801"
25.125750, 22.1675052642822, 25728717, 0, 0, "0d57b141 0000 cd968801"
25.125800, 24.893367767334, 25728768, 0, 0, "9e25c741 0000 00978801"
25.125850, 40.4937438964844, 25728819, 1, TriggerDetected, "98f92142 0100 33978801"
25.125900, 26.7917823791504, 25728870, 0, 0, "9255d641 0000 66978801"
25.125950, 20.8272037506104, 25728921, 0, 0, "1d9ea641 0000 99978801"
25.126000, 38.7215995788574, 25728973, 1, TriggerDetected, "ebe21a42 0100 cd978801"
25.126050, 32.0966796875, 25729024, 0, 0, "00630042 0000 00988801"
25.126100, 18.8613300323486, 25729075, 0, 0, "01e49641 0000 33988801"
25.126150, 34.794017791748, 25729126, 1, TriggerDetected, "132d0b42 0100 66988801"
25.126200, 36.8223037719727, 25729177, 0, 0, "0a4a1342 0000 99988801"
25.126250, 19.4639911651611, 25729229, 0, 0, "41b69b41 0000 cd988801"
25.126300, 29.6460800170898, 25729280, 0, 0, "2c2bed41 0000 00998801"
25.126350, 39.8422584533691, 25729331, 1, TriggerDetected, "795e1f42 0100 33998801"
25.126400, 22.4827671051025, 25729382, 0, 0, "b5dcb341 0000 66998801"
25.126450, 24.4986686706543, 25729433, 0, 0, "46fdc341 0000 99998801"
25.126500, 40.4401092529297, 25729485, 1, TriggerDetected, "acc22142 0100 cd998801"
25.126550, 27.2151966094971, 25729536, 0, 0, "b9b8d941 0000 009a8801"
25.126600, 20.574426651001, 25729587, 0, 0, "6d98a441 0000 339a8801"
25.126650, 38.4701309204102, 25729638, 1, TriggerDetected, "6ae11942 0100 669a8801"
25.126700, 32.5168533325195, 25729689, 0, 0, "42110242 0000 999a8801"
25.126750, 18.8064098358154, 25729741, 0, 0, "87739641 0000 cd9a8801"
25.126800, 34.4041557312012, 25729792, 1, TriggerDetected, "db9d0942 0100 009b8801"
25.126850, 37.1465873718262, 25729843, 0, 0, "1b961442 0000 339b8801"
25.126900, 19.6242752075195, 25729894, 0, 0, "84fe9c41 0000 669b8801"
25.126950, 29.2059516906738, 25729945, 0, 0, "caa5e941 0000 999b8801"
25.127000, 39.9842185974121, 25729997, 1, TriggerDetected, "d7ef1f42 0100 cd9b8801"
25.127050, 22.8168926239014, 25730048, 0, 0, "ff88b641 0000 009c8801"
25.127100, 24.1139068603516, 25730099, 0, 0, "48e9c041 0000 339c8801"
25.127150, 40.3755989074707, 25730150, 1, TriggerDetected, "9d802142 0100 669c8801"
25.127200, 27.6469345092773, 25730201, 0, 0, "ec2cdd41 0000 999c8801"
25.127250, 20.3418025970459, 25730253, 0, 0, "03bca241 0000 cd9c8801"
25.127300, 38.2071800231934, 25730304, 1, TriggerDetected, "27d41842 0100 009d8801"
25.127350, 32.9479179382324, 25730355, 0, 0, "abca0342 0000 339d8801"
25.127400, 18.7786808013916, 25730406, 0, 0, "bd3a9641 0000 669d8801"
25.127450, 34.0040130615234, 25730457, 1, TriggerDetected, "1c040842 0100 999d8801"
25.127500, 37.4536361694336, 25730509, 0, 0, "86d01542 0000 cd9d8801"
25.127550, 19.8027744293213, 25730560, 0, 0, "156c9e41 0000 009e8801"
25.127600, 28.7665691375732, 25730611, 0, 0, "ef21e641 0000 339e8801"
25.127650, 40.1194343566895, 25730662, 1, TriggerDetected, "4d7a2042 0100 669e8801"
25.127700, 23.169677734375, 25730713, 0, 0, "805bb941 0000 999e8801"
25.127750, 23.7417430877686, 25730765, 0, 0, "17efbd41 0000 cd9e8801"
25.127800, 40.2854232788086, 25730816, 1, TriggerDetected, "46242142 0100 009f8801"
25.127850, 28.0803337097168, 25730867, 0, 0, "86a4e041 0000 339f8801"
25.127900, 20.1183032989502, 25730918, 0, 0, "49f2a041 0000 669f8801"
25.127950, 37.9274368286133, 25730969, 1, TriggerDetected, "b2b51742 0100 999f8801"
25.128000, 33.3603744506836, 25731021, 0, 0, "06710542 0000 cd9f8801"
25.128050, 18.7631816864014, 25731072, 0, 0, "ff1a9641 0000 00a08801"
25.128100, 33.5948753356934, 25731123, 1, TriggerDetected, "27610642 0100 33a08801"
25.128150, 37.764331817627, 25731174, 0, 0, "ad0e1742 0000 66a08801"
25.128200, 19.9968738555908, 25731225, 0, 0, "99f99f41 0000 99a08801"
25.128250, 28.3290958404541, 25731277, 0, 0, "fda1e241 0000 cda08801"
25.128300, 40.2293472290039, 25731328, 1, TriggerDetected, "daea2042 0100 00a18801"
25.128350, 23.5307197570801, 25731379, 0, 0, "ea3ebc41 0000 33a18801"
25.128400, 23.3693084716797, 25731430, 0, 0, "58f4ba41 0000 66a18801"
25.128450, 40.1856079101563, 25731481, 1, TriggerDetected, "10be2042 0100 99a18801"
25.128500, 28.519624710083, 25731533, 0, 0, "3128e441 0000 cda18801"
25.128550, 19.9092712402344, 25731584, 0, 0, "30469f41 0000 00a28801"
25.128600, 37.630012512207, 25731635, 1, TriggerDetected, "22851642 0100 33a28801"
25.128650, 33.7686996459961, 25731686, 0, 0, "26130742 0000 66a28801"
25.128700, 18.7686958312988, 25731737, 0, 0, "4a269641 0000 99a28801"
25.128750, 33.180347442627, 25731789, 1, TriggerDetected, "adb80442 0100 cda28801"
25.128800, 38.0412292480469, 25731840, 0, 0, "382a1842 0000 00a38801"
25.128850, 20.2073783874512, 25731891, 0, 0, "b6a8a141 0000 33a38801"
25.128900, 27.8873252868652, 25731942, 0, 0, "3e19df41 0000 66a38801"
25.128950, 40.3261108398438, 25731993, 1, TriggerDetected, "f04d2142 0100 99a38801"
25.129000, 23.8984775543213, 25732045, 0, 0, "1530bf41 0000 cda38801"
25.129050, 23.0177326202393, 25732096, 0, 0, "5124b841 0000 00a48801"
25.129100, 40.0604209899902, 25732147, 1, TriggerDetected, "df3d2042 0100 33a48801"
25.129150, 28.9509010314941, 25732198, 0, 0, "729be741 0000 66a48801"
25.129200, 19.7235355377197, 25732249, 0, 0, "cdc99d41 0000 99a48801"
25.129250, 37.3316345214844, 25732301, 1, TriggerDetected, "98531542 0100 cda48801"
25.129300, 34.173828125, 25732352, 0, 0, "00b20842 0000 00a58801"
25.129350, 18.7897453308105, 25732403, 0, 0, "66519641 0000 33a58801"
25.129400, 32.7662811279297, 25732454, 1, TriggerDetected, "ac100342 0100 66a58801"
25.129450, 38.3188400268555, 25732505, 0, 0, "7e461942 0000 99a58801"
25.129500, 20.4376754760742, 25732557, 0, 0, "5c80a341 0000 cda58801"
25.129550, 27.4623394012451, 25732608, 0, 0, "dfb2db41 0000 00a68801"
25.129600, 40.4015159606934, 25732659, 1, TriggerDetected, "279b2142 0100 33a68801"
25.129650, 24.2749214172363, 25732710, 0, 0, "0a33c241 0000 66a68801"
25.129700, 22.6800270080566, 25732761, 0, 0, "b270b541 0000 99a68801"
25.129750, 39.9305686950684, 25732813, 1, TriggerDetected, "e7b81f42 0100 cda68801"
25.129800, 29.3928890228271, 25732864, 0, 0, "a324eb41 0000 00a78801"
25.129850, 19.5512199401855, 25732915, 0, 0, "e6689c41 0000 33a78801"
25.129900, 37.0097732543945, 25732966, 1, TriggerDetected, "020a1442 0100 66a78801"
25.129950, 34.5662460327148, 25733017, 0, 0, "d6430a42 0000 99a78801"
25.130000, 18.8272590637207, 25733069, 0, 0, "3a9e9641 0000 cda78801"
25.130050, 32.3359756469727, 25733120, 1, TriggerDetected, "0a580142 0100 00a88801"
25.130100, 38.5746307373047, 25733171, 0, 0, "6c4c1a42 0000 33a88801"
25.130150, 20.6751403808594, 25733222, 0, 0, "b066a541 0000 66a88801"
25.130200, 27.0236492156982, 25733273, 0, 0, "6f30d841 0000 99a88801"
25.130250, 40.4547805786133, 25733325, 1, TriggerDetected, "b2d12142 0100 cda88801"
25.130300, 24.661693572998, 25733376, 0, 0, "264bc541 0000 00a98801"
25.130350, 22.3445606231689, 25733427, 0, 0, "a9c1b241 0000 33a98801"
25.130400, 39.7764511108398, 25733478, 1, TriggerDetected, "161b1f42 0100 66a98801"
25.130450, 29.8286895751953, 25733529, 0, 0, "28a1ee41 0000 99a98801"
25.130500, 19.3927993774414, 25733581, 0, 0, "74249b41 0000 cda98801"
25.130550, 36.6803092956543, 25733632, 1, TriggerDetected, "a3b81242 0100 00aa8801"
25.130600, 34.9553527832031, 25733683, 0, 0, "48d20b42 0000 33aa8801"
25.130650, 18.8818740844727, 25733734, 0, 0, "140e9741 0000 66aa8801"
25.130700, 31.9073009490967, 25733785, 1, TriggerDetected, "2742ff41 0100 99aa8801"
25.130750, 38.8150596618652, 25733837, 0, 0, "9f421b42 0000 cdaa8801"
25.130800, 20.9315757751465, 25733888, 0, 0, "de73a741 0000 00ab8801"
25.130850, 26.6059951782227, 25733939, 0, 0, "14d9d441 0000 33ab8801"
25.130900, 40.5068511962891, 25733990, 1, TriggerDetected, "04072242 0100 66ab8801"
25.130950, 25.0568504333496, 25734041, 0, 0, "6e74c841 0000 99ab8801"
25.131000, 22.0240592956543, 25734093, 0, 0, "4631b041 0000 cdab8801"
25.131050, 39.6049499511719, 25734144, 1, TriggerDetected, "786b1e42 0100 00ac8801"
25.131100, 30.2717552185059, 25734195, 0, 0, "8e2cf241 0000 33ac8801"
25.131150, 19.2581348419189, 25734246, 0, 0, "a9109a41 0000 66ac8801"
25.131200, 36.3411064147949, 25734297, 1, TriggerDetected, "4b5d1142 0100 99ac8801"
25.131250, 35.335994720459, 25734349, 0, 0, "0f580d42 0000 cdac8801"
25.131300, 18.9598159790039, 25734400, 0, 0, "b4ad9741 0000 00ad8801"
25.131350, 31.4784984588623, 25734451, 1, TriggerDetected, "f7d3fb41 0100 33ad8801"
25.131400, 39.0487022399902, 25734502, 0, 0, "df311c42 0000 66ad8801"
25.131450, 21.2001819610596, 25734553, 0, 0, "f999a941 0000 99ad8801"
25.131500, 26.1864337921143, 25734605, 0, 0, "d17dd141 0000 cdad8801"
25.131550, 40.5278701782227, 25734656, 1, TriggerDetected, "8a1c2242 0100 00ae8801"
25.131600, 25.4634113311768, 25734707, 0, 0, "11b5cb41 0000 33ae8801"
25.131650, 21.7234287261963, 25734758, 0, 0, "95c9ad41 0000 66ae8801"
25.131700, 39.4206161499023, 25734809, 1, TriggerDetected, "b6ae1d42 0100 99ae8801"
25.131750, 30.7095355987549, 25734861, 0, 0, "21adf541 0000 cdae8801"
25.131800, 19.1319351196289, 25734912, 0, 0, "340e9941 0000 00af8801"
25.131850, 35.9844970703125, 25734963, 1, TriggerDetected, "20f00f42 0100 33af8801"
25.131900, 35.711353302002, 25735014, 0, 0, "6dd80e42 0000 66af8801"
25.131950, 19.0537261962891, 25735065, 0, 0, "086e9841 0000 99af8801"
25.132000, 31.0482482910156, 25735117, 1, TriggerDetected, "d062f841 0100 cdaf8801"
25.132050, 39.2663726806641, 25735168, 0, 0, "c4101d42 0000 00b08801"
25.132100, 21.4928073883057, 25735219, 0, 0, "45f1ab41 0000 33b08801"
25.132150, 25.7726001739502, 25735270, 0, 0, "492ece41 0000 66b08801"
25.132200, 40.5387916564941, 25735321, 1, TriggerDetected, "b9272242 0100 99b08801"
25.132250, 25.8701782226563, 25735373, 0, 0, "20f6ce41 0000 cdb08801"
25.132300, 21.4249935150146, 25735424, 0, 0, "6366ab41 0000 00b18801"
25.132350, 39.2181816101074, 25735475, 1, TriggerDetected, "6bdf1c42 0100 33b18801"
25.132400, 31.1501808166504, 25735526, 0, 0, "9233f941 0000 66b18801"
25.132450, 19.0307846069336, 25735577, 0, 0, "0c3f9841 0000 99b18801"
25.132500, 35.6257476806641, 25735629, 1, TriggerDetected, "c4800e42 0100 cdb18801"
25.132550, 36.0713348388672, 25735680, 0, 0, "0c491042 0000 00b28801"
25.132600, 19.1636962890625, 25735731, 0, 0, "404f9941 0000 33b28801"
25.132650, 30.605447769165, 25735782, 1, TriggerDetected, "f5d7f441 0100 66b28801"
25.132700, 39.4688873291016, 25735833, 0, 0, "24e01d42 0000 99b28801"
25.132750, 21.7911205291748, 25735885, 0, 0, "3754ae41 0000 cdb28801"
25.132800, 25.3698539733887, 25735936, 0, 0, "76f5ca41 0000 00b38801"
25.132850, 40.5247993469238, 25735987, 1, TriggerDetected, "65192242 0100 33b38801"
25.132900, 26.2839202880859, 25736038, 0, 0, "7845d241 0000 66b38801"
25.132950, 21.1392707824707, 25736089, 0, 0, "3a1da941 0000 99b38801"
25.133000, 39.0000190734863, 25736141, 1, TriggerDetected, "05001c42 0100 cdb38801"
25.133050, 31.5770740509033, 25736192, 0, 0, "d99dfc41 0000 00b48801"
25.133100, 18.9386653900146, 25736243, 0, 0, "63829741 0000 33b48801"
25.133150, 35.2431945800781, 25736294, 1, TriggerDetected, "08f90c42 0100 66b48801"
25.133200, 36.4159698486328, 25736345, 0, 0, "f4a91142 0000 99b48801"
25.133250, 19.2852268218994, 25736397, 0, 0, "25489a41 0000 cdb48801"
25.133300, 30.1694107055664, 25736448, 1, TriggerDetected, "f45af141 0100 00b58801"
25.133350, 39.6438064575195, 25736499, 0, 0, "42931e42 0000 33b58801"
25.133400, 22.1012554168701, 25736550, 0, 0, "5fcfb041 0000 66b58801"
25.133450, 24.9640045166016, 25736601, 0, 0, "48b6c741 0000 99b58801"
25.133500, 40.4960899353027, 25736653, 1, TriggerDetected, "fffb2142 0100 cdb58801"
25.133550, 26.706033706665, 25736704, 0, 0, "f5a5d541 0000 00b68801"
25.133600, 20.8714122772217, 25736755, 0, 0, "a7f8a641 0000 33b68801"
25.133650, 38.7605133056641, 25736806, 1, TriggerDetected, "c40a1b42 0100 66b68801"
25.133700, 32.0099563598633, 25736857, 0, 0, "320a0042 0000 99b68801"
25.133750, 18.8696556091309, 25736909, 0, 0, "0ef59641 0000 cdb68801"
25.133800, 34.868579864502, 25736960, 1, TriggerDetected, "6d790b42 0100 00b78801"
25.133850, 36.7585830688477, 25737011, 0, 0, "ca081342 0000 33b78801"
25.133900, 19.429479598999, 25737062, 0, 0, "936f9b41 0000 66b78801"
25.133950, 29.7288188934326, 25737113, 0, 0, "9fd4ed41 0000 99b78801"
25.134000, 39.8105239868164, 25737165, 1, TriggerDetected, "fa3d1f42 0100 cdb78801"
25.134050, 22.4197463989258, 25737216, 0, 0, "a45bb341 0000 00b88801"
25.134100, 24.5704593658447, 25737267, 0, 0, "4d90c441 0000 33b88801"
25.134150, 40.4475135803223, 25737318, 1, TriggerDetected, "41ca2142 0100 66b88801"
25.134200, 27.1278705596924, 25737369, 0, 0, "e105d941 0000 99b88801"
25.134250, 20.6179733276367, 25737421, 0, 0, "9cf1a441 0000 cdb88801"
25.134300, 38.5155258178711, 25737472, 1, TriggerDetected, "e60f1a42 0100 00b98801"
25.134350, 32.4334411621094, 25737523, 0, 0, "d8bb0142 0000 33b98801"
25.134400, 18.813289642334, 25737574, 0, 0, "9e819641 0000 66b98801"
25.134450, 34.4739875793457, 25737625, 1, TriggerDetected, "5de50942 0100 99b98801"
25.134500, 37.0832138061523, 25737677, 0, 0, "36551442 0000 cdb98801"
25.134550, 19.5883979797363, 25737728, 0, 0, "0ab59c41 0000 00ba8801"
25.134600, 29.2899799346924, 25737779, 0, 0, "e151ea41 0000 33ba8801"
25.134650, 39.9663619995117, 25737830, 1, TriggerDetected, "8edd1f42 0100 66ba8801"
25.134700, 22.7563991546631, 25737881, 0, 0, "1b0db641 0000 99ba8801"
25.134750, 24.1862163543701, 25737933, 0, 0, "5f7dc141 0000 cdba8801"
25.134800, 40.3854446411133, 25737984, 1, TriggerDetected, "b28a2142 0100 00bb8801"
25.134850, 27.5630149841309, 25738035, 0, 0, "0e81dc41 0000 33bb8801"
25.134900, 20.3846874237061, 25738086, 0, 0, "d713a341 0000 66bb8801"
25.134950, 38.252010345459, 25738137, 1, TriggerDetected, "0f021942 0100 99bb8801"
25.135000, 32.8557357788086, 25738189, 0, 0, "466c0342 0000 cdbb8801"
25.135050, 18.7819919586182, 25738240, 0, 0, "85419641 0000 00bc8801"
25.135100, 34.0816993713379, 25738291, 1, TriggerDetected, "a9530842 0100 33bc8801"
25.135150, 37.4032440185547, 25738342, 0, 0, "ec9c1542 0000 66bc8801"
25.135200, 19.7678699493408, 25738393, 0, 0, "99249e41 0000 99bc8801"
25.135250, 28.8474922180176, 25738445, 0, 0, "aac7e641 0000 cdbc8801"
25.135300, 40.0931396484375, 25738496, 1, TriggerDetected, "605f2042 0100 00bd8801"
25.135350, 23.1046924591064, 25738547, 0, 0, "69d6b841 0000 33bd8801"
25.135400, 23.8138008117676, 25738598, 0, 0, "aa82be41 0000 66bd8801"
25.135450, 40.302360534668, 25738649, 1, TriggerDetected, "9e352142 0100 99bd8801"
25.135500, 27.9926528930664, 25738701, 0, 0, "f4f0df41 0000 cdbd8801"
25.135550, 20.1589241027832, 25738752, 0, 0, "7a45a141 0000 00be8801"
25.135600, 37.9809150695801, 25738803, 1, TriggerDetected, "75ec1742 0100 33be8801"
25.135650, 33.2813606262207, 25738854, 0, 0, "1d200542 0000 66be8801"
25.135700, 18.7734508514404, 25738905, 0, 0, "07309641 0000 99be8801"
25.135750, 33.6789283752441, 25738957, 1, TriggerDetected, "39b70642 0100 cdbe8801"
25.135800, 37.7011795043945, 25739008, 0, 0, "02ce1642 0000 00bf8801"
25.135850, 19.9618549346924, 25739059, 0, 0, "e1b19f41 0000 33bf8801"
25.135900, 28.4146347045898, 25739110, 0, 0, "2c51e341 0000 66bf8801"
25.135950, 40.2112236022949, 25739161, 1, TriggerDetected, "4bd82042 0100 99bf8801"
25.136000, 23.4604320526123, 25739213, 0, 0, "f7aebb41 0000 cdbf8801"
25.136050, 23.4465770721436, 25739264, 0, 0, "9792bb41 0000 00c08801"
25.136100, 40.2057304382324, 25739315, 1, TriggerDetected, "abd22042 0100 33c08801"
25.136150, 28.4336528778076, 25739366, 0, 0, "1f78e341 0000 66c08801"
25.136200, 19.9591846466064, 25739417, 0, 0, "69ac9f41 0000 99c08801"
25.136250, 37.6934585571289, 25739469, 1, TriggerDetected, "1ac61642 0100 cdc08801"
25.136300, 33.6888122558594, 25739520, 0, 0, "58c10642 0000 00c18801"
25.136350, 18.7663917541504, 25739571, 0, 0, "92219641 0000 33c18801"
25.136400, 33.2648048400879, 25739622, 1, TriggerDetected, "290f0542 0100 66c18801"
25.136450, 37.9929428100586, 25739673, 0, 0, "c6f81742 0000 99c18801"
25.136500, 20.1686611175537, 25739725, 0, 0, "6b59a141 0000 cdc18801"
25.136550, 27.9730072021484, 25739776, 0, 0, "b8c8df41 0000 00c28801"
25.136600, 40.3071250915527, 25739827, 1, TriggerDetected, "7f3a2142 0100 33c28801"
25.136650, 23.8281059265137, 25739878, 0, 0, "f69fbe41 0000 66c28801"
25.136700, 23.0887317657471, 25739929, 0, 0, "b9b5b841 0000 99c28801"
25.136750, 40.0885772705078, 25739981, 1, TriggerDetected, "b45a2042 0100 cdc28801"
25.136800, 28.8638038635254, 25740032, 0, 0, "12e9e641 0000 00c38801"
25.136850, 19.7620086669922, 25740083, 0, 0, "98189e41 0000 33c38801"
25.136900, 37.3865737915039, 25740134, 1, TriggerDetected, "da8b1542 0100 66c38801"
25.136950, 34.0994453430176, 25740185, 0, 0, "d5650842 0000 99c38801"
25.137000, 18.7835388183594, 25740237, 0, 0, "b0449641 0000 cdc38801"
25.137050, 32.8515129089355, 25740288, 1, TriggerDetected, "f3670342 0100 00c48801"
25.137100, 38.2657928466797, 25740339, 0, 0, "2c101942 0000 33c48801"
25.137150, 20.3910655975342, 25740390, 0, 0, "e720a341 0000 66c48801"
25.137200, 27.5441703796387, 25740441, 0, 0, "765adc41 0000 99c48801"
25.137250, 40.3890113830566, 25740493, 1, TriggerDetected, "598e2142 0100 cdc48801"
25.137300, 24.2062835693359, 25740544, 0, 0, "78a6c141 0000 00c58801"
25.137350, 22.7425727844238, 25740595, 0, 0, "caf0b541 0000 33c58801"
25.137400, 39.9521026611328, 25740646, 1, TriggerDetected, "f4ce1f42 0100 66c58801"
25.137450, 29.3076629638672, 25740697, 0, 0, "1876ea41 0000 99c58801"
25.137500, 19.5855388641357, 25740749, 0, 0, "2faf9c41 0000 cdc58801"
25.137550, 37.0721473693848, 25740800, 1, TriggerDetected, "e1491442 0100 00c68801"
25.137600, 34.4936065673828, 25740851, 0, 0, "74f90942 0000 33c68801"
25.137650, 18.8205051422119, 25740902, 0, 0, "65909641 0000 66c68801"
25.137700, 32.422046661377, 25740953, 1, TriggerDetected, "2db00142 0100 99c68801"
25.137750, 38.5293960571289, 25741005, 0, 0, "1a1e1a42 0000 cdc68801"
25.137800, 20.6294803619385, 25741056, 0, 0, "2d09a541 0000 00c78801"
25.137850, 27.1144485473633, 25741107, 0, 0, "64ead841 0000 33c78801"
25.137900, 40.4485054016113, 25741158, 1, TriggerDetected, "45cb2142 0100 66c78801"
25.137950, 24.5860805511475, 25741209, 0, 0, "4bb0c441 0000 99c78801"
25.138000, 22.4049625396729, 25741261, 0, 0, "5d3db341 0000 cdc78801"
25.138050, 39.803524017334, 25741312, 1, TriggerDetected, "cf361f42 0100 00c88801"
25.138100, 29.7485198974609, 25741363, 0, 0, "f8fced41 0000 33c88801"
25.138150, 19.4231224060059, 25741414, 0, 0, "8e629b41 0000 66c88801"
25.138200, 36.7441329956055, 25741465, 1, TriggerDetected, "fef91242 0100 99c88801"
25.138250, 34.8851928710938, 25741517, 0, 0, "708a0b42 0000 cdc88801"
25.138300, 18.872091293335, 25741568, 0, 0, "0bfa9641 0000 00c98801"
25.138350, 31.9949512481689, 25741619, 1, TriggerDetected, "a9f5ff41 0100 33c98801"
25.138400, 38.7716484069824, 25741670, 0, 0, "2b161b42 0000 66c98801"
25.138450, 20.8805904388428, 25741721, 0, 0, "730ba741 0000 99c98801"
25.138500, 26.685754776001, 25741773, 0, 0, "6d7cd541 0000 cdc98801"
25.138550, 40.4967346191406, 25741824, 1, TriggerDetected, "a8fc2142 0100 00ca8801"
25.138600, 24.9830360412598, 25741875, 0, 0, "42ddc741 0000 33ca8801"
25.138650, 22.0809726715088, 25741926, 0, 0, "d5a5b041 0000 66ca8801"
25.138700, 39.635425567627, 25741977, 1, TriggerDetected, "ad8a1e42 0100 99ca8801"
25.138750, 30.1835861206055, 25742029, 0, 0, "fc77f141 0000 cdca8801"
25.138800, 19.2829704284668, 25742080, 0, 0, "86439a41 0000 00cb8801"
25.138850, 36.4046592712402, 25742131, 1, TriggerDetected, "5f9e1142 0100 33cb8801"
25.138900, 35.2658081054688, 25742182, 0, 0, "30100d42 0000 66cb8801"
25.138950, 18.9440536499023, 25742233, 0, 0, "6c8d9741 0000 99cb8801"
25.139000, 31.5637130737305, 25742285, 1, TriggerDetected, "7c82fc41 0100 cdcb8801"
25.139050, 39.0044479370117, 25742336, 0, 0, "8e041c42 0000 00cc8801"
25.139100, 21.1492328643799, 25742387, 0, 0, "a131a941 0000 33cc8801"
25.139150, 26.2701606750488, 25742438, 0, 0, "4a29d241 0000 66cc8801"
25.139200, 40.5260391235352, 25742489, 1, TriggerDetected, "aa1a2242 0100 99cc8801"
25.139250, 25.3743019104004, 25742541, 0, 0, "92feca41 0000 cdcc8801"
25.139300, 21.774881362915, 25742592, 0, 0, "f532ae41 0000 00cd8801"
25.139350, 39.4547271728516, 25742643, 1, TriggerDetected, "a4d11d42 0100 33cd8801"
25.139400, 30.627025604248, 25742694, 0, 0, "2604f541 0000 66cd8801"
25.139450, 19.1572246551514, 25742745, 0, 0, "ff419941 0000 99cd8801"
25.139500, 36.0542678833008, 25742797, 1, TriggerDetected, "92371042 0100 cdcd8801"
25.139550, 35.6326103210449, 25742848, 0, 0, "cb870e42 0000 00ce8801"
25.139600, 19.0293865203857, 25742899, 0, 0, "2f3c9841 0000 33ce8801"
25.139650, 31.1287479400635, 25742950, 1, TriggerDetected, "ad07f941 0100 66ce8801"
25.139700, 39.2267265319824, 25743001, 0, 0, "2be81c42 0000 99ce8801"
25.139750, 21.436206817627, 25743053, 0, 0, "5a7dab41 0000 cdce8801"
25.139800, 25.8526153564453, 25743104, 0, 0, "28d2ce41 0000 00cf8801"
25.139850, 40.5347099304199, 25743155, 1, TriggerDetected, "8b232242 0100 33cf8801"
25.139900, 25.7910137176514, 25743206, 0, 0, "ff53ce41 0000 66cf8801"
25.139950, 21.4781932830811, 25743257, 0, 0, "57d3ab41 0000 99cf8801"
25.140000, 39.2561492919922, 25743309, 1, TriggerDetected, "4c061d42 0100 cdcf8801"
25.140050, 31.0609645843506, 25743360, 0, 0, "db7cf841 0000 00d08801"
25.140100, 19.0471591949463, 25743411, 0, 0, "95609841 0000 33d08801"
25.140150, 35.6943740844727, 25743462, 1, TriggerDetected, "0ac70e42 0100 66d08801"
25.140200, 36.0035400390625, 25743513, 0, 0, "a0031042 0000 99d08801"
25.140250, 19.1387233734131, 25743565, 0, 0, "1b1c9941 0000 cdd08801"
25.140300, 30.6935195922852, 25743616, 1, TriggerDetected, "548cf541 0100 00d18801"
25.140350, 39.4248352050781, 25743667, 0, 0, "08b31d42 0000 33d18801"
25.140400, 21.7279834747314, 25743718, 0, 0, "e9d2ad41 0000 66d18801"
25.140450, 25.4418029785156, 25743769, 0, 0, "d088cb41 0000 99d18801"
25.140500, 40.5286598205566, 25743821, 1, TriggerDetected, "591d2242 0100 cdd18801"
25.140550, 26.2006492614746, 25743872, 0, 0, "ee9ad141 0000 00d28801"
25.140600, 21.1949253082275, 25743923, 0, 0, "358fa941 0000 33d28801"
25.140650, 39.0386772155762, 25743974, 1, TriggerDetected, "9b271c42 0100 66d28801"
25.140700, 31.4935092926025, 25744025, 0, 0, "b5f2fb41 0000 99d28801"
25.140750, 18.9561576843262, 25744077, 0, 0, "36a69741 0000 cdd28801"
25.140800, 35.3220863342285, 25744128, 1, TriggerDetected, "d1490d42 0100 00d38801"
25.140850, 36.3505744934082, 25744179, 0, 0, "fd661142 0000 33d38801"
25.140900, 19.2627582550049, 25744230, 0, 0, "211a9a41 0000 66d38801"
25.140950, 30.2591743469238, 25744281, 1, TriggerDetected, "ca12f241 0100 99d38801"
25.141000, 39.6140174865723, 25744333, 0, 0, "c1741e42 0000 cdd38801"
25.141050, 22.0406284332275, 25744384, 0, 0, "3553b041 0000 00d48801"
25.141100, 25.0427665710449, 25744435, 0, 0, "9657c841 0000 33d48801"
25.141150, 40.5028305053711, 25744486, 1, TriggerDetected, "e6022242 0100 66d48801"
25.141200, 26.6233711242676, 25744537, 0, 0, "aafcd441 0000 99d48801"
25.141250, 20.9252796173096, 25744589, 0, 0, "f966a741 0000 cdd48801"
25.141300, 38.8136405944824, 25744640, 1, TriggerDetected, "2b411b42 0100 00d58801"
25.141350, 31.9326934814453, 25744691, 0, 0, "2876ff41 0000 33d58801"
25.141400, 18.8839263916016, 25744742, 0, 0, "48129741 0000 66d58801"
25.141450, 34.9425201416016, 25744793, 1, TriggerDetected, "24c50b42 0100 99d58801"
25.141500, 36.6938743591309, 25744845, 0, 0, "87c61242 0000 cdd58801"
25.141550, 19.4030742645264, 25744896, 0, 0, "7f399b41 0000 00d68801"
25.141600, 29.8135585784912, 25744947, 0, 0, "2b82ee41 0000 33d68801"
25.141650, 39.7803153991699, 25744998, 1, TriggerDetected, "0b1f1f42 0100 66d68801"
25.141700, 22.3637409210205, 25745049, 0, 0, "f1e8b241 0000 99d68801"
25.141750, 24.6492214202881, 25745101, 0, 0, "9b31c541 0000 cdd68801"
25.141800, 40.4593772888184, 25745152, 1, TriggerDetected, "67d62142 0100 00d78801"
25.141850, 27.0500602722168, 25745203, 0, 0, "8666d841 0000 33d78801"
25.141900, 20.6686344146729, 25745254, 0, 0, "5d59a541 0000 66d78801"
25.141950, 38.5658988952637, 25745305, 1, TriggerDetected, "7b431a42 0100 99d78801"
25.142000, 32.3510551452637, 25745357, 0, 0, "7b670142 0000 cdd78801"
25.142050, 18.8259716033936, 25745408, 0, 0, "979b9641 0000 00d88801"
25.142100, 34.5569343566895, 25745459, 1, TriggerDetected, "4d3a0a42 0100 33d88801"
25.142150, 37.018741607666, 25745510, 0, 0, "31131442 0000 66d88801"
25.142200, 19.5596885681152, 25745561, 0, 0, "3e7a9c41 0000 99d88801"
25.142250, 29.3755722045898, 25745613, 0, 0, "2c01eb41 0000 cdd88801"
25.142300, 39.9365539550781, 25745664, 1, TriggerDetected, "08bf1f42 0100 00d98801"
25.142350, 22.6927318572998, 25745715, 0, 0, "b78ab541 0000 33d98801"
25.142400, 24.262186050415, 25745766, 0, 0, "f518c241 0000 66d98801"
25.142450, 40.3986740112305, 25745817, 1, TriggerDetected, "3e982142 0100 99d98801"
25.142500, 27.4792594909668, 25745869, 0, 0, "86d5db41 0000 cdd98801"
25.142550, 20.4264621734619, 25745920, 0, 0, "6569a341 0000 00da8801"
25.142600, 38.3066864013672, 25745971, 1, TriggerDetected, "0c3a1942 0100 33da8801"
25.142650, 32.7803268432617, 25746022, 0, 0, "0e1f0342 0000 66da8801"
25.142700, 18.7858371734619, 25746073, 0, 0, "65499641 0000 99da8801"
25.142750, 34.1613388061523, 25746125, 1, TriggerDetected, "36a50842 0100 cdda8801"
25.142800, 37.3415832519531, 25746176, 0, 0, "c85d1542 0000 00db8801"
25.142850, 19.7336292266846, 25746227, 0, 0, "79de9d41 0000 33db8801"
25.142900, 28.9375858306885, 25746278, 0, 0, "2d80e741 0000 66db8801"
25.142950, 40.0673675537109, 25746329, 1, TriggerDetected, "fc442042 0100 99db8801"
25.143000, 23.0354785919189, 25746381, 0, 0, "a948b841 0000 cddb8801"
25.143050, 23.8840103149414, 25746432, 0, 0, "7412bf41 0000 00dc8801"
25.143100, 40.3251190185547, 25746483, 1, TriggerDetected, "ec4c2142 0100 33dc8801"
25.143150, 27.9093055725098, 25746534, 0, 0, "4246df41 0000 66dc8801"
25.143200, 20.2046222686768, 25746585, 0, 0, "11a3a141 0000 99dc8801"
25.143250, 38.0369606018066, 25746637, 1, TriggerDetected, "d9251842 0100 cddc8801"
25.143300, 33.196460723877, 25746688, 0, 0, "2dc90442 0000 00dd8801"
25.143350, 18.7706413269043, 25746739, 0, 0, "462a9641 0000 33dd8801"
25.143400, 33.7567825317383, 25746790, 1, TriggerDetected, "f2060742 0100 66dd8801"
25.143450, 37.644905090332, 25746841, 0, 0, "62941642 0000 99dd8801"
25.143500, 19.9254055023193, 25746893, 0, 0, "3b679f41 0000 cddd8801"
25.143550, 28.4983539581299, 25746944, 0, 0, "a1fce341 0000 00de8801"
25.143600, 40.1864624023438, 25746995, 1, TriggerDetected, "f0be2042 0100 33de8801"
25.143650, 23.3915309906006, 25747046, 0, 0, "db21bb41 0000 66de8801"
25.143700, 23.5178146362305, 25747097, 0, 0, "7c24bc41 0000 99de8801"
25.143750, 40.2254524230957, 25747149, 1, TriggerDetected, "dde62042 0100 cdde8801"
25.143800, 28.3434028625488, 25747200, 0, 0, "4abfe241 0000 00df8801"
25.143850, 19.9903202056885, 25747251, 0, 0, "2dec9f41 0000 33df8801"
25.143900, 37.7481307983398, 25747302, 1, TriggerDetected, "16fe1642 0100 66df8801"
25.143950, 33.6144943237305, 25747353, 0, 0, "3e750642 0000 99df8801"
25.144000, 18.7667636871338, 25747405, 0, 0, "55229641 0000 cddf8801"
25.144050, 33.3443717956543, 25747456, 1, TriggerDetected, "a3600542 0100 00e08801"
25.144100, 37.9365501403809, 25747507, 0, 0, "07bf1742 0000 33e08801"
25.144150, 20.1306037902832, 25747558, 0, 0, "7a0ba141 0000 66e08801"
25.144200, 28.0652751922607, 25747609, 0, 0, "af85e041 0000 99e08801"
25.144250, 40.2899551391602, 25747661, 1, TriggerDetected, "ea282142 0100 cde08801"
25.144300, 23.7520065307617, 25747712, 0, 0, "1c04be41 0000 00e18801"
25.144350, 23.1572437286377, 25747763, 0, 0, "0942b941 0000 33e18801"
25.144400, 40.1120491027832, 25747814, 1, TriggerDetected, "bd722042 0100 66e18801"
25.144450, 28.78835105896, 25747865, 0, 0, "8b4ee641 0000 99e18801"
25.144500, 19.7985496520996, 25747917, 0, 0, "6e639e41 0000 cde18801"
25.144550, 37.4448776245117, 25747968, 1, TriggerDetected, "8ec71542 0100 00e28801"
25.144600, 34.0154647827148, 25748019, 0, 0, "d60f0842 0000 33e28801"
25.144650, 18.7859153747559, 25748070, 0, 0, "8e499641 0000 66e28801"
25.144700, 32.9302062988281, 25748121, 1, TriggerDetected, "88b80342 0100 99e28801"
25.144750, 38.2173080444336, 25748173, 0, 0, "86de1842 0000 cde28801"
25.144800, 20.3486518859863, 25748224, 0, 0, "0acaa241 0000 00e38801"
25.144850, 27.6298656463623, 25748275, 0, 0, "f709dd41 0000 33e38801"
25.144900, 40.3756141662598, 25748326, 1, TriggerDetected, "a1802142 0100 66e38801"
25.144950, 24.1292381286621, 25748377, 0, 0, "ae08c141 0000 99e38801"
25.145000, 22.8089179992676, 25748429, 0, 0, "aa78b641 0000 cde38801"
25.145050, 39.9873542785645, 25748480, 1, TriggerDetected, "0df31f42 0100 00e48801"
25.145100, 29.223201751709, 25748531, 0, 0, "1ec9e941 0000 33e48801"
25.145150, 19.6147708892822, 25748582, 0, 0, "0deb9c41 0000 66e48801"
25.145200, 37.1336708068848, 25748633, 1, TriggerDetected, "e1881442 0100 99e48801"
25.145250, 34.4160423278809, 25748685, 0, 0, "07aa0942 0000 cde48801"
25.145300, 18.8160762786865, 25748736, 0, 0, "53879641 0000 00e58801"
25.145350, 32.5035552978516, 25748787, 1, TriggerDetected, "a4030242 0100 33e58801"
25.145400, 38.481273651123, 25748838, 0, 0, "d3ec1942 0000 66e58801"
25.145450, 20.5897216796875, 25748889, 0, 0, "c0b7a441 0000 99e58801"
25.145500, 27.1981468200684, 25748941, 0, 0, "ce95d941 0000 cde58801"
25.145550, 40.4450378417969, 25748992, 1, TriggerDetected, "b8c72142 0100 00e68801"
25.145600, 24.5166110992432, 25749043, 0, 0, "0522c441 0000 33e68801"
25.145650, 22.476490020752, 25749094, 0, 0, "dacfb341 0000 66e68801"
25.145700, 39.8366889953613, 25749145, 1, TriggerDetected, "c5581f42 0100 99e68801"
25.145750, 29.6673984527588, 25749197, 0, 0, "d556ed41 0000 cde68801"
25.145800, 19.4578380584717, 25749248, 0, 0, "a7a99b41 0000 00e78801"
25.145850, 36.8126792907715, 25749299, 1, TriggerDetected, "2f401342 0100 33e78801"
25.145900, 34.8117637634277, 25749350, 0, 0, "3f3f0b42 0000 66e78801"
25.145950, 18.8638286590576, 25749401, 0, 0, "1fe99641 0000 99e78801"
25.146000, 32.0824279785156, 25749453, 1, TriggerDetected, "68540042 0100 cde78801"
25.146050, 38.7366142272949, 25749504, 0, 0, "4bf21a42 0000 00e88801"
25.146100, 20.8406677246094, 25749555, 0, 0, "b0b9a641 0000 33e88801"
25.146150, 26.7723293304443, 25749606, 0, 0, "bb2dd641 0000 66e88801"
25.146200, 40.4921569824219, 25749657, 1, TriggerDetected, "f8f72142 0100 99e88801"
25.146250, 24.9101123809814, 25749709, 0, 0, "e947c741 0000 cde88801"
25.146300, 22.1467342376709, 25749760, 0, 0, "832cb141 0000 00e98801"
25.146350, 39.6778831481934, 25749811, 1, TriggerDetected, "27b61e42 0100 33e98801"
25.146400, 30.1078147888184, 25749862, 0, 0, "cedcf041 0000 66e98801"
25.146450, 19.3143577575684, 25749913, 0, 0, "ce839a41 0000 99e98801"
25.146500, 36.4778938293457, 25749965, 1, TriggerDetected, "5de91142 0100 cde98801"
25.146550, 35.1975364685059, 25750016, 0, 0, "47ca0c42 0000 00ea8801"
25.146600, 18.9370059967041, 25750067, 0, 0, "fd7e9741 0000 33ea8801"
25.146650, 31.6553249359131, 25750118, 1, TriggerDetected, "1b3efd41 0100 66ea8801"
25.146700, 38.9706611633301, 25750169, 0, 0, "f5e11b42 0000 99ea8801"
25.146750, 21.1012325286865, 25750221, 0, 0, "53cfa841 0000 cdea8801"
25.146800, 26.351245880127, 25750272, 0, 0, "5acfd241 0000 00eb8801"
25.146850, 40.5255165100098, 25750323, 1, TriggerDetected, "211a2242 0100 33eb8801"
25.146900, 25.3125801086426, 25750374, 0, 0, "2a80ca41 0000 66eb8801"
25.146950, 21.843599319458, 25750425, 0, 0, "b1bfae41 0000 99eb8801"
25.147000, 39.4984817504883, 25750477, 1, TriggerDetected, "72fe1d42 0100 cdeb8801"
25.147050, 30.5464324951172, 25750528, 0, 0, "185ff441 0000 00ec8801"
25.147100, 19.1834659576416, 25750579, 0, 0, "bd779941 0000 33ec8801"
25.147150, 36.1301040649414, 25750630, 1, TriggerDetected, "3a851042 0100 66ec8801"
25.147200, 35.5703010559082, 25750681, 0, 0, "fd470e42 0000 99ec8801"
25.147250, 19.0241985321045, 25750733, 0, 0, "8f319841 0000 cdec8801"
25.147300, 31.2191734313965, 25750784, 1, TriggerDetected, "dec0f941 0100 00ed8801"
25.147350, 39.189151763916, 25750835, 0, 0, "b1c11c42 0000 33ed8801"
25.147400, 21.3848552703857, 25750886, 0, 0, "2f14ab41 0000 66ed8801"
25.147450, 25.9418430328369, 25750937, 0, 0, "e588cf41 0000 99ed8801"
25.147500, 40.5388450622559, 25750989, 1, TriggerDetected, "c7272242 0100 cded8801"
25.147550, 25.7137451171875, 25751040, 0, 0, "c0b5cd41 0000 00ee8801"
25.147600, 21.5412940979004, 25751091, 0, 0, "9254ac41 0000 33ee8801"
25.147650, 39.2993507385254, 25751142, 1, TriggerDetected, "89321d42 0100 66ee8801"
25.147700, 30.9808750152588, 25751193, 0, 0, "d5d8f741 0000 99ee8801"
25.147750, 19.0746116638184, 25751245, 0, 0, "ce989841 0000 cdee8801"
25.147800, 35.7679786682129, 25751296, 1, TriggerDetected, "69120f42 0100 00ef8801"
25.147850, 35.9341430664063, 25751347, 0, 0, "90bc0f42 0000 33ef8801"
25.147900, 19.1252422332764, 25751398, 0, 0, "7f009941 0000 66ef8801"
25.147950, 30.7810802459717, 25751449, 1, TriggerDetected, "a73ff641 0100 99ef8801"
25.148000, 39.3899154663086, 25751501, 0, 0, "468f1d42 0000 cdef8801"
25.148050, 21.6686401367188, 25751552, 0, 0, "6059ad41 0000 00f08801"
25.148100, 25.5266742706299, 25751603, 0, 0, "a136cc41 0000 33f08801"
25.148150, 40.5314636230469, 25751654, 1, TriggerDetected, "38202242 0100 66f08801"
25.148200, 26.131742477417, 25751705, 0, 0, "cf0dd141 0000 99f08801"
25.148250, 21.2563304901123, 25751757, 0, 0, "f70caa41 0000 cdf08801"
25.148300, 39.0898933410645, 25751808, 1, TriggerDetected, "0d5c1c42 0100 00f18801"
25.148350, 31.4143695831299, 25751859, 0, 0, "a150fb41 0000 33f18801"
25.148400, 18.9758319854736, 25751910, 0, 0, "81ce9741 0000 66f18801"
25.148450, 35.3957443237305, 25751961, 1, TriggerDetected, "3e950d42 0100 99f18801"
25.148500, 36.2875366210938, 25752013, 0, 0, "70261142 0000 cdf18801"
25.148550, 19.239351272583, 25752064, 0, 0, "31ea9941 0000 00f28801"
25.148600, 30.3446235656738, 25752115, 1, TriggerDetected, "cac1f241 0100 33f28801"
25.148650, 39.5734748840332, 25752166, 0, 0, "3d4b1e42 0000 66f28801"
25.148700, 21.9810733795166, 25752217, 0, 0, "3dd9af41 0000 99f28801"
25.148750, 25.1205444335938, 25752269, 0, 0, "e0f6c841 0000 cdf28801"
25.148800, 40.5135345458984, 25752320, 1, TriggerDetected, "dc0d2242 0100 00f38801"
25.148850, 26.5418891906738, 25752371, 0, 0, "ca55d441 0000 33f38801"
25.148900, 20.9782943725586, 25752422, 0, 0, "8cd3a741 0000 66f38801"
25.148950, 38.8590469360352, 25752473, 1, TriggerDetected, "aa6f1b42 0100 99f38801"
25.149000, 31.8442840576172, 25752525, 0, 0, "18c1fe41 0000 cdf38801"
25.149050, 18.8957939147949, 25752576, 0, 0, "962a9741 0000 00f48801"
25.149100, 35.0191764831543, 25752627, 1, TriggerDetected, "a3130c42 0100 33f48801"
25.149150, 36.622989654541, 25752678, 0, 0, "f17d1242 0000 66f48801"
25.149200, 19.3734302520752, 25752729, 0, 0, "c9fc9a41 0000 99f48801"
25.149250, 29.9002952575684, 25752781, 0, 0, "ce33ef41 0000 cdf48801"
25.149300, 39.7517852783203, 25752832, 1, TriggerDetected, "d4011f42 0100 00f58801"
25.149350, 22.2931690216064, 25752883, 0, 0, "6958b241 0000 33f58801"
25.149400, 24.7271366119385, 25752934, 0, 0, "2dd1c541 0000 66f58801"
25.149450, 40.4693908691406, 25752985, 1, TriggerDetected, "a8e02142 0100 99f58801"
25.149500, 26.9676990509033, 25753037, 0, 0, "d9bdd741 0000 cdf58801"
25.149550, 20.7174282073975, 25753088, 0, 0, "4bbda541 0000 00f68801"
25.149600, 38.617488861084, 25753139, 1, TriggerDetected, "4f781a42 0100 33f68801"
25.149650, 32.2751846313477, 25753190, 0, 0, "ca190142 0000 66f68801"
25.149700, 18.8399105072021, 25753241, 0, 0, "23b89641 0000 99f68801"
25.149750, 34.6285858154297, 25753293, 1, TriggerDetected, "ac830a42 0100 cdf68801"
25.149800, 36.9628715515137, 25753344, 0, 0, "fbd91342 0000 00f78801"
25.149850, 19.5337352752686, 25753395, 0, 0, "17459c41 0000 33f78801"
25.149900, 29.4643478393555, 25753446, 0, 0, "fcb6eb41 0000 66f78801"
25.149950, 39.9062042236328, 25753497, 1, TriggerDetected, "f49f1f42 0100 99f78801"
25.150000, 22.6270141601563, 25753549, 0, 0, "2004b541 0000 cdf78801"
25.150050, 24.3327865600586, 25753600, 0, 0, "8ca9c241 0000 00f88801"
25.150100, 40.4137954711914, 25753651, 1, TriggerDetected, "baa72142 0100 33f88801"
25.150150, 27.3962001800537, 25753702, 0, 0, "6b2bdb41 0000 66f88801"
25.150200, 20.4759845733643, 25753753, 0, 0, "d1cea341 0000 99f88801"
25.150250, 38.3584098815918, 25753805, 1, TriggerDetected, "036f1942 0100 cdf88801"
25.150300, 32.7007064819336, 25753856, 0, 0, "86cd0242 0000 00f98801"
25.150350, 18.797399520874, 25753907, 0, 0, "13619641 0000 33f98801"
25.150400, 34.2366943359375, 25753958, 1, TriggerDetected, "60f20842 0100 66f98801"
25.150450, 37.2788734436035, 25754009, 0, 0, "911d1542 0000 99f98801"
25.150500, 19.6972942352295, 25754061, 0, 0, "0f949d41 0000 cdf98801"
25.150550, 29.0189552307129, 25754112, 0, 0, "d226e841 0000 00fa8801"
25.150600, 40.0471267700195, 25754163, 1, TriggerDetected, "42302042 0100 33fa8801"
25.150650, 22.9682903289795, 25754214, 0, 0, "0fbfb741 0000 66fa8801"
25.150700, 23.9559268951416, 25754265, 0, 0, "bda5bf41 0000 99fa8801"
25.150750, 40.3377075195313, 25754317, 1, TriggerDetected, "d0592142 0100 cdfa8801"
25.150800, 27.8266372680664, 25754368, 0, 0, "f49cde41 0000 00fb8801"
25.150850, 20.2426261901855, 25754419, 0, 0, "e6f0a141 0000 33fb8801"
25.150900, 38.0912590026855, 25754470, 1, TriggerDetected, "735d1842 0100 66fb8801"
25.150950, 33.1243171691895, 25754521, 0, 0, "4d7f0442 0000 99fb8801"
25.151000, 18.7732772827148, 25754573, 0, 0, "ac2f9641 0000 cdfb8801"
25.151050, 33.8332557678223, 25754624, 1, TriggerDetected, "41550742 0100 00fc8801"
25.151100, 37.5883979797363, 25754675, 0, 0, "855a1642 0000 33fc8801"
25.151150, 19.8881092071533, 25754726, 0, 0, "d91a9f41 0000 66fc8801"
25.151200, 28.5856742858887, 25754777, 0, 0, "76afe441 0000 99fc8801"
25.151250, 40.1663398742676, 25754829, 1, TriggerDetected, "55aa2042 0100 cdfc8801"
25.151300, 23.3226013183594, 25754880, 0, 0, "b094ba41 0000 00fd8801"
25.151350, 23.5866870880127, 25754931, 0, 0, "89b1bc41 0000 33fd8801"
25.151400, 40.2469253540039, 25754982, 1, TriggerDetected, "dafc2042 0100 66fd8801"
25.151450, 28.2643222808838, 25755033, 0, 0, "551de241 0000 99fd8801"
25.151500, 20.0355567932129, 25755085, 0, 0, "d248a041 0000 cdfd8801"
25.151550, 37.8098564147949, 25755136, 1, TriggerDetected, "4b3d1742 0100 00fe8801"
25.151600, 33.5315704345703, 25755187, 0, 0, "54200642 0000 33fe8801"
25.151650, 18.7679252624512, 25755238, 0, 0, "b6249641 0000 66fe8801"
25.151700, 33.4264373779297, 25755289, 1, TriggerDetected, "acb40542 0100 99fe8801"
25.151750, 37.8792839050293, 25755341, 0, 0, "63841742 0000 cdfe8801"
25.151800, 20.0828456878662, 25755392, 0, 0, "aba9a041 0000 00ff8801"
25.151850, 28.1463775634766, 25755443, 0, 0, "c82be141 0000 33ff8801"
25.151900, 40.2726249694824, 25755494, 1, TriggerDetected, "2b172142 0100 66ff8801"
25.151950, 23.6822605133057, 25755545, 0, 0, "4575bd41 0000 99ff8801"
25.152000, 23.2303943634033, 25755597, 0, 0, "d9d7b941 0000 cdff8801"
25.152050, 40.1393890380859, 25755648, 1, TriggerDetected, "bc8e2042 0100 00008901"
25.152100, 28.6988334655762, 25755699, 0, 0, "3697e541 0000 33008901"
25.152150, 19.8300380706787, 25755750, 0, 0, "eba39e41 0000 66008901"
25.152200, 37.5050468444824, 25755801, 1, TriggerDetected, "2b051642 0100 99008901"
25.152250, 33.9440612792969, 25755853, 0, 0, "b8c60742 0000 cd008901"
25.152300, 18.7807216644287, 25755904, 0, 0, "eb3e9641 0000 00018901"
25.152350, 33.0113372802734, 25755955, 1, TriggerDetected, "9c0b0442 0100 33018901"
25.152400, 38.1623153686523, 25756006, 0, 0, "36a61842 0000 66018901"
25.152450, 20.3050403594971, 25756057, 0, 0, "b970a241 0000 99018901"
25.152500, 27.714111328125, 25756109, 0, 0, "80b6dd41 0000 cd018901"
25.152550, 40.3587303161621, 25756160, 1, TriggerDetected, "576f2142 0100 00028901"
25.152600, 24.0543518066406, 25756211, 0, 0, "506fc041 0000 33028901"
25.152650, 22.8748416900635, 25756262, 0, 0, "adffb641 0000 66028901"
25.152700, 40.0081481933594, 25756313, 1, TriggerDetected, "58082042 0100 99028901"
25.152750, 29.1419467926025, 25756365, 0, 0, "b522e941 0000 cd028901"
25.152800, 19.6508235931396, 25756416, 0, 0, "e3349d41 0000 00038901"
25.152850, 37.1981430053711, 25756467, 1, TriggerDetected, "e6ca1442 0100 33038901"
25.152900, 34.3380355834961, 25756518, 0, 0, "265a0942 0000 66038901"
25.152950, 18.8062038421631, 25756569, 0, 0, "1b739641 0000 99038901"
25.153000, 32.5875663757324, 25756621, 1, TriggerDetected, "ab590242 0100 cd038901"
25.153050, 38.4325942993164, 25756672, 0, 0, "faba1942 0000 00048901"
25.153100, 20.5413970947266, 25756723, 0, 0, "c854a441 0000 33048901"
25.153150, 27.2854061126709, 25756774, 0, 0, "8348da41 0000 66048901"
25.153200, 40.429744720459, 25756825, 1, TriggerDetected, "0fb82142 0100 99048901"
25.153250, 24.4430084228516, 25756877, 0, 0, "488bc341 0000 cd048901"
25.153300, 22.540132522583, 25756928, 0, 0, "3152b441 0000 00058901"
25.153350, 39.8695030212402, 25756979, 1, TriggerDetected, "5f7a1f42 0100 33058901"
25.153400, 29.5746612548828, 25757030, 0, 0, "e898ec41 0000 66058901"
25.153450, 19.488431930542, 25757081, 0, 0, "4fe89b41 0000 99058901"
25.153500, 36.8751335144043, 25757133, 1, TriggerDetected, "23801342 0100 cd058901"
25.153550, 34.739143371582, 25757184, 0, 0, "e2f40a42 0000 00068901"
25.153600, 18.8551616668701, 25757235, 0, 0, "5fd79641 0000 33068901"
25.153650, 32.1654586791992, 25757286, 1, TriggerDetected, "6ea90042 0100 66068901"
25.153700, 38.6802139282227, 25757337, 0, 0, "8ab81a42 0000 99068901"
25.153750, 20.7863674163818, 25757389, 0, 0, "7b4aa641 0000 cd068901"
25.153800, 26.8577003479004, 25757440, 0, 0, "92dcd641 0000 00078901"
25.153850, 40.4827041625977, 25757491, 1, TriggerDetected, "4aee2142 0100 33078901"
25.153900, 24.8272094726563, 25757542, 0, 0, "209ec641 0000 66078901"
25.153950, 22.2095813751221, 25757593, 0, 0, "39adb141 0000 99078901"
25.154000, 39.7081756591797, 25757645, 1, TriggerDetected, "2cd51e42 0100 cd078901"
25.154050, 30.0182018280029, 25757696, 0, 0, "4725f041 0000 00088901"
25.154100, 19.3356227874756, 25757747, 0, 0, "5baf9a41 0000 33088901"
25.154150, 36.543155670166, 25757798, 1, TriggerDetected, "312c1242 0100 66088901"
25.154200, 35.1169586181641, 25757849, 0, 0, "c4770c42 0000 99088901"
25.154250, 18.9157466888428, 25757901, 0, 0, "73539741 0000 cd088901"
25.154300, 31.7339954376221, 25757952, 1, TriggerDetected, "39dffd41 0100 00098901"
25.154350, 38.9243202209473, 25758003, 0, 0, "81b21b42 0000 33098901"
25.154400, 21.0525360107422, 25758054, 0, 0, "986ba841 0000 66098901"
25.154450, 26.4302234649658, 25758105, 0, 0, "1971d341 0000 99098901"
25.154500, 40.5136985778809, 25758157, 1, TriggerDetected, "070e2242 0100 cd098901"
25.154550, 25.2270965576172, 25758208, 0, 0, "18d1c941 0000 000a8901"
25.154600, 21.9008979797363, 25758259, 0, 0, "0a35af41 0000 330a8901"
25.154650, 39.5329284667969, 25758310, 1, TriggerDetected, "b8211e42 0100 660a8901"
25.154700, 30.4551639556885, 25758361, 0, 0, "2da4f341 0000 990a8901"
25.154750, 19.2047729492188, 25758413, 0, 0, "60a39941 0000 cd0a8901"
25.154800, 36.1941375732422, 25758464, 1, TriggerDetected, "ccc61042 0100 000b8901"
25.154850, 35.4965553283691, 25758515, 0, 0, "79fc0d42 0000 330b8901"
25.154900, 18.997631072998, 25758566, 0, 0, "26fb9741 0000 660b8901"
25.154950, 31.2973575592041, 25758617, 1, TriggerDetected, "fd60fa41 0100 990b8901"
25.155000, 39.142032623291, 25758669, 0, 0, "71911c42 0000 cd0b8901"
25.155050, 21.3251438140869, 25758720, 0, 0, "e599aa41 0000 000c8901"
25.155100, 26.015998840332, 25758771, 0, 0, "c420d041 0000 330c8901"
25.155150, 40.5369644165039, 25758822, 1, TriggerDetected, "da252242 0100 660c8901"
25.155200, 25.6335487365723, 25758873, 0, 0, "8211cd41 0000 990c8901"
25.155250, 21.5953731536865, 25758925, 0, 0, "53c3ac41 0000 cd0c8901"
25.155300, 39.3355522155762, 25758976, 1, TriggerDetected, "9b571d42 0100 000d8901"
25.155350, 30.8941192626953, 25759027, 0, 0, "2827f741 0000 330d8901"
25.155400, 19.0910015106201, 25759078, 0, 0, "5fba9841 0000 660d8901"
25.155450, 35.8395614624023, 25759129, 1, TriggerDetected, "b65b0f42 0100 990d8901"
25.155500, 35.8626098632813, 25759181, 0, 0, "50730f42 0000 cd0d8901"
25.155550, 19.0988502502441, 25759232, 0, 0, "72ca9841 0000 000e8901"
25.155600, 30.8628749847412, 25759283, 1, TriggerDetected, "2be7f641 0100 330e8901"
25.155650, 39.3520240783691, 25759334, 0, 0, "79681d42 0000 660e8901"
25.155700, 21.6166973114014, 25759385, 0, 0, "ffeeac41 0000 990e8901"
25.155750, 25.6020946502686, 25759437, 0, 0, "17d1cc41 0000 cd0e8901"
25.155800, 40.5323066711426, 25759488, 1, TriggerDetected, "15212242 0100 000f8901"
25.155850, 26.0450763702393, 25759539, 0, 0, "515cd041 0000 330f8901"
25.155900, 21.3031616210938, 25759590, 0, 0, "e06caa41 0000 660f8901"
25.155950, 39.1274909973145, 25759641, 1, TriggerDetected, "8d821c42 0100 990f8901"
25.156000, 31.3288497924805, 25759693, 0, 0, "7ca1fa41 0000 cd0f8901"
25.156050, 18.9900360107422, 25759744, 0, 0, "98eb9741 0000 00108901"
25.156100, 35.4671592712402, 25759795, 1, TriggerDetected, "5fde0d42 0100 33108901"
25.156150, 36.216724395752, 25759846, 0, 0, "eddd1042 0000 66108901"
25.156200, 19.2171840667725, 25759897, 0, 0, "cbbc9941 0000 99108901"
25.156250, 30.4247589111328, 25759949, 1, TriggerDetected, "e865f341 0100 cd108901"
25.156300, 39.540641784668, 25760000, 0, 0, "9e291e42 0000 00118901"
25.156350, 21.9136352539063, 25760051, 0, 0, "204faf41 0000 33118901"
25.156400, 25.1941738128662, 25760102, 0, 0, "ab8dc941 0000 66118901"
25.156450, 40.512020111084, 25760153, 1, TriggerDetected, "4f0c2242 0100 99118901"
25.156500, 26.4618625640869, 25760205, 0, 0, "e5b1d341 0000 cd118901"
25.156550, 21.0274543762207, 25760256, 0, 0, "3a38a841 0000 00128901"
25.156600, 38.9004325866699, 25760307, 1, TriggerDetected, "0b9a1b42 0100 33128901"
25.156650, 31.7594566345215, 25760358, 0, 0, "5e13fe41 0000 66128901"
25.156700, 18.9119434356689, 25760409, 0, 0, "a94b9741 0000 99128901"
25.156750, 35.0894470214844, 25760461, 1, TriggerDetected, "985b0c42 0100 cd128901"
25.156800, 36.5614547729492, 25760512, 0, 0, "ee3e1242 0000 00138901"
25.156850, 19.3488807678223, 25760563, 0, 0, "82ca9a41 0000 33138901"
25.156900, 29.9856472015381, 25760614, 0, 0, "9be2ef41 0000 66138901"
25.156950, 39.7198867797852, 25760665, 1, TriggerDetected, "2ae11e42 0100 99138901"
25.157000, 22.2361488342285, 25760717, 0, 0, "a2e3b141 0000 cd138901"
25.157050, 24.8004131317139, 25760768, 0, 0, "3f67c641 0000 00148901"
25.157100, 40.4826812744141, 25760819, 1, TriggerDetected, "44ee2142 0100 33148901"
25.157150, 26.8859767913818, 25760870, 0, 0, "7b16d741 0000 66148901"
25.157200, 20.7687683105469, 25760921, 0, 0, "7026a641 0000 99148901"
25.157250, 38.6669578552246, 25760973, 1, TriggerDetected, "f7aa1a42 0100 cd148901"
25.157300, 32.196174621582, 25761024, 0, 0, "e2c80042 0000 00158901"
25.157350, 18.8476982116699, 25761075, 0, 0, "16c89641 0000 33158901"
25.157400, 34.7089424133301, 25761126, 1, TriggerDetected, "f5d50a42 0100 66158901"
25.157450, 36.8927192687988, 25761177, 0, 0, "25921342 0000 99158901"
25.157500, 19.4993495941162, 25761229, 0, 0, "abfe9b41 0000 cd158901"
25.157550, 29.5485038757324, 25761280, 0, 0, "5663ec41 0000 00168901"
25.157600, 39.8804016113281, 25761331, 1, TriggerDetected, "88851f42 0100 33168901"
25.157650, 22.5606689453125, 25761382, 0, 0, "407cb441 0000 66168901"
25.157700, 24.4134922027588, 25761433, 0, 0, "d54ec341 0000 99168901"
25.157750, 40.4256477355957, 25761485, 1, TriggerDetected, "ddb32142 0100 cd168901"
25.157800, 27.3156204223633, 25761536, 0, 0, "6486da41 0000 00178901"
25.157850, 20.5202598571777, 25761587, 0, 0, "7e29a441 0000 33178901"
25.157900, 38.4116325378418, 25761638, 1, TriggerDetected, "83a51942 0100 66178901"
25.157950, 32.6179542541504, 25761689, 0, 0, "c9780242 0000 99178901"
25.158000, 18.8033580780029, 25761741, 0, 0, "476d9641 0000 cd178901"
25.158050, 34.3146438598633, 25761792, 1, TriggerDetected, "32420942 0100 00188901"
25.158100, 37.2222023010254, 25761843, 0, 0, "89e31442 0000 33188901"
25.158150, 19.6649684906006, 25761894, 0, 0, "db519d41 0000 66188901"
25.158200, 29.1037998199463, 25761945, 0, 0, "95d4e841 0000 99188901"
25.158250, 40.0168037414551, 25761997, 1, TriggerDetected, "35112042 0100 cd188901"
25.158300, 22.9007816314697, 25762048, 0, 0, "cd34b741 0000 00198901"
25.158350, 24.0271110534668, 25762099, 0, 0, "8637c041 0000 33198901"
25.158400, 40.3556289672852, 25762150, 1, TriggerDetected, "2a6c2142 0100 66198901"
25.158450, 27.7432594299316, 25762201, 0, 0, "32f2dd41 0000 99198901"
25.158500, 20.2822933197021, 25762253, 0, 0, "2342a241 0000 cd198901"
25.158550, 38.1405181884766, 25762304, 1, TriggerDetected, "e48f1842 0100 001a8901"
25.158600, 33.0387382507324, 25762355, 0, 0, "ab270442 0000 331a8901"
25.158650, 18.7775249481201, 25762406, 0, 0, "5f389641 0000 661a8901"
25.158700, 33.9125747680664, 25762457, 1, TriggerDetected, "7aa60742 0100 991a8901"
25.158750, 37.530590057373, 25762509, 0, 0, "531f1642 0000 cd1a8901"
25.158800, 19.8457431793213, 25762560, 0, 0, "15c49e41 0000 001b8901"
25.158850, 28.6696853637695, 25762611, 0, 0, "845be541 0000 331b8901"
25.158900, 40.146800994873, 25762662, 1, TriggerDetected, "53962042 0100 661b8901"
25.158950, 23.2555351257324, 25762713, 0, 0, "560bba41 0000 991b8901"
25.159000, 23.659839630127, 25762765, 0, 0, "5a47bd41 0000 cd1b8901"
25.159050, 40.2666397094727, 25762816, 1, TriggerDetected, "0a112142 0100 001c8901"
25.159100, 28.1829433441162, 25762867, 0, 0, "ab76e141 0000 331c8901"
25.159150, 20.0722160339355, 25762918, 0, 0, "e693a041 0000 661c8901"
25.159200, 37.8621368408203, 25762969, 1, TriggerDetected, "d4721742 0100 991c8901"
25.159250, 33.4536781311035, 25763021, 0, 0, "91d00542 0000 cd1c8901"
25.159300, 18.7627258300781, 25763072, 0, 0, "101a9641 0000 001d8901"
25.159350, 33.4997863769531, 25763123, 1, TriggerDetected, "c8ff0542 0100 331d8901"
25.159400, 37.8286590576172, 25763174, 0, 0, "8c501742 0000 661d8901"
25.159450, 20.0462341308594, 25763225, 0, 0, "b05ea041 0000 991d8901"
25.159500, 28.2281436920166, 25763277, 0, 0, "3dd3e141 0000 cd1d8901"
25.159550, 40.2536506652832, 25763328, 1, TriggerDetected, "bd032142 0100 001e8901"
25.159600, 23.6163063049316, 25763379, 0, 0, "32eebc41 0000 331e8901"
25.159650, 23.2944412231445, 25763430, 0, 0, "045bba41 0000 661e8901"
25.159700, 40.1622352600098, 25763481, 1, TriggerDetected, "21a62042 0100 991e8901"
25.159750, 28.6177062988281, 25763533, 0, 0, "10f1e441 0000 cd1e8901"
25.159800, 19.8678359985352, 25763584, 0, 0, "54f19e41 0000 001f8901"
25.159850, 37.5659484863281, 25763635, 1, TriggerDetected, "88431642 0100 331f8901"
25.159900, 33.8620758056641, 25763686, 0, 0, "c4720742 0000 661f8901"
25.159950, 18.773157119751, 25763737, 0, 0, "6d2f9641 0000 991f8901"
25.160000, 33.0952949523926, 25763789, 1, TriggerDetected, "95610442 0100 cd1f8901"
25.160050, 38.1112785339355, 25763840, 0, 0, "f3711842 0000 00208901"
25.160100, 20.2549171447754, 25763891, 0, 0, "120aa241 0000 33208901"
25.160150, 27.7925758361816, 25763942, 0, 0, "3257de41 0000 66208901"
25.160200, 40.3477592468262, 25763993, 1, TriggerDetected, "1b642142 0100 99208901"
25.160250, 23.9828243255615, 25764045, 0, 0, "d3dcbf41 0000 cd208901"
25.160300, 22.9418678283691, 25764096, 0, 0, "f288b741 0000 00218901"
25.160350, 40.0339775085449, 25764147, 1, TriggerDetected, "cb222042 0100 33218901"
25.160400, 29.0491943359375, 25764198, 0, 0, "c064e841 0000 66218901"
25.160450, 19.6800212860107, 25764249, 0, 0, "af709d41 0000 99218901"
25.160500, 37.2581214904785, 25764301, 1, TriggerDetected, "51081542 0100 cd218901"
25.160550, 34.2645111083984, 25764352, 0, 0, "dc0e0942 0000 00228901"
25.160600, 18.7965030670166, 25764403, 0, 0, "3d5f9641 0000 33228901"
25.160650, 32.6672897338867, 25764454, 1, TriggerDetected, "4eab0242 0100 66228901"
25.160700, 38.3739166259766, 25764505, 0, 0, "e47e1942 0000 99228901"
25.160750, 20.4906826019287, 25764557, 0, 0, "ebeca341 0000 cd228901"
25.160800, 27.3646793365479, 25764608, 0, 0, "ddeada41 0000 00238901"
25.160850, 40.4178352355957, 25764659, 1, TriggerDetected, "ddab2142 0100 33238901"
25.160900, 24.356861114502, 25764710, 0, 0, "dadac241 0000 66238901"
25.160950, 22.6018486022949, 25764761, 0, 0, "96d0b441 0000 99238901"
25.161000, 39.8943557739258, 25764813, 1, TriggerDetected, "d2931f42 0100 cd238901"
25.161050, 29.49538230896, 25764864, 0, 0, "8bf6eb41 0000 00248901"
25.161100, 19.5185260772705, 25764915, 0, 0, "f1259c41 0000 33248901"
25.161150, 36.9367446899414, 25764966, 1, TriggerDetected, "3abf1342 0100 66248901"
25.161200, 34.6554679870605, 25765017, 0, 0, "339f0a42 0000 99248901"
25.161250, 18.8433284759521, 25765069, 0, 0, "23bf9641 0000 cd248901"
25.161300, 32.2466087341309, 25765120, 1, TriggerDetected, "87fc0042 0100 00258901"
25.161350, 38.6296730041504, 25765171, 0, 0, "c9841a42 0000 33258901"
25.161400, 20.7340202331543, 25765222, 0, 0, "46dfa541 0000 66258901"
25.161450, 26.9347038269043, 25765273, 0, 0, "467ad741 0000 99258901"
25.161500, 40.4709587097168, 25765325, 1, TriggerDetected, "43e22142 0100 cd258901"
25.161550, 24.7509880065918, 25765376, 0, 0, "0602c641 0000 00268901"
25.161600, 22.2727909088135, 25765427, 0, 0, "ad2eb241 0000 33268901"
25.161650, 39.7403984069824, 25765478, 1, TriggerDetected, "2bf61e42 0100 66268901"
25.161700, 29.9288291931152, 25765529, 0, 0, "3e6eef41 0000 99268901"
25.161750, 19.3597927093506, 25765581, 0, 0, "dbe09a41 0000 cd268901"
25.161800, 36.6026229858398, 25765632, 1, TriggerDetected, "16691242 0100 00278901"
25.161850, 35.0447540283203, 25765683, 0, 0, "d42d0c42 0000 33278901"
25.161900, 18.8970890045166, 25765734, 0, 0, "3d2d9741 0000 66278901"
25.161950, 31.8133888244629, 25765785, 1, TriggerDetected, "d281fe41 0100 99278901"
25.162000, 38.8732147216797, 25765837, 0, 0, "2c7e1b42 0000 cd278901"
25.162050, 20.9936714172363, 25765888, 0, 0, "0af3a741 0000 00288901"
25.162100, 26.5078105926514, 25765939, 0, 0, "ff0fd441 0000 33288901"
25.162150, 40.5084648132324, 25765990, 1, TriggerDetected, "ab082242 0100 66288901"
25.162200, 25.146390914917, 25766041, 0, 0, "cf2bc941 0000 99288901"
25.162250, 21.9547119140625, 25766093, 0, 0, "40a3af41 0000 cd288901"
25.162300, 39.5629348754883, 25766144, 1, TriggerDetected, "72401e42 0100 00298901"
25.162350, 30.373628616333, 25766195, 0, 0, "31fdf241 0000 33298901"
25.162400, 19.2256412506104, 25766246, 0, 0, "1dce9941 0000 66298901"
25.162450, 36.2605400085449, 25766297, 1, TriggerDetected, "cb0a1142 0100 99298901"
25.162500, 35.4191246032715, 25766349, 0, 0, "2fad0d42 0000 cd298901"
25.162550, 18.9824047088623, 25766400, 0, 0, "f7db9741 0000 002a8901"
25.162600, 31.3797492980957, 25766451, 1, TriggerDetected, "ba09fb41 0100 332a8901"
25.162650, 39.0996780395508, 25766502, 0, 0, "12661c42 0000 662a8901"
25.162700, 21.265552520752, 25766553, 0, 0, "da1faa41 0000 992a8901"
25.162750, 26.0875091552734, 25766605, 0, 0, "38b3d041 0000 cd2a8901"
25.162800, 40.5265159606934, 25766656, 1, TriggerDetected, "271b2242 0100 002b8901"
25.162850, 25.5548725128174, 25766707, 0, 0, "6170cc41 0000 332b8901"
25.162900, 21.650053024292, 25766758, 0, 0, "4f33ad41 0000 662b8901"
25.162950, 39.3764877319336, 25766809, 1, TriggerDetected, "86811d42 0100 992b8901"
25.163000, 30.8048133850098, 25766861, 0, 0, "4270f641 0000 cd2b8901"
25.163050, 19.1019916534424, 25766912, 0, 0, "e1d09841 0000 002c8901"
25.163100, 35.8990936279297, 25766963, 1, TriggerDetected, "ac980f42 0100 332c8901"
25.163150, 35.7880592346191, 25767014, 0, 0, "f9260f42 0000 662c8901"
25.163200, 19.0792999267578, 25767065, 0, 0, "68a29841 0000 992c8901"
25.163250, 30.9462642669678, 25767117, 1, TriggerDetected, "f391f741 0100 cd2c8901"
25.163300, 39.3068504333496, 25767168, 0, 0, "373a1d42 0000 002d8901"
25.163350, 21.5527782440186, 25767219, 0, 0, "176cac41 0000 332d8901"
25.163400, 25.6738452911377, 25767270, 0, 0, "0964cd41 0000 662d8901"
25.163450, 40.5325164794922, 25767321, 1, TriggerDetected, "4c212242 0100 992d8901"
25.163500, 25.9661407470703, 25767373, 0, 0, "a8bacf41 0000 cd2d8901"
25.163550, 21.3561038970947, 25767424, 0, 0, "4dd9aa41 0000 002e8901"
25.163600, 39.1651649475098, 25767475, 1, TriggerDetected, "21a91c42 0100 332e8901"
25.163650, 31.2438697814941, 25767526, 0, 0, "72f3f941 0000 662e8901"
25.163700, 19.0100250244141, 25767577, 0, 0, "88149841 0000 992e8901"
25.163750, 35.5420761108398, 25767629, 1, TriggerDetected, "162b0e42 0100 cd2e8901"
25.163800, 36.1504783630371, 25767680, 0, 0, "179a1042 0000 002f8901"
25.163850, 19.1908054351807, 25767731, 0, 0, "c5869941 0000 332f8901"
25.163900, 30.5096054077148, 25767782, 1, TriggerDetected, "ac13f441 0100 662f8901"
25.163950, 39.5125160217285, 25767833, 0, 0, "d10c1e42 0000 992f8901"
25.164000, 21.8611373901367, 25767885, 0, 0, "9ce3ae41 0000 cd2f8901"
25.164050, 25.2772636413574, 25767936, 0, 0, "d637ca41 0000 00308901"
25.164100, 40.5166206359863, 25767987, 1, TriggerDetected, "05112242 0100 33308901"
25.164150, 26.3743686676025, 25768038, 0, 0, "b5fed241 0000 66308901"
25.164200, 21.0816116333008, 25768089, 0, 0, "24a7a841 0000 99308901"
25.164250, 38.9493827819824, 25768141, 1, TriggerDetected, "2bcc1b42 0100 cd308901"
25.164300, 31.6782627105713, 25768192, 0, 0, "156dfd41 0000 00318901"
25.164350, 18.9218559265137, 25768243, 0, 0, "f65f9741 0000 33318901"
25.164400, 35.1617431640625, 25768294, 1, TriggerDetected, "a0a50c42 0100 66318901"
25.164450, 36.4940986633301, 25768345, 0, 0, "f5f91142 0000 99318901"
25.164500, 19.3218441009521, 25768397, 0, 0, "23939a41 0000 cd318901"
25.164550, 30.0701389312744, 25768448, 1, TriggerDetected, "a58ff041 0100 00328901"
25.164600, 39.6822509765625, 25768499, 0, 0, "a0ba1e42 0000 33328901"
25.164650, 22.1659641265869, 25768550, 0, 0, "e553b141 0000 66328901"
25.164700, 24.8703937530518, 25768601, 0, 0, "91f6c641 0000 99328901"
25.164750, 40.4846382141113, 25768653, 1, TriggerDetected, "45f02142 0100 cd328901"
25.164800, 26.7988243103027, 25768704, 0, 0, "fe63d641 0000 00338901"
25.164850, 20.8139095306396, 25768755, 0, 0, "e382a641 0000 33338901"
25.164900, 38.7081069946289, 25768806, 1, TriggerDetected, "1ad51a42 0100 66338901"
25.164950, 32.1050338745117, 25768857, 0, 0, "8e6b0042 0000 99338901"
25.165000, 18.8569736480713, 25768909, 0, 0, "15db9641 0000 cd338901"
25.165050, 34.7777481079102, 25768960, 1, TriggerDetected, "6a1c0b42 0100 00348901"
25.165100, 36.8301162719727, 25769011, 0, 0, "0a521342 0000 33348901"
25.165150, 19.4628524780273, 25769062, 0, 0, "ecb39b41 0000 66348901"
25.165200, 29.6293430328369, 25769113, 0, 0, "e508ed41 0000 99348901"
25.165250, 39.8402976989746, 25769165, 1, TriggerDetected, "775c1f42 0100 cd348901"
25.165300, 22.4947452545166, 25769216, 0, 0, "3df5b341 0000 00358901"
25.165350, 24.4831714630127, 25769267, 0, 0, "89ddc341 0000 33358901"
25.165400, 40.4325714111328, 25769318, 1, TriggerDetected, "f4ba2142 0100 66358901"
25.165450, 27.2270240783691, 25769369, 0, 0, "f2d0d941 0000 99358901"
25.165500, 20.5627269744873, 25769421, 0, 0, "7780a441 0000 cd358901"
25.165550, 38.4558982849121, 25769472, 1, TriggerDetected, "d7d21942 0100 00368901"
25.165600, 32.5346984863281, 25769523, 0, 0, "88230242 0000 33368901"
25.165650, 18.8063735961914, 25769574, 0, 0, "74739641 0000 66368901"
25.165700, 34.3855400085449, 25769625, 1, TriggerDetected, "cb8a0942 0100 99368901"
25.165750, 37.1462554931641, 25769677, 0, 0, "c4951442 0000 cd368901"
25.165800, 19.6287899017334, 25769728, 0, 0, "c3079d41 0000 00378901"
25.165850, 29.1895580291748, 25769779, 0, 0, "3784e941 0000 33378901"
25.165900, 39.9911651611328, 25769830, 1, TriggerDetected, "f4f61f42 0100 66378901"
25.165950, 22.8338432312012, 25769881, 0, 0, "b6abb641 0000 99378901"
25.166000, 24.1018886566162, 25769933, 0, 0, "abd0c041 0000 cd378901"
25.166050, 40.3685531616211, 25769984, 1, TriggerDetected, "66792142 0100 00388901"
25.166100, 27.6595134735107, 25770035, 0, 0, "af46dd41 0000 33388901"
25.166150, 20.3341178894043, 25770086, 0, 0, "46aca241 0000 66388901"
25.166200, 38.1979217529297, 25770137, 1, TriggerDetected, "acca1842 0100 99388901"
25.166250, 32.95849609375, 25770189, 0, 0, "80d50342 0000 cd388901"
25.166300, 18.7791938781738, 25770240, 0, 0, "ca3b9641 0000 00398901"
25.166350, 33.9899749755859, 25770291, 1, TriggerDetected, "bcf50742 0100 33398901"
25.166400, 37.471565246582, 25770342, 0, 0, "e2e21542 0000 66398901"
25.166450, 19.809684753418, 25770393, 0, 0, "3c7a9e41 0000 99398901"
25.166500, 28.7548046112061, 25770445, 0, 0, "d709e641 0000 cd398901"
25.166550, 40.1224899291992, 25770496, 1, TriggerDetected, "6e7d2042 0100 003a8901"
25.166600, 23.1840686798096, 25770547, 0, 0, "f978b941 0000 333a8901"
25.166650, 23.728401184082, 25770598, 0, 0, "c4d3bd41 0000 663a8901"
25.166700, 40.283073425293, 25770649, 1, TriggerDetected, "de212142 0100 993a8901"
25.166750, 28.091703414917, 25770701, 0, 0, "cfbbe041 0000 cd3a8901"
25.166800, 20.113317489624, 25770752, 0, 0, "13e8a041 0000 003b8901"
25.166850, 37.915397644043, 25770803, 1, TriggerDetected, "5ea91742 0100 333b8901"
25.166900, 33.3759460449219, 25770854, 0, 0, "f8800542 0000 663b8901"
25.166950, 18.7691535949707, 25770905, 0, 0, "3a279641 0000 993b8901"
25.167000, 33.5863838195801, 25770957, 1, TriggerDetected, "75580642 0100 cd3b8901"
25.167050, 37.7678871154785, 25771008, 0, 0, "51121742 0000 003c8901"
25.167100, 20.0067977905273, 25771059, 0, 0, "ec0da041 0000 333c8901"
25.167150, 28.3155117034912, 25771110, 0, 0, "2b86e241 0000 663c8901"
25.167200, 40.2376708984375, 25771161, 1, TriggerDetected, "60f32042 0100 993c8901"
25.167250, 23.5465412139893, 25771213, 0, 0, "515fbc41 0000 cd3c8901"
25.167300, 23.365550994873, 25771264, 0, 0, "a6ecba41 0000 003d8901"
25.167350, 40.1792144775391, 25771315, 1, TriggerDetected, "84b72042 0100 333d8901"
25.167400, 28.5346126556396, 25771366, 0, 0, "e346e441 0000 663d8901"
25.167450, 19.9104194641113, 25771417, 0, 0, "8a489f41 0000 993d8901"
25.167500, 37.6281623840332, 25771469, 1, TriggerDetected, "3d831642 0100 cd3d8901"
25.167550, 33.7867660522461, 25771520, 0, 0, "a6250742 0000 003e8901"
25.167600, 18.772970199585, 25771571, 0, 0, "0b2f9641 0000 333e8901"
25.167650, 33.1699981689453, 25771622, 1, TriggerDetected, "14ae0442 0100 663e8901"
25.167700, 38.0559921264648, 25771673, 0, 0, "56391842 0000 993e8901"
25.167750, 20.2158832550049, 25771725, 0, 0, "21baa141 0000 cd3e8901"
25.167800, 27.8790721893311, 25771776, 0, 0, "5708df41 0000 003f8901"
25.167850, 40.3255424499512, 25771827, 1, TriggerDetected, "5b4d2142 0100 333f8901"
25.167900, 23.9095840454102, 25771878, 0, 0, "d446bf41 0000 663f8901"
25.167950, 23.0102043151855, 25771929, 0, 0, "e614b841 0000 993f8901"
25.168000, 40.0626907348633, 25771981, 1, TriggerDetected, "32402042 0100 cd3f8901"
25.168050, 28.9686431884766, 25772032, 0, 0, "c8bfe741 0000 00408901"
25.168100, 19.7158508300781, 25772083, 0, 0, "10ba9d41 0000 33408901"
25.168150, 37.3145294189453, 25772134, 1, TriggerDetected, "14421542 0100 66408901"
25.168200, 34.1855049133301, 25772185, 0, 0, "f5bd0842 0000 99408901"
25.168250, 18.7899436950684, 25772237, 0, 0, "ce519641 0000 cd408901"
25.168300, 32.7466354370117, 25772288, 1, TriggerDetected, "8efc0242 0100 00418901"
25.168350, 38.3268089294434, 25772339, 0, 0, "a74e1942 0000 33418901"
25.168400, 20.4512367248535, 25772390, 0, 0, "229ca341 0000 66418901"
25.168450, 27.4482135772705, 25772441, 0, 0, "f195db41 0000 99418901"
25.168500, 40.4028739929199, 25772493, 1, TriggerDetected, "8b9c2142 0100 cd418901"
25.168550, 24.2879886627197, 25772544, 0, 0, "cd4dc241 0000 00428901"
25.168600, 22.6694946289063, 25772595, 0, 0, "205bb541 0000 33428901"
25.168650, 39.9247398376465, 25772646, 1, TriggerDetected, "efb21f42 0100 66428901"
25.168700, 29.4044551849365, 25772697, 0, 0, "533ceb41 0000 99428901"
25.168750, 19.5436477661133, 25772749, 0, 0, "64599c41 0000 cd428901"
25.168800, 37.0007362365723, 25772800, 1, TriggerDetected, "c1001442 0100 00438901"
25.168850, 34.5829010009766, 25772851, 0, 0, "e4540a42 0000 33438901"
25.168900, 18.8334217071533, 25772902, 0, 0, "d9aa9641 0000 66438901"
25.168950, 32.3270683288574, 25772953, 1, TriggerDetected, "eb4e0142 0100 99438901"
25.169000, 38.5859336853027, 25773005, 0, 0, "ff571a42 0000 cd438901"
25.169050, 20.6923065185547, 25773056, 0, 0, "d889a541 0000 00448901"
25.169100, 27.0214824676514, 25773107, 0, 0, "ff2bd841 0000 33448901"
25.169150, 40.4638442993164, 25773158, 1, TriggerDetected, "fada2142 0100 66448901"
25.169200, 24.6795997619629, 25773209, 0, 0, "d26fc541 0000 99448901"
25.169250, 22.3382091522217, 25773261, 0, 0, "a7b4b241 0000 cd448901"
25.169300, 39.772029876709, 25773312, 1, TriggerDetected, "8f161f42 0100 00458901"
25.169350, 29.8490867614746, 25773363, 0, 0, "eecaee41 0000 33458901"
25.169400, 19.3917713165283, 25773414, 0, 0, "59229b41 0000 66458901"
25.169450, 36.6690330505371, 25773465, 1, TriggerDetected, "17ad1242 0100 99458901"
25.169500, 34.9666213989258, 25773517, 0, 0, "d2dd0b42 0000 cd458901"
25.169550, 18.884786605835, 25773568, 0, 0, "0b149741 0000 00468901"
25.169600, 31.89626121521, 25773619, 1, TriggerDetected, "8b2bff41 0100 33468901"
25.169650, 38.8294830322266, 25773670, 0, 0, "64511b42 0000 66468901"
25.169700, 20.9461288452148, 25773721, 0, 0, "ac91a741 0000 99468901"
25.169750, 26.5940475463867, 25773773, 0, 0, "9cc0d441 0000 cd468901"
25.169800, 40.5058364868164, 25773824, 1, TriggerDetected, "fa052242 0100 00478901"
25.169850, 25.0749778747559, 25773875, 0, 0, "8e99c841 0000 33478901"
25.169900, 22.014274597168, 25773926, 0, 0, "3c1db041 0000 66478901"
25.169950, 39.5956840515137, 25773977, 1, TriggerDetected, "fb611e42 0100 99478901"
25.170000, 30.2875785827637, 25774029, 0, 0, "f64cf241 0000 cd478901"
25.170050, 19.2511367797852, 25774080, 0, 0, "54029a41 0000 00488901"
25.170100, 36.324951171875, 25774131, 1, TriggerDetected, "c04c1142 0100 33488901"
25.170150, 35.3492889404297, 25774182, 0, 0, "ac650d42 0000 66488901"
25.170200, 18.9606227874756, 25774233, 0, 0, "5baf9741 0000 99488901"
25.170250, 31.4682312011719, 25774285, 1, TriggerDetected, "f0befb41 0100 cd488901"
25.170300, 39.0533752441406, 25774336, 0, 0, "a8361c42 0000 00498901"
25.170350, 21.212947845459, 25774387, 0, 0, "1eb4a941 0000 33498901"
25.170400, 26.1718254089355, 25774438, 0, 0, "e65fd141 0000 66498901"
25.170450, 40.528003692627, 25774489, 1, TriggerDetected, "ad1c2242 0100 99498901"
25.170500, 25.4684143066406, 25774541, 0, 0, "50bfcb41 0000 cd498901"
25.170550, 21.7073173522949, 25774592, 0, 0, "96a8ad41 0000 004a8901"
25.170600, 39.4116287231445, 25774643, 1, TriggerDetected, "82a51d42 0100 334a8901"
25.170650, 30.7249145507813, 25774694, 0, 0, "a0ccf541 0000 664a8901"
25.170700, 19.1286659240723, 25774745, 0, 0, "82079941 0000 994a8901"
25.170750, 35.9736213684082, 25774797, 1, TriggerDetected, "fde40f42 0100 cd4a8901"
25.170800, 35.714771270752, 25774848, 0, 0, "eddb0e42 0000 004b8901"
25.170850, 19.0505962371826, 25774899, 0, 0, "9f679841 0000 334b8901"
25.170900, 31.0286693572998, 25774950, 1, TriggerDetected, "b73af841 0100 664b8901"
25.170950, 39.2741088867188, 25775001, 0, 0, "b0181d42 0000 994b8901"
25.171000, 21.5016002655029, 25775053, 0, 0, "4703ac41 0000 cd4b8901"
25.171050, 25.7553577423096, 25775104, 0, 0, "f90ace41 0000 004c8901"
25.171100, 40.5286598205566, 25775155, 1, TriggerDetected, "591d2242 0100 334c8901"
25.171150, 25.8832378387451, 25775206, 0, 0, "df10cf41 0000 664c8901"
25.171200, 21.411018371582, 25775257, 0, 0, "c449ab41 0000 994c8901"
25.171250, 39.2070770263672, 25775309, 1, TriggerDetected, "0cd41c42 0100 cd4c8901"
25.171300, 31.1563148498535, 25775360, 0, 0, "2240f941 0000 004d8901"
25.171350, 19.0232353210449, 25775411, 0, 0, "962f9841 0000 334d8901"
25.171400, 35.6045417785645, 25775462, 1, TriggerDetected, "0d6b0e42 0100 664d8901"
25.171450, 36.0814437866211, 25775513, 0, 0, "66531042 0000 994d8901"
25.171500, 19.1646823883057, 25775565, 0, 0, "45519941 0000 cd4d8901"
25.171550, 30.5951671600342, 25775616, 1, TriggerDetected, "e7c2f441 0100 004e8901"
25.171600, 39.466796875, 25775667, 0, 0, "00de1d42 0000 334e8901"
25.171650, 21.7955570220947, 25775718, 0, 0, "4d5dae41 0000 664e8901"
25.171700, 25.3471717834473, 25775769, 0, 0, "02c7ca41 0000 994e8901"
25.171750, 40.5224723815918, 25775821, 1, TriggerDetected, "03172242 0100 cd4e8901"
25.171800, 26.2948303222656, 25775872, 0, 0, "d05bd241 0000 004f8901"
25.171850, 21.1267948150635, 25775923, 0, 0, "ad03a941 0000 334f8901"
25.171900, 38.9891471862793, 25775974, 1, TriggerDetected, "e3f41b42 0100 664f8901"
25.171950, 31.5907688140869, 25776025, 0, 0, "e5b9fc41 0000 994f8901"
25.172000, 18.9331836700439, 25776077, 0, 0, "29779741 0000 cd4f8901"
25.172050, 35.2356338500977, 25776128, 1, TriggerDetected, "4af10c42 0100 00508901"
25.172100, 36.424633026123, 25776179, 0, 0, "d3b21142 0000 33508901"
25.172150, 19.2873268127441, 25776230, 0, 0, "724c9a41 0000 66508901"
25.172200, 30.1511154174805, 25776281, 1, TriggerDetected, "7c35f141 0100 99508901"
25.172250, 39.6491661071777, 25776333, 0, 0, "bf981e42 0000 cd508901"
25.172300, 22.1084613800049, 25776384, 0, 0, "21deb041 0000 00518901"
25.172350, 24.951473236084, 25776435, 0, 0, "9e9cc741 0000 33518901"
25.172400, 40.4912071228027, 25776486, 1, TriggerDetected, "fff62142 0100 66518901"
25.172450, 26.7146949768066, 25776537, 0, 0, "b2b7d541 0000 99518901"
25.172500, 20.8619613647461, 25776589, 0, 0, "4ce5a641 0000 cd518901"
25.172550, 38.7537727355957, 25776640, 1, TriggerDetected, "dd031b42 0100 00528901"
25.172600, 32.0251655578613, 25776691, 0, 0, "c5190042 0000 33528901"
25.172650, 18.862979888916, 25776742, 0, 0, "62e79641 0000 66528901"
25.172700, 34.8537445068359, 25776793, 1, TriggerDetected, "3c6a0b42 0100 99528901"
25.172750, 36.7636909484863, 25776845, 0, 0, "050e1342 0000 cd528901"
25.172800, 19.4359912872314, 25776896, 0, 0, "e97c9b41 0000 00538901"
25.172850, 29.7196044921875, 25776947, 0, 0, "c0c1ed41 0000 33538901"
25.172900, 39.8164520263672, 25776998, 1, TriggerDetected, "0c441f42 0100 66538901"
25.172950, 22.4301891326904, 25777049, 0, 0, "0771b341 0000 99538901"
25.173000, 24.5569305419922, 25777101, 0, 0, "9874c441 0000 cd538901"
25.173050, 40.4423179626465, 25777152, 1, TriggerDetected, "efc42142 0100 00548901"
25.173100, 27.1421527862549, 25777203, 0, 0, "2123d941 0000 33548901"
25.173150, 20.6101608276367, 25777254, 0, 0, "9ce1a441 0000 66548901"
25.173200, 38.5072059631348, 25777305, 1, TriggerDetected, "61071a42 0100 99548901"
25.173250, 32.4542999267578, 25777357, 0, 0, "34d10142 0000 cd548901"
25.173300, 18.8173999786377, 25777408, 0, 0, "098a9641 0000 00558901"
25.173350, 34.4689521789551, 25777459, 1, TriggerDetected, "35e00942 0100 33558901"
25.173400, 37.096004486084, 25777510, 0, 0, "4f621442 0000 66558901"
25.173450, 19.597562789917, 25777561, 0, 0, "cfc79c41 0000 99558901"
25.173500, 29.2717971801758, 25777613, 0, 0, "a42cea41 0000 cd558901"
25.173550, 39.9616775512695, 25777664, 1, TriggerDetected, "c2d81f42 0100 00568901"
25.173600, 22.7628517150879, 25777715, 0, 0, "521ab641 0000 33568901"
25.173650, 24.1743240356445, 25777766, 0, 0, "0465c141 0000 66568901"
25.173700, 40.3802299499512, 25777817, 1, TriggerDetected, "5b852142 0100 99568901"
25.173750, 27.5695571899414, 25777869, 0, 0, "748edc41 0000 cd568901"
25.173800, 20.3736839294434, 25777920, 0, 0, "4efda241 0000 00578901"
25.173850, 38.2450141906738, 25777971, 1, TriggerDetected, "e5fa1842 0100 33578901"
25.173900, 32.8725471496582, 25778022, 0, 0, "7d7d0342 0000 66578901"
25.173950, 18.7822074890137, 25778073, 0, 0, "f6419641 0000 99578901"
25.174000, 34.0657768249512, 25778125, 1, TriggerDetected, "5b430842 0100 cd578901"
25.174050, 37.4088401794434, 25778176, 0, 0, "a7a21542 0000 00588901"
25.174100, 19.7738170623779, 25778227, 0, 0, "c7309e41 0000 33588901"
25.174150, 28.8360157012939, 25778278, 0, 0, "29b0e641 0000 66588901"
25.174200, 40.0981674194336, 25778329, 1, TriggerDetected, "86642042 0100 99588901"
25.174250, 23.1077308654785, 25778381, 0, 0, "a2dcb841 0000 cd588901"
25.174300, 23.7970809936523, 25778432, 0, 0, "6c60be41 0000 00598901"
25.174350, 40.2996788024902, 25778483, 1, TriggerDetected, "df322142 0100 33598901"
25.174400, 28.0027885437012, 25778534, 0, 0, "b605e041 0000 66598901"
25.174450, 20.1497554779053, 25778585, 0, 0, "b332a141 0000 99598901"
25.174500, 37.969799041748, 25778637, 1, TriggerDetected, "13e11742 0100 cd598901"
25.174550, 33.2875175476074, 25778688, 0, 0, "6b260542 0000 005a8901"
25.174600, 18.769100189209, 25778739, 0, 0, "1e279641 0000 335a8901"
25.174650, 33.6619148254395, 25778790, 1, TriggerDetected, "cda50642 0100 665a8901"
25.174700, 37.7092514038086, 25778841, 0, 0, "46d61642 0000 995a8901"
25.174750, 19.9605979919434, 25778893, 0, 0, "4eaf9f41 0000 cd5a8901"
25.174800, 28.3971328735352, 25778944, 0, 0, "542de341 0000 005b8901"
25.174850, 40.207820892334, 25778995, 1, TriggerDetected, "cfd42042 0100 335b8901"
25.174900, 23.4709300994873, 25779046, 0, 0, "77c4bb41 0000 665b8901"
25.174950, 23.4294948577881, 25779097, 0, 0, "9b6fbb41 0000 995b8901"
25.175000, 40.1996421813965, 25779149, 1, TriggerDetected, "6fcc2042 0100 cd5b8901"
25.175050, 28.4421520233154, 25779200, 0, 0, "8789e341 0000 005c8901"
25.175100, 19.9415073394775, 25779251, 0, 0, "35889f41 0000 335c8901"
25.175150, 37.6742095947266, 25779302, 1, TriggerDetected, "64b21642 0100 665c8901"
25.175200, 33.7026405334473, 25779353, 0, 0, "81cf0642 0000 995c8901"
25.175250, 18.7641410827637, 25779405, 0, 0, "f61c9641 0000 cd5c8901"
25.175300, 33.2434501647949, 25779456, 1, TriggerDetected, "4bf90442 0100 005d8901"
25.175350, 37.991813659668, 25779507, 0, 0, "9ef71742 0000 335d8901"
25.175400, 20.1694202423096, 25779558, 0, 0, "f95aa141 0000 665d8901"
25.175450, 27.9536151885986, 25779609, 0, 0, "01a1df41 0000 995d8901"
25.175500, 40.3083686828613, 25779661, 1, TriggerDetected, "c53b2142 0100 cd5d8901"
25.175550, 23.8362083435059, 25779712, 0, 0, "8eb0be41 0000 005e8901"
25.175600, 23.0756874084473, 25779763, 0, 0, "029bb841 0000 335e8901"
25.175650, 40.0828857421875, 25779814, 1, TriggerDetected, "e0542042 0100 665e8901"
25.175700, 28.8820571899414, 25779865, 0, 0, "740ee741 0000 995e8901"
25.175750, 19.7494792938232, 25779917, 0, 0, "effe9d41 0000 cd5e8901"
25.175800, 37.3770713806152, 25779968, 1, TriggerDetected, "1f821542 0100 005f8901"
25.175850, 34.1086120605469, 25780019, 0, 0, "386f0842 0000 335f8901"
25.175900, 18.7818946838379, 25780070, 0, 0, "52419641 0000 665f8901"
25.175950, 32.8272552490234, 25780121, 1, TriggerDetected, "1c4f0342 0100 995f8901"
25.176000, 38.2804946899414, 25780173, 0, 0, "3a1f1942 0000 cd5f8901"
25.176050, 20.4030075073242, 25780224, 0, 0, "5c39a341 0000 00608901"
25.176100, 27.532693862915, 25780275, 0, 0, "f542dc41 0000 33608901"
25.176150, 40.3882331848145, 25780326, 1, TriggerDetected, "8d8d2142 0100 66608901"
25.176200, 24.215913772583, 25780377, 0, 0, "31bac141 0000 99608901"
25.176250, 22.7297782897949, 25780429, 0, 0, "96d6b541 0000 cd608901"
25.176300, 39.9560508728027, 25780480, 1, TriggerDetected, "ffd21f42 0100 00618901"
25.176350, 29.321439743042, 25780531, 0, 0, "4f92ea41 0000 33618901"
25.176400, 19.5790519714355, 25780582, 0, 0, "e6a19c41 0000 66618901"
25.176450, 37.0598335266113, 25780633, 1, TriggerDetected, "453d1442 0100 99618901"
25.176500, 34.504322052002, 25780685, 0, 0, "6d040a42 0000 cd618901"
25.176550, 18.8236637115479, 25780736, 0, 0, "dd969641 0000 00628901"
25.176600, 32.4114761352539, 25780787, 1, TriggerDetected, "5aa50142 0100 33628901"
25.176650, 38.5353546142578, 25780838, 0, 0, "34241a42 0000 66628901"
25.176700, 20.6396408081055, 25780889, 0, 0, "fc1da541 0000 99628901"
25.176750, 27.104175567627, 25780941, 0, 0, "5ad5d841 0000 cd628901"
25.176800, 40.4546966552734, 25780992, 1, TriggerDetected, "9cd12142 0100 00638901"
25.176850, 24.6008739471436, 25781043, 0, 0, "97cec441 0000 33638901"
25.176900, 22.3995094299316, 25781094, 0, 0, "3232b341 0000 66638901"
25.176950, 39.7976684570313, 25781145, 1, TriggerDetected, "d0301f42 0100 99638901"
25.177000, 29.7574634552002, 25781197, 0, 0, "490fee41 0000 cd638901"
25.177050, 19.4172058105469, 25781248, 0, 0, "70569b41 0000 00648901"
25.177100, 36.7292022705078, 25781299, 1, TriggerDetected, "b4ea1242 0100 33648901"
25.177150, 34.8932456970215, 25781350, 0, 0, "af920b42 0000 66648901"
25.177200, 18.8734588623047, 25781401, 0, 0, "d8fc9641 0000 99648901"
25.177250, 31.979808807373, 25781453, 1, TriggerDetected, "a6d6ff41 0100 cd648901"
25.177300, 38.7792510986328, 25781504, 0, 0, "f41d1b42 0000 00658901"
25.177350, 20.890251159668, 25781555, 0, 0, "3c1fa741 0000 33658901"
25.177400, 26.6734371185303, 25781606, 0, 0, "3363d541 0000 66658901"
25.177450, 40.496021270752, 25781657, 1, TriggerDetected, "edfb2142 0100 99658901"
25.177500, 24.9896564483643, 25781709, 0, 0, "d1eac741 0000 cd658901"
25.177550, 22.07155418396, 25781760, 0, 0, "8b92b041 0000 00668901"
25.177600, 39.6326789855957, 25781811, 1, TriggerDetected, "dd871e42 0100 33668901"
25.177650, 30.199878692627, 25781862, 0, 0, "5a99f141 0000 66668901"
25.177700, 19.2684459686279, 25781913, 0, 0, "c7259a41 0000 99668901"
25.177750, 36.3913421630859, 25781965, 1, TriggerDetected, "bc901142 0100 cd668901"
25.177800, 35.2739868164063, 25782016, 0, 0, "90180d42 0000 00678901"
25.177850, 18.9459362030029, 25782067, 0, 0, "47919741 0000 33678901"
25.177900, 31.5511932373047, 25782118, 1, TriggerDetected, "d868fc41 0100 66678901"
25.177950, 39.0138854980469, 25782169, 0, 0, "380e1c42 0000 99678901"
25.178000, 21.1564350128174, 25782221, 0, 0, "6140a941 0000 cd678901"
25.178050, 26.2510643005371, 25782272, 0, 0, "2e02d241 0000 00688901"
25.178100, 40.5231628417969, 25782323, 1, TriggerDetected, "b8172242 0100 33688901"
25.178150, 25.3926486968994, 25782374, 0, 0, "2524cb41 0000 66688901"
25.178200, 21.7618026733398, 25782425, 0, 0, "2c18ae41 0000 99688901"
25.178250, 39.4489212036133, 25782477, 1, TriggerDetected, "b2cb1d42 0100 cd688901"
25.178300, 30.6333389282227, 25782528, 0, 0, "1411f541 0000 00698901"
25.178350, 19.1473712921143, 25782579, 0, 0, "d12d9941 0000 33698901"
25.178400, 36.0358085632324, 25782630, 1, TriggerDetected, "ab241042 0100 66698901"
25.178450, 35.6442680358887, 25782681, 0, 0, "bb930e42 0000 99698901"
25.178500, 19.0382995605469, 25782733, 0, 0, "704e9841 0000 cd698901"
25.178550, 31.1140575408936, 25782784, 1, TriggerDetected, "97e9f841 0100 006a8901"
25.178600, 39.2214393615723, 25782835, 0, 0, "c1e21c42 0000 336a8901"
25.178650, 21.436351776123, 25782886, 0, 0, "a67dab41 0000 666a8901"
25.178700, 25.8353595733643, 25782937, 0, 0, "d1aece41 0000 996a8901"
25.178750, 40.5266914367676, 25782989, 1, TriggerDetected, "551b2242 0100 cd6a8901"
25.178800, 25.7969245910645, 25783040, 0, 0, "1a60ce41 0000 006b8901"
25.178850, 21.4670715332031, 25783091, 0, 0, "90bcab41 0000 336b8901"
25.178900, 39.2503433227539, 25783142, 1, TriggerDetected, "5a001d42 0100 666b8901"
25.178950, 31.074893951416, 25783193, 0, 0, "6299f841 0000 996b8901"
25.179000, 19.0418815612793, 25783245, 0, 0, "c6559841 0000 cd6b8901"
25.179050, 35.6780090332031, 25783296, 1, TriggerDetected, "48b60e42 0100 006c8901"
25.179100, 36.0090713500977, 25783347, 0, 0, "4a091042 0000 336c8901"
25.179150, 19.1419734954834, 25783398, 0, 0, "c3229941 0000 666c8901"
25.179200, 30.6793384552002, 25783449, 1, TriggerDetected, "496ff541 0100 996c8901"
25.179250, 39.4310607910156, 25783501, 0, 0, "68b91d42 0000 cd6c8901"
25.179300, 21.7389335632324, 25783552, 0, 0, "56e9ad41 0000 006d8901"
25.179350, 25.4212074279785, 25783603, 0, 0, "a25ecb41 0000 336d8901"
25.179400, 40.521240234375, 25783654, 1, TriggerDetected, "c0152242 0100 666d8901"
25.179450, 26.2210102081299, 25783705, 0, 0, "a1c4d141 0000 996d8901"
25.179500, 21.1836776733398, 25783757, 0, 0, "2c78a941 0000 cd6d8901"
25.179550, 39.0349273681641, 25783808, 1, TriggerDetected, "c4231c42 0100 006e8901"
25.179600, 31.5096054077148, 25783859, 0, 0, "ac13fc41 0000 336e8901"
25.179650, 18.9514789581299, 25783910, 0, 0, "a19c9741 0000 666e8901"
25.179700, 35.3052711486816, 25783961, 1, TriggerDetected, "99380d42 0100 996e8901"
25.179750, 36.3598747253418, 25784013, 0, 0, "83701142 0000 cd6e8901"
25.179800, 19.267448425293, 25784064, 0, 0, "bc239a41 0000 006f8901"
25.179850, 30.2380676269531, 25784115, 1, TriggerDetected, "90e7f141 0100 336f8901"
25.179900, 39.6123962402344, 25784166, 0, 0, "18731e42 0000 666f8901"
25.179950, 22.0472011566162, 25784217, 0, 0, "ab60b041 0000 996f8901"
25.180000, 25.0264549255371, 25784269, 0, 0, "2e36c841 0000 cd6f8901"
25.180050, 40.5014381408691, 25784320, 1, TriggerDetected, "79012242 0100 00708901"
25.180100, 26.6364135742188, 25784371, 0, 0, "6017d541 0000 33708901"
25.180150, 20.9130306243896, 25784422, 0, 0, "e34da741 0000 66708901"
25.180200, 38.7967414855957, 25784473, 1, TriggerDetected, "dd2f1b42 0100 99708901"
25.180250, 31.9392604827881, 25784525, 0, 0, "9b83ff41 0000 cd708901"
25.180300, 18.8793888092041, 25784576, 0, 0, "fd089741 0000 00718901"
25.180350, 34.9298439025879, 25784627, 1, TriggerDetected, "29b80b42 0100 33718901"
25.180400, 36.7012977600098, 25784678, 0, 0, "21ce1242 0000 66718901"
25.180450, 19.4064502716064, 25784729, 0, 0, "69409b41 0000 99718901"
25.180500, 29.7974948883057, 25784781, 0, 0, "4561ee41 0000 cd718901"
25.180550, 39.7850608825684, 25784832, 1, TriggerDetected, "e7231f42 0100 00728901"
25.180600, 22.3686943054199, 25784883, 0, 0, "16f3b241 0000 33728901"
25.180650, 24.6348934173584, 25784934, 0, 0, "4314c541 0000 66728901"
25.180700, 40.4546279907227, 25784985, 1, TriggerDetected, "8ad12142 0100 99728901"
25.180750, 27.0628547668457, 25785037, 0, 0, "ba80d841 0000 cd728901"
25.180800, 20.658727645874, 25785088, 0, 0, "1345a541 0000 00738901"
25.180850, 38.5580558776855, 25785139, 1, TriggerDetected, "733b1a42 0100 33738901"
25.180900, 32.3674201965332, 25785190, 0, 0, "3d780142 0000 66738901"
25.180950, 18.8272094726563, 25785241, 0, 0, "209e9641 0000 99738901"
25.181000, 34.5387802124023, 25785293, 1, TriggerDetected, "b6270a42 0100 cd738901"
25.181050, 37.0356597900391, 25785344, 0, 0, "84241442 0000 00748901"
25.181100, 19.563232421875, 25785395, 0, 0, "80819c41 0000 33748901"
25.181150, 29.3614158630371, 25785446, 0, 0, "2ee4ea41 0000 66748901"
25.181200, 39.9385719299316, 25785497, 1, TriggerDetected, "19c11f42 0100 99748901"
25.181250, 22.7014846801758, 25785549, 0, 0, "a49cb541 0000 cd748901"
25.181300, 24.24489402771, 25785600, 0, 0, "8bf5c141 0000 00758901"
25.181350, 40.4000854492188, 25785651, 1, TriggerDetected, "b0992142 0100 33758901"
25.181400, 27.4903030395508, 25785702, 0, 0, "24ecdb41 0000 66758901"
25.181450, 20.4167308807373, 25785753, 0, 0, "7755a341 0000 99758901"
25.181500, 38.2954406738281, 25785805, 1, TriggerDetected, "882e1942 0100 cd758901"
25.181550, 32.7900581359863, 25785856, 0, 0, "05290342 0000 00768901"
25.181600, 18.7849349975586, 25785907, 0, 0, "8c479641 0000 33768901"
25.181650, 34.1463851928711, 25785958, 1, TriggerDetected, "e6950842 0100 66768901"
25.181700, 37.3515396118164, 25786009, 0, 0, "fa671542 0000 99768901"
25.181750, 19.7395706176758, 25786061, 0, 0, "a4ea9d41 0000 cd768901"
25.181800, 28.9219627380371, 25786112, 0, 0, "2e60e741 0000 00778901"
25.181850, 40.0722007751465, 25786163, 1, TriggerDetected, "ef492042 0100 33778901"
25.181900, 23.0444812774658, 25786214, 0, 0, "195bb841 0000 66778901"
25.181950, 23.8695831298828, 25786265, 0, 0, "e8f4be41 0000 99778901"
25.182000, 40.3201179504395, 25786317, 1, TriggerDetected, "cd472142 0100 cd778901"
25.182050, 27.9246940612793, 25786368, 0, 0, "c665df41 0000 00788901"
25.182100, 20.1940288543701, 25786419, 0, 0, "5f8da141 0000 33788901"
25.182150, 38.0300827026367, 25786470, 1, TriggerDetected, "ce1e1842 0100 66788901"
25.182200, 33.2139205932617, 25786521, 0, 0, "0edb0442 0000 99788901"
25.182250, 18.7667217254639, 25786573, 0, 0, "3f229641 0000 cd788901"
25.182300, 33.7388572692871, 25786624, 1, TriggerDetected, "97f40642 0100 00798901"
25.182350, 37.6531829833984, 25786675, 0, 0, "dc9c1642 0000 33798901"
25.182400, 19.9263935089111, 25786726, 0, 0, "41699f41 0000 66798901"
25.182450, 28.484001159668, 25786777, 0, 0, "3cdfe341 0000 99798901"
25.182500, 40.1926651000977, 25786829, 1, TriggerDetected, "4ac52042 0100 cd798901"
25.182550, 23.4004974365234, 25786880, 0, 0, "3834bb41 0000 007a8901"
25.182600, 23.5087642669678, 25786931, 0, 0, "f311bc41 0000 337a8901"
25.182650, 40.2226219177246, 25786982, 1, TriggerDetected, "f7e32042 0100 667a8901"
25.182700, 28.3621101379395, 25787033, 0, 0, "9ae5e241 0000 997a8901"
25.182750, 19.9842948913574, 25787085, 0, 0, "d6df9f41 0000 cd7a8901"
25.182800, 37.7399597167969, 25787136, 1, TriggerDetected, "b8f51642 0100 007b8901"
25.182850, 33.6222457885742, 25787187, 0, 0, "2e7d0642 0000 337b8901"
25.182900, 18.7663669586182, 25787238, 0, 0, "85219641 0000 667b8901"
25.182950, 33.3257102966309, 25787289, 1, TriggerDetected, "874d0542 0100 997b8901"
25.183000, 37.947582244873, 25787341, 0, 0, "53ca1742 0000 cd7b8901"
25.183050, 20.1359195709229, 25787392, 0, 0, "5d16a141 0000 007c8901"
25.183100, 28.0449504852295, 25787443, 0, 0, "0f5ce041 0000 337c8901"
25.183150, 40.2893409729004, 25787494, 1, TriggerDetected, "49282142 0100 667c8901"
25.183200, 23.7687072753906, 25787545, 0, 0, "5026be41 0000 997c8901"
25.183250, 23.1467170715332, 25787597, 0, 0, "7a2cb941 0000 cd7c8901"
25.183300, 40.1105461120605, 25787648, 1, TriggerDetected, "33712042 0100 007d8901"
25.183350, 28.795280456543, 25787699, 0, 0, "bc5ce641 0000 337d8901"
25.183400, 19.7880229949951, 25787750, 0, 0, "df4d9e41 0000 667d8901"
25.183450, 37.4359169006348, 25787801, 1, TriggerDetected, "61be1542 0100 997d8901"
25.183500, 34.033805847168, 25787853, 0, 0, "9e220842 0000 cd7d8901"
25.183550, 18.7840137481689, 25787904, 0, 0, "a9459641 0000 007e8901"
25.183600, 32.9140014648438, 25787955, 1, TriggerDetected, "f0a70342 0100 337e8901"
25.183650, 38.2213325500488, 25788006, 0, 0, "a5e21842 0000 667e8901"
25.183700, 20.3531303405762, 25788057, 0, 0, "36d3a241 0000 997e8901"
25.183750, 27.6153774261475, 25788109, 0, 0, "4becdc41 0000 cd7e8901"
25.183800, 40.375545501709, 25788160, 1, TriggerDetected, "8f802142 0100 007f8901"
25.183850, 24.1410465240479, 25788211, 0, 0, "dd20c141 0000 337f8901"
25.183900, 22.798999786377, 25788262, 0, 0, "5a64b641 0000 667f8901"
25.183950, 39.9777412414551, 25788313, 1, TriggerDetected, "35e91f42 0100 997f8901"
25.184000, 29.2364730834961, 25788365, 0, 0, "4ce4e941 0000 cd7f8901"
25.184050, 19.6131839752197, 25788416, 0, 0, "cde79c41 0000 00808901"
25.184100, 37.1238479614258, 25788467, 1, TriggerDetected, "d27e1442 0100 33808901"
25.184150, 34.4280395507813, 25788518, 0, 0, "50b60942 0000 66808901"
25.184200, 18.8121814727783, 25788569, 0, 0, "597f9641 0000 99808901"
25.184250, 32.4867897033691, 25788621, 1, TriggerDetected, "79f20142 0100 cd808901"
25.184300, 38.4873733520508, 25788672, 0, 0, "12f31942 0000 00818901"
25.184350, 20.5909366607666, 25788723, 0, 0, "3dbaa441 0000 33818901"
25.184400, 27.1757907867432, 25788774, 0, 0, "0568d941 0000 66818901"
25.184450, 40.4377021789551, 25788825, 1, TriggerDetected, "35c02142 0100 99818901"
25.184500, 24.5255489349365, 25788877, 0, 0, "5334c441 0000 cd818901"
25.184550, 22.4546661376953, 25788928, 0, 0, "28a3b341 0000 00828901"
25.184600, 39.8301429748535, 25788979, 1, TriggerDetected, "11521f42 0100 33828901"
25.184650, 29.6721420288086, 25789030, 0, 0, "8c60ed41 0000 66828901"
25.184700, 19.4455490112305, 25789081, 0, 0, "7c909b41 0000 99828901"
25.184750, 36.7917747497559, 25789133, 1, TriggerDetected, "c72a1342 0100 cd828901"
25.184800, 34.8192749023438, 25789184, 0, 0, "f0460b42 0000 00838901"
25.184850, 18.8625297546387, 25789235, 0, 0, "76e69641 0000 33838901"
25.184900, 32.062427520752, 25789286, 1, TriggerDetected, "ed3f0042 0100 66838901"
25.184950, 38.7318878173828, 25789337, 0, 0, "74ed1a42 0000 99838901"
25.185000, 20.8408298492432, 25789389, 0, 0, "05baa641 0000 cd838901"
25.185050, 26.7495059967041, 25789440, 0, 0, "fdfed541 0000 00848901"
25.185100, 40.4905395507813, 25789491, 1, TriggerDetected, "50f62142 0100 33848901"
25.185150, 24.9148426055908, 25789542, 0, 0, "9951c741 0000 66848901"
25.185200, 22.1344985961914, 25789593, 0, 0, "7413b141 0000 99848901"
25.185250, 39.6626129150391, 25789645, 1, TriggerDetected, "84a61e42 0100 cd848901"
25.185300, 30.112606048584, 25789696, 0, 0, "9ee6f041 0000 00858901"
25.185350, 19.3021278381348, 25789747, 0, 0, "c26a9a41 0000 33858901"
25.185400, 36.4576187133789, 25789798, 1, TriggerDetected, "9ad41142 0100 66858901"
25.185450, 35.2004623413086, 25789849, 0, 0, "46cd0c42 0000 99858901"
25.185500, 18.9297161102295, 25789901, 0, 0, "0f709741 0000 cd858901"
25.185550, 31.6293849945068, 25789952, 1, TriggerDetected, "fb08fd41 0100 00868901"
25.185600, 38.9691276550293, 25790003, 0, 0, "63e01b42 0000 33868901"
25.185650, 21.1134376525879, 25790054, 0, 0, "52e8a841 0000 66868901"
25.185700, 26.3396835327148, 25790105, 0, 0, "acb7d241 0000 99868901"
25.185750, 40.5229072570801, 25790157, 1, TriggerDetected, "75172242 0100 cd868901"
25.185800, 25.3190994262695, 25790208, 0, 0, "848dca41 0000 00878901"
25.185850, 21.8260707855225, 25790259, 0, 0, "cb9bae41 0000 33878901"
25.185900, 39.4895095825195, 25790310, 1, TriggerDetected, "42f51d42 0100 66878901"
25.185950, 30.5537281036377, 25790361, 0, 0, "096ef441 0000 99878901"
25.186000, 19.1737422943115, 25790413, 0, 0, "d3639941 0000 cd878901"
25.186050, 36.1120262145996, 25790464, 1, TriggerDetected, "b7721042 0100 00888901"
25.186100, 35.5776634216309, 25790515, 0, 0, "874f0e42 0000 33888901"
25.186150, 19.0216464996338, 25790566, 0, 0, "552c9841 0000 66888901"
25.186200, 31.2015342712402, 25790617, 1, TriggerDetected, "be9cf941 0100 99888901"
25.186250, 39.1924629211426, 25790669, 0, 0, "15c51c42 0000 cd888901"
25.186300, 21.3865509033203, 25790720, 0, 0, "a817ab41 0000 00898901"
25.186350, 25.9219932556152, 25790771, 0, 0, "3e60cf41 0000 33898901"
25.186400, 40.5351181030273, 25790822, 1, TriggerDetected, "f6232242 0100 66898901"
25.186450, 25.7257137298584, 25790873, 0, 0, "43cecd41 0000 99898901"
25.186500, 21.5271911621094, 25790925, 0, 0, "b037ac41 0000 cd898901"
25.186550, 39.2923126220703, 25790976, 1, TriggerDetected, "542b1d42 0100 008a8901"
25.186600, 30.9925327301025, 25791027, 0, 0, "b5f0f741 0000 338a8901"
25.186650, 19.0664138793945, 25791078, 0, 0, "04889841 0000 668a8901"
25.186700, 35.75732421875, 25791129, 1, TriggerDetected, "80070f42 0100 998a8901"
25.186750, 35.9457626342773, 25791181, 0, 0, "76c80f42 0000 cd8a8901"
25.186800, 19.1199378967285, 25791232, 0, 0, "a2f59841 0000 008b8901"
25.186850, 30.762638092041, 25791283, 1, TriggerDetected, "e219f641 0100 338b8901"
25.186900, 39.3967094421387, 25791334, 0, 0, "3b961d42 0000 668b8901"
25.186950, 21.6852016448975, 25791385, 0, 0, "4b7bad41 0000 998b8901"
25.187000, 25.5138664245605, 25791437, 0, 0, "661ccc41 0000 cd8b8901"
25.187050, 40.5349540710449, 25791488, 1, TriggerDetected, "cb232242 0100 008c8901"
25.187100, 26.1411361694336, 25791539, 0, 0, "0c21d141 0000 338c8901"
25.187150, 21.2412166595459, 25791590, 0, 0, "03eea941 0000 668c8901"
25.187200, 39.0819625854492, 25791641, 1, TriggerDetected, "ee531c42 0100 998c8901"
25.187250, 31.4378356933594, 25791693, 0, 0, "b080fb41 0000 cd8c8901"
25.187300, 18.9724788665771, 25791744, 0, 0, "a3c79741 0000 008d8901"
25.187350, 35.3842468261719, 25791795, 1, TriggerDetected, "78890d42 0100 338d8901"
25.187400, 36.2950859069824, 25791846, 0, 0, "2b2e1142 0000 668d8901"
25.187450, 19.2452487945557, 25791897, 0, 0, "45f69941 0000 998d8901"
25.187500, 30.3288307189941, 25791949, 1, TriggerDetected, "72a1f241 0100 cd8d8901"
25.187550, 39.5890159606934, 25792000, 0, 0, "275b1e42 0000 008e8901"
25.187600, 21.9901256561279, 25792051, 0, 0, "c7ebaf41 0000 338e8901"
25.187650, 25.1082801818848, 25792102, 0, 0, "c2ddc841 0000 668e8901"
25.187700, 40.5058898925781, 25792153, 1, TriggerDetected, "08062242 0100 998e8901"
25.187750, 26.5563468933105, 25792205, 0, 0, "6673d441 0000 cd8e8901"
25.187800, 20.968807220459, 25792256, 0, 0, "1ec0a741 0000 008f8901"
25.187850, 38.8518562316895, 25792307, 1, TriggerDetected, "4d681b42 0100 338f8901"
25.187900, 31.8622074127197, 25792358, 0, 0, "cde5fe41 0000 668f8901"
25.187950, 18.8975276947021, 25792409, 0, 0, "232e9741 0000 998f8901"
25.188000, 35.0063095092773, 25792461, 1, TriggerDetected, "76060c42 0100 cd8f8901"
25.188050, 36.6430473327637, 25792512, 0, 0, "7b921242 0000 00908901"
25.188100, 19.3862323760986, 25792563, 0, 0, "01179b41 0000 33908901"
25.188150, 29.8880996704102, 25792614, 0, 0, "d41aef41 0000 66908901"
25.188200, 39.7536087036133, 25792665, 1, TriggerDetected, "b2031f42 0100 99908901"
25.188250, 22.3093490600586, 25792717, 0, 0, "8c79b241 0000 cd908901"
25.188300, 24.7122993469238, 25792768, 0, 0, "cab2c541 0000 00918901"
25.188350, 40.4707489013672, 25792819, 1, TriggerDetected, "0ce22142 0100 33918901"
25.188400, 26.9805927276611, 25792870, 0, 0, "41d8d741 0000 66918901"
25.188450, 20.7085380554199, 25792921, 0, 0, "16aba541 0000 99918901"
25.188500, 38.6089744567871, 25792973, 1, TriggerDetected, "976f1a42 0100 cd918901"
25.188550, 32.2919502258301, 25793024, 0, 0, "f52a0142 0000 00928901"
25.188600, 18.8350162506104, 25793075, 0, 0, "1dae9641 0000 33928901"
25.188650, 34.6228294372559, 25793126, 1, TriggerDetected, "c77d0a42 0100 66928901"
25.188700, 36.9698600769043, 25793177, 0, 0, "23e11342 0000 99928901"
25.188750, 19.53369140625, 25793229, 0, 0, "00459c41 0000 cd928901"
25.188800, 29.4451675415039, 25793280, 0, 0, "b48feb41 0000 00938901"
25.188850, 39.9114456176758, 25793331, 1, TriggerDetected, "52a51f42 0100 33938901"
25.188900, 22.6390628814697, 25793382, 0, 0, "cd1cb541 0000 66938901"
25.188950, 24.3222179412842, 25793433, 0, 0, "e793c241 0000 99938901"
25.189000, 40.4060249328613, 25793485, 1, TriggerDetected, "c59f2142 0100 cd938901"
25.189050, 27.414665222168, 25793536, 0, 0, "3c51db41 0000 00948901"
25.189100, 20.467903137207, 25793587, 0, 0, "44bea341 0000 33948901"
25.189150, 38.352912902832, 25793638, 1, TriggerDetected, "62691942 0100 66948901"
25.189200, 32.7179641723633, 25793689, 0, 0, "32df0242 0000 99948901"
25.189250, 18.7940063476563, 25793741, 0, 0, "205a9641 0000 cd948901"
25.189300, 34.2233123779297, 25793792, 1, TriggerDetected, "ace40842 0100 00958901"
25.189350, 37.2930450439453, 25793843, 0, 0, "142c1542 0000 33958901"
25.189400, 19.7036628723145, 25793894, 0, 0, "1aa19d41 0000 66958901"
25.189450, 29.0073089599609, 25793945, 0, 0, "f80ee841 0000 99958901"
25.189500, 40.0472450256348, 25793997, 1, TriggerDetected, "61302042 0100 cd958901"
25.189550, 22.9794654846191, 25794048, 0, 0, "f2d5b741 0000 00968901"
25.189600, 23.943775177002, 25794099, 0, 0, "da8cbf41 0000 33968901"
25.189650, 40.3358612060547, 25794150, 1, TriggerDetected, "ec572142 0100 66968901"
25.189700, 27.8394508361816, 25794201, 0, 0, "32b7de41 0000 99968901"
25.189750, 20.2364196777344, 25794253, 0, 0, "30e4a141 0000 cd968901"
25.189800, 38.0780181884766, 25794304, 1, TriggerDetected, "e44f1842 0100 00978901"
25.189850, 33.1342124938965, 25794355, 0, 0, "6f890442 0000 33978901"
25.189900, 18.7726211547852, 25794406, 0, 0, "542e9641 0000 66978901"
25.189950, 33.8213920593262, 25794457, 1, TriggerDetected, "1b490742 0100 99978901"
25.190000, 37.5955429077148, 25794509, 0, 0, "d6611642 0000 cd978901"
25.190050, 19.8915271759033, 25794560, 0, 0, "d9219f41 0000 00988901"
25.190100, 28.568510055542, 25794611, 0, 0, "4f8ce441 0000 33988901"
25.190150, 40.1733169555664, 25794662, 1, TriggerDetected, "7ab12042 0100 66988901"
25.190200, 23.3309192657471, 25794713, 0, 0, "b9a5ba41 0000 99988901"
25.190250, 23.573579788208, 25794765, 0, 0, "b196bc41 0000 cd988901"
25.190300, 40.2408409118652, 25794816, 1, TriggerDetected, "9ff62042 0100 00998901"
25.190350, 28.2744140625, 25794867, 0, 0, "0032e241 0000 33998901"
25.190400, 20.0250720977783, 25794918, 0, 0, "5933a041 0000 66998901"
25.190450, 37.7973442077637, 25794969, 1, TriggerDetected, "7b301742 0100 99998901"
25.190500, 33.5478591918945, 25795021, 0, 0, "02310642 0000 cd998901"
25.190550, 18.7680511474609, 25795072, 0, 0, "f8249641 0000 009a8901"
25.190600, 33.4127655029297, 25795123, 1, TriggerDetected, "aca60542 0100 339a8901"
25.190650, 37.8899269104004, 25795174, 0, 0, "498f1742 0000 669a8901"
25.190700, 20.0957794189453, 25795225, 0, 0, "28c4a041 0000 999a8901"
25.190750, 28.1312522888184, 25795277, 0, 0, "ce0ce141 0000 cd9a8901"
25.190800, 40.2774658203125, 25795328, 1, TriggerDetected, "201c2142 0100 009b8901"
25.190850, 23.6932258605957, 25795379, 0, 0, "ba8bbd41 0000 339b8901"
25.190900, 23.2124786376953, 25795430, 0, 0, "28b3b941 0000 669b8901"
25.190950, 40.1309394836426, 25795481, 1, TriggerDetected, "15862042 0100 999b8901"
25.191000, 28.7140865325928, 25795533, 0, 0, "73b6e541 0000 cd9b8901"
25.191050, 19.8265781402588, 25795584, 0, 0, "d59c9e41 0000 009c8901"
25.191100, 37.4947280883789, 25795635, 1, TriggerDetected, "9afa1542 0100 339c8901"
25.191150, 33.9529342651367, 25795686, 0, 0, "cecf0742 0000 669c8901"
25.191200, 18.77907371521, 25795737, 0, 0, "8b3b9641 0000 999c8901"
25.191250, 32.9921722412109, 25795789, 1, TriggerDetected, "fcf70342 0100 cd9c8901"
25.191300, 38.1703071594238, 25795840, 0, 0, "65ae1842 0000 009d8901"
25.191350, 20.3110408782959, 25795891, 0, 0, "037da241 0000 339d8901"
25.191400, 27.6949405670166, 25795942, 0, 0, "3d8fdd41 0000 669d8901"
25.191450, 40.3598175048828, 25795993, 1, TriggerDetected, "74702142 0100 999d8901"
25.191500, 24.0687370300293, 25796045, 0, 0, "c68cc041 0000 cd9d8901"
25.191550, 22.8635025024414, 25796096, 0, 0, "74e8b641 0000 009e8901"
25.191600, 40.0052947998047, 25796147, 1, TriggerDetected, "6c052042 0100 339e8901"
25.191650, 29.1519813537598, 25796198, 0, 0, "4237e941 0000 669e8901"
25.191700, 19.643030166626, 25796249, 0, 0, "ed249d41 0000 999e8901"
25.191750, 37.1853904724121, 25796301, 1, TriggerDetected, "d7bd1442 0100 cd9e8901"
25.191800, 34.3546905517578, 25796352, 0, 0, "346b0942 0000 009f8901"
25.191850, 18.8058681488037, 25796403, 0, 0, "6b729641 0000 339f8901"
25.191900, 32.5764274597168, 25796454, 1, TriggerDetected, "434e0242 0100 669f8901"
25.191950, 38.4388160705566, 25796505, 0, 0, "59c11942 0000 999f8901"
25.192000, 20.5465660095215, 25796557, 0, 0, "5e5fa441 0000 cd9f8901"
25.192050, 27.2654895782471, 25796608, 0, 0, "b91fda41 0000 00a08901"
25.192100, 40.4332809448242, 25796659, 1, TriggerDetected, "aebb2142 0100 33a08901"
25.192150, 24.4513740539551, 25796710, 0, 0, "6a9cc341 0000 66a08901"
25.192200, 22.5242366790771, 25796761, 0, 0, "a331b441 0000 99a08901"
25.192250, 39.8568572998047, 25796813, 1, TriggerDetected, "6c6d1f42 0100 cda08901"
25.192300, 29.5905342102051, 25796864, 0, 0, "6ab9ec41 0000 00a18901"
25.192350, 19.4834060668945, 25796915, 0, 0, "04de9b41 0000 33a18901"
25.192400, 36.864818572998, 25796966, 1, TriggerDetected, "93751342 0100 66a18901"
25.192450, 34.7455863952637, 25797017, 0, 0, "7bfb0a42 0000 99a18901"
25.192500, 18.8548431396484, 25797069, 0, 0, "b8d69641 0000 cda18901"
25.192550, 32.1449546813965, 25797120, 1, TriggerDetected, "6f940042 0100 00a28901"
25.192600, 38.6946792602539, 25797171, 0, 0, "5ac71a42 0000 33a28901"
25.192650, 20.7974834442139, 25797222, 0, 0, "3f61a641 0000 66a28901"
25.192700, 26.8414611816406, 25797273, 0, 0, "50bbd641 0000 99a28901"
25.192750, 40.4826545715332, 25797325, 1, TriggerDetected, "3dee2142 0100 cda28901"
25.192800, 24.84250831604, 25797376, 0, 0, "75bdc641 0000 00a38901"
25.192850, 22.19944190979, 25797427, 0, 0, "7598b141 0000 33a38901"
25.192900, 39.7042922973633, 25797478, 1, TriggerDetected, "32d11e42 0100 66a38901"
25.192950, 30.0290966033936, 25797529, 0, 0, "973bf041 0000 99a38901"
25.193000, 19.3322143554688, 25797581, 0, 0, "60a89a41 0000 cda38901"
25.193050, 36.5272026062012, 25797632, 1, TriggerDetected, "db1b1242 0100 00a48901"
25.193100, 35.1380157470703, 25797683, 0, 0, "548d0c42 0000 33a48901"
25.193150, 18.9213562011719, 25797734, 0, 0, "f05e9741 0000 66a48901"
25.193200, 31.7180995941162, 25797785, 1, TriggerDetected, "abbefd41 0100 99a48901"
25.193250, 38.9255790710449, 25797837, 0, 0, "cbb31b42 0000 cda48901"
25.193300, 21.0574150085449, 25797888, 0, 0, "9675a841 0000 00a58901"
25.193350, 26.4166927337646, 25797939, 0, 0, "6355d341 0000 33a58901"
25.193400, 40.5213279724121, 25797990, 1, TriggerDetected, "d7152242 0100 66a58901"
25.193450, 25.2414989471436, 25798041, 0, 0, "97eec941 0000 99a58901"
25.193500, 21.8844432830811, 25798093, 0, 0, "5713af41 0000 cda58901"
25.193550, 39.5188102722168, 25798144, 1, TriggerDetected, "43131e42 0100 00a68901"
25.193600, 30.4712600708008, 25798195, 0, 0, "24c5f341 0000 33a68901"
25.193650, 19.2011375427246, 25798246, 0, 0, "ee9b9941 0000 66a68901"
25.193700, 36.1844139099121, 25798297, 1, TriggerDetected, "d7bc1042 0100 99a68901"
25.193750, 35.5068664550781, 25798349, 0, 0, "08070e42 0000 cda68901"
25.193800, 19.0014419555664, 25798400, 0, 0, "f4029841 0000 00a78901"
25.193850, 31.2813968658447, 25798451, 1, TriggerDetected, "4d40fa41 0100 33a78901"
25.193900, 39.154369354248, 25798502, 0, 0, "139e1c42 0000 66a78901"
25.193950, 21.3373775482178, 25798553, 0, 0, "f3b2aa41 0000 99a78901"
25.194000, 26.0054721832275, 25798605, 0, 0, "350bd041 0000 cda78901"
25.194050, 40.5375480651855, 25798656, 1, TriggerDetected, "73262242 0100 00a88901"
25.194100, 25.6511478424072, 25798707, 0, 0, "8d35cd41 0000 33a88901"
25.194150, 21.5861701965332, 25798758, 0, 0, "7ab0ac41 0000 66a88901"
25.194200, 39.332893371582, 25798809, 1, TriggerDetected, "e2541d42 0100 99a88901"
25.194250, 30.9104251861572, 25798861, 0, 0, "8d48f741 0000 cda88901"
25.194300, 19.0877685546875, 25798912, 0, 0, "c0b39841 0000 00a98901"
25.194350, 35.8235664367676, 25798963, 1, TriggerDetected, "554b0f42 0100 33a98901"
25.194400, 35.8747100830078, 25799014, 0, 0, "b47f0f42 0000 66a98901"
25.194450, 19.0995788574219, 25799065, 0, 0, "f0cb9841 0000 99a98901"
25.194500, 30.8537101745605, 25799117, 1, TriggerDetected, "66d4f641 0100 cda98901"
25.194550, 39.3564414978027, 25799168, 0, 0, "ff6c1d42 0000 00aa8901"
25.194600, 21.6249675750732, 25799219, 0, 0, "efffac41 0000 33aa8901"
25.194650, 25.5894317626953, 25799270, 0, 0, "28b7cc41 0000 66aa8901"
25.194700, 40.5329208374023, 25799321, 1, TriggerDetected, "b6212242 0100 99aa8901"
25.194750, 26.056547164917, 25799373, 0, 0, "cf73d041 0000 cdaa8901"
25.194800, 21.2935028076172, 25799424, 0, 0, "1859aa41 0000 00ab8901"
25.194850, 39.121711730957, 25799475, 1, TriggerDetected, "a27c1c42 0100 33ab8901"
25.194900, 31.344274520874, 25799526, 0, 0, "13c1fa41 0000 66ab8901"
25.194950, 18.9922275543213, 25799577, 0, 0, "15f09741 0000 99ab8901"
25.195000, 35.4580574035645, 25799629, 1, TriggerDetected, "0dd50d42 0100 cdab8901"
25.195050, 36.2301826477051, 25799680, 0, 0, "b5eb1042 0000 00ac8901"
25.195100, 19.2181053161621, 25799731, 0, 0, "aebe9941 0000 33ac8901"
25.195150, 30.4123229980469, 25799782, 1, TriggerDetected, "704cf341 0100 66ac8901"
25.195200, 39.5484657287598, 25799833, 0, 0, "a1311e42 0000 99ac8901"
25.195250, 21.9294815063477, 25799885, 0, 0, "946faf41 0000 cdac8901"
25.195300, 25.1877689361572, 25799936, 0, 0, "8d80c941 0000 00ad8901"
25.195350, 40.5127906799316, 25799987, 1, TriggerDetected, "190d2242 0100 33ad8901"
25.195400, 26.4742374420166, 25800038, 0, 0, "3dcbd341 0000 66ad8901"
25.195450, 21.0238723754883, 25800089, 0, 0, "e430a841 0000 99ad8901"
25.195500, 38.8964767456055, 25800141, 1, TriggerDetected, "fe951b42 0100 cdad8901"
25.195550, 31.7771015167236, 25800192, 0, 0, "8137fe41 0000 00ae8901"
25.195600, 18.9118404388428, 25800243, 0, 0, "734b9741 0000 33ae8901"
25.195650, 35.0825042724609, 25800294, 1, TriggerDetected, "7c540c42 0100 66ae8901"
25.195700, 36.5721206665039, 25800345, 0, 0, "da491242 0000 99ae8901"
25.195750, 19.3514080047607, 25800397, 0, 0, "afcf9a41 0000 cdae8901"
25.195800, 29.970142364502, 25800448, 0, 0, "dac2ef41 0000 00af8901"
25.195850, 39.7278785705566, 25800499, 1, TriggerDetected, "59e91e42 0100 33af8901"
25.195900, 22.2471752166748, 25800550, 0, 0, "37fab141 0000 66af8901"
25.195950, 24.7905921936035, 25800601, 0, 0, "2253c641 0000 99af8901"
25.196000, 40.4783096313477, 25800653, 1, TriggerDetected, "cae92142 0100 cdaf8901"
25.196050, 26.9022750854492, 25800704, 0, 0, "dc37d741 0000 00b08901"
25.196100, 20.7586269378662, 25800755, 0, 0, "ab11a641 0000 33b08901"
25.196150, 38.6567497253418, 25800806, 1, TriggerDetected, "83a01a42 0100 66b08901"
25.196200, 32.2105026245117, 25800857, 0, 0, "8ed70042 0000 99b08901"
25.196250, 18.8483963012695, 25800909, 0, 0, "84c99641 0000 cdb08901"
25.196300, 34.6934432983398, 25800960, 1, TriggerDetected, "16c60a42 0100 00b18901"
25.196350, 36.9079856872559, 25801011, 0, 0, "c7a11342 0000 33b18901"
25.196400, 19.5027198791504, 25801062, 0, 0, "92059c41 0000 66b18901"
25.196450, 29.5335655212402, 25801113, 0, 0, "be44ec41 0000 99b18901"
25.196500, 39.883358001709, 25801165, 1, TriggerDetected, "8f881f42 0100 cdb18901"
25.196550, 22.5811386108398, 25801216, 0, 0, "2ca6b441 0000 00b28901"
25.196600, 24.4053249359131, 25801267, 0, 0, "1b3ec341 0000 33b28901"
25.196650, 40.4270896911621, 25801318, 1, TriggerDetected, "57b52142 0100 66b28901"
25.196700, 27.3285312652588, 25801369, 0, 0, "d5a0da41 0000 99b28901"
25.196750, 20.5130500793457, 25801421, 0, 0, "ba1aa441 0000 cdb28901"
25.196800, 38.4032516479492, 25801472, 1, TriggerDetected, "ee9c1942 0100 00b38901"
25.196850, 32.6347160339355, 25801523, 0, 0, "f3890242 0000 33b38901"
25.196900, 18.8045120239258, 25801574, 0, 0, "a46f9641 0000 66b38901"
25.196950, 34.298957824707, 25801625, 1, TriggerDetected, "22320942 0100 99b38901"
25.197000, 37.2280578613281, 25801677, 0, 0, "88e91442 0000 cdb38901"
25.197050, 19.675760269165, 25801728, 0, 0, "f5679d41 0000 00b48901"
25.197100, 29.098072052002, 25801779, 0, 0, "dac8e841 0000 33b48901"
25.197150, 40.0296249389648, 25801830, 1, TriggerDetected, "561e2042 0100 66b48901"
25.197200, 22.9154014587402, 25801881, 0, 0, "be52b741 0000 99b48901"
25.197250, 24.0142250061035, 25801933, 0, 0, "221dc041 0000 cdb48901"
25.197300, 40.3485107421875, 25801984, 1, TriggerDetected, "e0642142 0100 00b58901"
25.197350, 27.7616710662842, 25802035, 0, 0, "e717de41 0000 33b58901"
25.197400, 20.28369140625, 25802086, 0, 0, "0045a241 0000 66b58901"
25.197450, 38.1359214782715, 25802137, 1, TriggerDetected, "2f8b1842 0100 99b58901"
25.197500, 33.0541076660156, 25802189, 0, 0, "68370442 0000 cdb58901"
25.197550, 18.7770919799805, 25802240, 0, 0, "7c379641 0000 00b68901"
25.197600, 33.9007835388184, 25802291, 1, TriggerDetected, "679a0742 0100 33b68901"
25.197650, 37.5405807495117, 25802342, 0, 0, "8e291642 0000 66b68901"
25.197700, 19.8552513122559, 25802393, 0, 0, "8ed79e41 0000 99b68901"
25.197750, 28.6537647247314, 25802445, 0, 0, "e93ae541 0000 cdb68901"
25.197800, 40.1437835693359, 25802496, 1, TriggerDetected, "3c932042 0100 00b78901"
25.197850, 23.2630825042725, 25802547, 0, 0, "cb1aba41 0000 33b78901"
25.197900, 23.642240524292, 25802598, 0, 0, "4f23bd41 0000 66b78901"
25.197950, 40.2628211975098, 25802649, 1, TriggerDetected, "210d2142 0100 99b78901"
25.198000, 28.1905918121338, 25802701, 0, 0, "5586e141 0000 cdb78901"
25.198050, 20.0609378814697, 25802752, 0, 0, "cd7ca041 0000 00b88901"
25.198100, 37.8509941101074, 25802803, 1, TriggerDetected, "6b671742 0100 33b88901"
25.198150, 33.4678421020508, 25802854, 0, 0, "12df0542 0000 66b88901"
25.198200, 18.7629661560059, 25802905, 0, 0, "8e1a9641 0000 99b88901"
25.198250, 33.4947395324707, 25802957, 1, TriggerDetected, "9dfa0542 0100 cdb88901"
25.198300, 37.8351860046387, 25803008, 0, 0, "3b571742 0000 00b98901"
25.198350, 20.0555076599121, 25803059, 0, 0, "ae71a041 0000 33b98901"
25.198400, 28.2173938751221, 25803110, 0, 0, "39bde141 0000 66b98901"
25.198450, 40.2597885131836, 25803161, 1, TriggerDetected, "060a2142 0100 99b98901"
25.198500, 23.6278972625732, 25803213, 0, 0, "ef05bd41 0000 cdb98901"
25.198550, 23.2859477996826, 25803264, 0, 0, "9f49ba41 0000 00ba8901"
25.198600, 40.1571388244629, 25803315, 1, TriggerDetected, "e9a02042 0100 33ba8901"
25.198650, 28.6357288360596, 25803366, 0, 0, "f915e541 0000 66ba8901"
25.198700, 19.8658199310303, 25803417, 0, 0, "33ed9e41 0000 99ba8901"
25.198750, 37.5575065612793, 25803469, 1, TriggerDetected, "e33a1642 0100 cdba8901"
25.198800, 33.8792304992676, 25803520, 0, 0, "55840742 0000 00bb8901"
25.198850, 18.7766094207764, 25803571, 0, 0, "7f369641 0000 33bb8901"
25.198900, 33.0801658630371, 25803622, 1, TriggerDetected, "17520442 0100 66bb8901"
25.198950, 38.1220855712891, 25803673, 0, 0, "047d1842 0000 99bb8901"
25.199000, 20.271484375, 25803725, 0, 0, "002ca241 0000 cdbb8901"
25.199050, 27.7841339111328, 25803776, 0, 0, "e845de41 0000 00bc8901"
25.199100, 40.3509101867676, 25803827, 1, TriggerDetected, "55672142 0100 33bc8901"
25.199150, 23.998119354248, 25803878, 0, 0, "26fcbf41 0000 66bc8901"
25.199200, 22.933219909668, 25803929, 0, 0, "3c77b741 0000 99bc8901"
25.199250, 40.0362663269043, 25803981, 1, TriggerDetected, "23252042 0100 cdbc8901"
25.199300, 29.074592590332, 25804032, 0, 0, "c498e841 0000 00bd8901"
25.199350, 19.6826877593994, 25804083, 0, 0, "25769d41 0000 33bd8901"
25.199400, 37.2486228942871, 25804134, 1, TriggerDetected, "97fe1442 0100 66bd8901"
25.199450, 34.2785797119141, 25804185, 0, 0, "441d0942 0000 99bd8901"
25.199500, 18.8010597229004, 25804237, 0, 0, "92689641 0000 cdbd8901"
25.199550, 32.659538269043, 25804288, 1, TriggerDetected, "5ea30242 0100 00be8901"
25.199600, 38.3902397155762, 25804339, 0, 0, "9b8f1942 0000 33be8901"
25.199650, 20.4987907409668, 25804390, 0, 0, "86fda341 0000 66be8901"
25.199700, 27.3465671539307, 25804441, 0, 0, "c5c5da41 0000 99be8901"
25.199750, 40.4228057861328, 25804493, 1, TriggerDetected, "f4b02142 0100 cdbe8901"
25.199800, 24.3783645629883, 25804544, 0, 0, "e406c341 0000 00bf8901"
25.199850, 22.5922908782959, 25804595, 0, 0, "03bdb441 0000 33bf8901"
25.199900, 39.8921737670898, 25804646, 1, TriggerDetected, "96911f42 0100 66bf8901"
25.199950, 29.5069675445557, 25804697, 0, 0, "450eec41 0000 99bf8901"
25.200000, 19.5124034881592, 25804749, 0, 0, "67199c41 0000 cdbf8901"
25.200050, 36.926685333252, 25804800, 1, TriggerDetected, "edb41342 0100 00c08901"
25.200100, 34.673210144043, 25804851, 0, 0, "5eb10a42 0000 33c08901"
25.200150, 18.8439254760742, 25804902, 0, 0, "5cc09641 0000 66c08901"
25.200200, 32.230411529541, 25804953, 1, TriggerDetected, "f1eb0042 0100 99c08901"
25.200250, 38.6404876708984, 25805005, 0, 0, "dc8f1a42 0000 cdc08901"
25.200300, 20.7400646209717, 25805056, 0, 0, "a7eba541 0000 00c18901"
25.200350, 26.9246044158936, 25805107, 0, 0, "9765d741 0000 33c18901"
25.200400, 40.4783210754395, 25805158, 1, TriggerDetected, "cde92142 0100 66c18901"
25.200450, 24.7670230865479, 25805209, 0, 0, "dd22c641 0000 99c18901"
25.200500, 22.2623729705811, 25805261, 0, 0, "5719b241 0000 cdc18901"
25.200550, 39.7334365844727, 25805312, 1, TriggerDetected, "0aef1e42 0100 00c28901"
25.200600, 29.9476013183594, 25805363, 0, 0, "b094ef41 0000 33c28901"
25.200650, 19.3615036010742, 25805414, 0, 0, "5ce49a41 0000 66c28901"
25.200700, 36.5950698852539, 25805465, 1, TriggerDetected, "5a611242 0100 99c28901"
25.200750, 35.0545272827148, 25805517, 0, 0, "d6370c42 0000 cdc28901"
25.200800, 18.9050998687744, 25805568, 0, 0, "a53d9741 0000 00c38901"
25.200850, 31.800106048584, 25805619, 1, TriggerDetected, "9e66fe41 0100 33c38901"
25.200900, 38.8872680664063, 25805670, 0, 0, "908c1b42 0000 66c38901"
25.200950, 21.0053730010986, 25805721, 0, 0, "010ba841 0000 99c38901"
25.201000, 26.4983692169189, 25805773, 0, 0, "a9fcd341 0000 cdc38901"
25.201050, 40.5126876831055, 25805824, 1, TriggerDetected, "fe0c2242 0100 00c48901"
25.201100, 25.1661624908447, 25805875, 0, 0, "4d54c941 0000 33c48901"
25.201150, 21.943431854248, 25805926, 0, 0, "268caf41 0000 66c48901"
25.201200, 39.5597534179688, 25805977, 1, TriggerDetected, "303d1e42 0100 99c48901"
25.201250, 30.3857460021973, 25806029, 0, 0, "0216f341 0000 cdc48901"
25.201300, 19.2247695922852, 25806080, 0, 0, "54cc9941 0000 00c58901"
25.201350, 36.2489852905273, 25806131, 1, TriggerDetected, "f6fe1042 0100 33c58901"
25.201400, 35.4375648498535, 25806182, 0, 0, "11c00d42 0000 66c58901"
25.201450, 18.985767364502, 25806233, 0, 0, "dae29741 0000 99c58901"
25.201500, 31.3701553344727, 25806285, 1, TriggerDetected, "14f6fa41 0100 cdc58901"
25.201550, 39.10595703125, 25806336, 0, 0, "806c1c42 0000 00c68901"
25.201600, 21.2811393737793, 25806387, 0, 0, "c63faa41 0000 33c68901"
25.201650, 26.0781364440918, 25806438, 0, 0, "06a0d041 0000 66c68901"
25.201700, 40.5373687744141, 25806489, 1, TriggerDetected, "44262242 0100 99c68901"
25.201750, 25.5658130645752, 25806541, 0, 0, "c986cc41 0000 cdc68901"
25.201800, 21.6406154632568, 25806592, 0, 0, "fb1fad41 0000 00c78901"
25.201850, 39.3679161071777, 25806643, 1, TriggerDetected, "bf781d42 0100 33c78901"
25.201900, 30.8303318023682, 25806694, 0, 0, "85a4f641 0000 66c78901"
25.201950, 19.1115894317627, 25806745, 0, 0, "89e49841 0000 99c78901"
25.202000, 35.8982810974121, 25806797, 1, TriggerDetected, "d7970f42 0100 cdc78901"
25.202050, 35.8023796081543, 25806848, 0, 0, "a3350f42 0000 00c88901"
25.202100, 19.0792274475098, 25806899, 0, 0, "42a29841 0000 33c88901"
25.202150, 30.935998916626, 25806950, 1, TriggerDetected, "ed7cf741 0100 66c88901"
25.202200, 39.323314666748, 25807001, 0, 0, "134b1d42 0000 99c88901"
25.202250, 21.5673561096191, 25807053, 0, 0, "f289ac41 0000 cdc88901"
25.202300, 25.6702938079834, 25807104, 0, 0, "c35ccd41 0000 00c98901"
25.202350, 40.5307083129883, 25807155, 1, TriggerDetected, "721f2242 0100 33c98901"
25.202400, 25.9829807281494, 25807206, 0, 0, "25ddcf41 0000 66c98901"
25.202450, 21.3499755859375, 25807257, 0, 0, "c0ccaa41 0000 99c98901"
25.202500, 39.1640968322754, 25807309, 1, TriggerDetected, "09a81c42 0100 cdc98901"
25.202550, 31.2627449035645, 25807360, 0, 0, "1a1afa41 0000 00ca8901"
25.202600, 19.0039520263672, 25807411, 0, 0, "18089841 0000 33ca8901"
25.202650, 35.5247192382813, 25807462, 1, TriggerDetected, "50190e42 0100 66ca8901"
25.202700, 36.1634101867676, 25807513, 0, 0, "55a71042 0000 99ca8901"
25.202750, 19.2005481719971, 25807565, 0, 0, "b99a9941 0000 cdca8901"
25.202800, 30.5018043518066, 25807616, 1, TriggerDetected, "b203f441 0100 00cb8901"
25.202850, 39.5165214538574, 25807667, 0, 0, "eb101e42 0000 33cb8901"
25.202900, 21.8714847564697, 25807718, 0, 0, "cdf8ae41 0000 66cb8901"
25.202950, 25.2616081237793, 25807769, 0, 0, "c617ca41 0000 99cb8901"
25.203000, 40.5225524902344, 25807821, 1, TriggerDetected, "18172242 0100 cdcb8901"
25.203050, 26.3993835449219, 25807872, 0, 0, "f031d341 0000 00cc8901"
25.203100, 21.0736064910889, 25807923, 0, 0, "bf96a841 0000 33cc8901"
25.203150, 38.9438781738281, 25807974, 1, TriggerDetected, "88c61b42 0100 66cc8901"
25.203200, 31.6932907104492, 25808025, 0, 0, "dc8bfd41 0000 99cc8901"
25.203250, 18.9237022399902, 25808077, 0, 0, "be639741 0000 cdcc8901"
25.203300, 35.1570739746094, 25808128, 1, TriggerDetected, "d8a00c42 0100 00cd8901"
25.203350, 36.5103607177734, 25808179, 0, 0, "9c0a1242 0000 33cd8901"
25.203400, 19.3306617736816, 25808230, 0, 0, "32a59a41 0000 66cd8901"
25.203450, 30.0613079071045, 25808281, 1, TriggerDetected, "8f7df041 0100 99cd8901"
25.203500, 39.6915588378906, 25808333, 0, 0, "28c41e42 0000 cdcd8901"
25.203550, 22.1828708648682, 25808384, 0, 0, "8576b141 0000 00ce8901"
25.203600, 24.8669948577881, 25808435, 0, 0, "9befc641 0000 33ce8901"
25.203650, 40.4860496520996, 25808486, 1, TriggerDetected, "b7f12142 0100 66ce8901"
25.203700, 26.8170070648193, 25808537, 0, 0, "3b89d641 0000 99ce8901"
25.203750, 20.8094673156738, 25808589, 0, 0, "ca79a641 0000 cdce8901"
25.203800, 38.707218170166, 25808640, 1, TriggerDetected, "31d41a42 0100 00cf8901"
25.203850, 32.1299057006836, 25808691, 0, 0, "06850042 0000 33cf8901"
25.203900, 18.8621616363525, 25808742, 0, 0, "b5e59641 0000 66cf8901"
25.203950, 34.7729530334473, 25808793, 1, TriggerDetected, "81170b42 0100 99cf8901"
25.204000, 36.8468437194824, 25808845, 0, 0, "2b631342 0000 cdcf8901"
25.204050, 19.4738903045654, 25808896, 0, 0, "87ca9b41 0000 00d08901"
25.204100, 29.6182556152344, 25808947, 0, 0, "30f2ec41 0000 33d08901"
25.204150, 39.8565788269043, 25808998, 1, TriggerDetected, "236d1f42 0100 66d08901"
25.204200, 22.5082931518555, 25809049, 0, 0, "fc10b441 0000 99d08901"
25.204250, 24.4736366271973, 25809101, 0, 0, "02cac341 0000 cdd08901"
25.204300, 40.4324989318848, 25809152, 1, TriggerDetected, "e1ba2142 0100 00d18901"
25.204350, 27.2456398010254, 25809203, 0, 0, "12f7d941 0000 33d18901"
25.204400, 20.562047958374, 25809254, 0, 0, "137fa441 0000 66d18901"
25.204450, 38.4567680358887, 25809305, 1, TriggerDetected, "bbd31942 0100 99d18901"
25.204500, 32.5493927001953, 25809357, 0, 0, "94320242 0000 cdd18901"
25.204550, 18.8123073577881, 25809408, 0, 0, "9b7f9641 0000 00d28901"
25.204600, 34.3798217773438, 25809459, 1, TriggerDetected, "f0840942 0100 33d28901"
25.204650, 37.1673393249512, 25809510, 0, 0, "5bab1442 0000 66d28901"
25.204700, 19.6364459991455, 25809561, 0, 0, "71179d41 0000 99d28901"
25.204750, 29.1785106658936, 25809613, 0, 0, "976de941 0000 cdd28901"
25.204800, 39.9939346313477, 25809664, 1, TriggerDetected, "caf91f42 0100 00d38901"
25.204850, 22.8470592498779, 25809715, 0, 0, "c7c6b641 0000 33d38901"
25.204900, 24.0947666168213, 25809766, 0, 0, "15c2c041 0000 66d38901"
25.204950, 40.3684883117676, 25809817, 1, TriggerDetected, "55792142 0100 99d38901"
25.205000, 27.6721954345703, 25809869, 0, 0, "a860dd41 0000 cdd38901"
25.205050, 20.3189449310303, 25809920, 0, 0, "338da241 0000 00d48901"
25.205100, 38.1842155456543, 25809971, 1, TriggerDetected, "a3bc1842 0100 33d48901"
25.205150, 32.9723434448242, 25810022, 0, 0, "aee30342 0000 66d48901"
25.205200, 18.7784042358398, 25810073, 0, 0, "2c3a9641 0000 99d48901"
25.205250, 33.9791679382324, 25810125, 1, TriggerDetected, "abea0742 0100 cdd48901"
25.205300, 37.4786796569824, 25810176, 0, 0, "2bea1542 0000 00d58901"
25.205350, 19.8178520202637, 25810227, 0, 0, "f68a9e41 0000 33d58901"
25.205400, 28.7427768707275, 25810278, 0, 0, "35f1e541 0000 66d58901"
25.205450, 40.1320991516113, 25810329, 1, TriggerDetected, "45872042 0100 99d58901"
25.205500, 23.1960029602051, 25810381, 0, 0, "6a91b941 0000 cdd58901"
25.205550, 23.7188472747803, 25810432, 0, 0, "33c0bd41 0000 00d68901"
25.205600, 40.2795143127441, 25810483, 1, TriggerDetected, "391e2142 0100 33d68901"
25.205650, 28.1109409332275, 25810534, 0, 0, "35e3e041 0000 66d68901"
25.205700, 20.1117897033691, 25810585, 0, 0, "f2e4a041 0000 99d68901"
25.205750, 37.9110832214355, 25810637, 1, TriggerDetected, "f3a41742 0100 cdd68901"
25.205800, 33.3877601623535, 25810688, 0, 0, "118d0542 0000 00d78901"
25.205850, 18.7641830444336, 25810739, 0, 0, "0c1d9641 0000 33d78901"
25.205900, 33.575553894043, 25810790, 1, TriggerDetected, "5e4d0642 0100 66d78901"
25.205950, 37.7843360900879, 25810841, 0, 0, "29231742 0000 99d78901"
25.206000, 20.0164337158203, 25810893, 0, 0, "a821a041 0000 cdd78901"
25.206050, 28.3036594390869, 25810944, 0, 0, "e56de241 0000 00d88901"
25.206100, 40.2367782592773, 25810995, 1, TriggerDetected, "76f22042 0100 33d88901"
25.206150, 23.5570278167725, 25811046, 0, 0, "cb74bc41 0000 66d88901"
25.206200, 23.3559589385986, 25811097, 0, 0, "01d9ba41 0000 99d88901"
25.206250, 40.1819190979004, 25811149, 1, TriggerDetected, "49ba2042 0100 cdd88901"
25.206300, 28.5443096160889, 25811200, 0, 0, "bf5ae441 0000 00d98901"
25.206350, 19.9074230194092, 25811251, 0, 0, "67429f41 0000 33d98901"
25.206400, 37.6168746948242, 25811302, 1, TriggerDetected, "ae771642 0100 66d98901"
25.206450, 33.8053550720215, 25811353, 0, 0, "af380742 0000 99d98901"
25.206500, 18.7763576507568, 25811405, 0, 0, "fb359641 0000 cdd98901"
25.206550, 33.1612319946289, 25811456, 1, TriggerDetected, "1aa50442 0100 00da8901"
25.206600, 38.0692520141602, 25811507, 0, 0, "ea461842 0000 33da8901"
25.206650, 20.2298049926758, 25811558, 0, 0, "a4d6a141 0000 66da8901"
25.206700, 27.8677043914795, 25811609, 0, 0, "0ff1de41 0000 99da8901"
25.206750, 40.3380355834961, 25811661, 1, TriggerDetected, "265a2142 0100 cdda8901"
25.206800, 23.9294452667236, 25811712, 0, 0, "816fbf41 0000 00db8901"
25.206850, 23.0015563964844, 25811763, 0, 0, "3003b841 0000 33db8901"
25.206900, 40.0597534179688, 25811814, 1, TriggerDetected, "303d2042 0100 66db8901"
25.206950, 28.9853935241699, 25811865, 0, 0, "16e2e741 0000 99db8901"
25.207000, 19.7153224945068, 25811917, 0, 0, "fbb89d41 0000 cddb8901"
25.207050, 37.312255859375, 25811968, 1, TriggerDetected, "c03f1542 0100 00dc8901"
25.207100, 34.202766418457, 25812019, 0, 0, "a2cf0842 0000 33dc8901"
25.207150, 18.7990188598633, 25812070, 0, 0, "64649641 0000 66dc8901"
25.207200, 32.7390480041504, 25812121, 1, TriggerDetected, "c9f40242 0100 99dc8901"
25.207250, 38.3421173095703, 25812173, 0, 0, "545e1942 0000 cddc8901"
25.207300, 20.4544677734375, 25812224, 0, 0, "c0a2a341 0000 00dd8901"
25.207350, 27.4360313415527, 25812275, 0, 0, "fe7cdb41 0000 33dd8901"
25.207400, 40.4066848754883, 25812326, 1, TriggerDetected, "72a02142 0100 66dd8901"
25.207450, 24.3049488067627, 25812377, 0, 0, "8970c241 0000 99dd8901"
25.207500, 22.6568241119385, 25812429, 0, 0, "2d41b541 0000 cddd8901"
25.207550, 39.9272689819336, 25812480, 1, TriggerDetected, "86b51f42 0100 00de8901"
25.207600, 29.4271774291992, 25812531, 0, 0, "dc6aeb41 0000 33de8901"
25.207650, 19.5439357757568, 25812582, 0, 0, "fb599c41 0000 66de8901"
25.207700, 36.9902076721191, 25812633, 1, TriggerDetected, "f9f51342 0100 99de8901"
25.207750, 34.5994606018066, 25812685, 0, 0, "d9650a42 0000 cdde8901"
25.207800, 18.8361358642578, 25812736, 0, 0, "68b09641 0000 00df8901"
25.207850, 32.3175506591797, 25812787, 1, TriggerDetected, "2c450142 0100 33df8901"
25.207900, 38.5959777832031, 25812838, 0, 0, "48621a42 0000 66df8901"
25.207950, 20.6982822418213, 25812889, 0, 0, "1596a541 0000 99df8901"
25.208000, 27.0077362060547, 25812941, 0, 0, "d80fd841 0000 cddf8901"
25.208050, 40.4688377380371, 25812992, 1, TriggerDetected, "17e02142 0100 00e08901"
25.208100, 24.6943397521973, 25813043, 0, 0, "028ec541 0000 33e08901"
25.208150, 22.3265209197998, 25813094, 0, 0, "b79cb241 0000 66e08901"
25.208200, 39.7709197998047, 25813145, 1, TriggerDetected, "6c151f42 0100 99e08901"
25.208250, 29.8656692504883, 25813197, 0, 0, "e4ecee41 0000 cde08901"
25.208300, 19.3893337249756, 25813248, 0, 0, "5b1d9b41 0000 00e18901"
25.208350, 36.6624145507813, 25813299, 1, TriggerDetected, "50a61242 0100 33e18901"
25.208400, 34.9880485534668, 25813350, 0, 0, "c3f30b42 0000 66e18901"
25.208450, 18.893518447876, 25813401, 0, 0, "ed259741 0000 99e18901"
25.208500, 31.88818359375, 25813453, 1, TriggerDetected, "001bff41 0100 cde18901"
25.208550, 38.8413696289063, 25813504, 0, 0, "905d1b42 0000 00e28901"
25.208600, 20.9569034576416, 25813555, 0, 0, "bda7a741 0000 33e28901"
25.208650, 26.5824737548828, 25813606, 0, 0, "e8a8d441 0000 66e28901"
25.208700, 40.5102005004883, 25813657, 1, TriggerDetected, "720a2242 0100 99e28901"
25.208750, 25.0846271514893, 25813709, 0, 0, "51adc841 0000 cde28901"
25.208800, 22.004035949707, 25813760, 0, 0, "4408b041 0000 00e38901"
25.208850, 39.5916061401367, 25813811, 1, TriggerDetected, "ce5d1e42 0100 33e38901"
25.208900, 30.3032455444336, 25813862, 0, 0, "0c6df241 0000 66e38901"
25.208950, 19.2464656829834, 25813913, 0, 0, "c3f89941 0000 99e38901"
25.209000, 36.3144645690918, 25813965, 1, TriggerDetected, "03421142 0100 cde38901"
25.209050, 35.3632774353027, 25814016, 0, 0, "ff730d42 0000 00e48901"
25.209100, 18.9701080322266, 25814067, 0, 0, "c8c29741 0000 33e48901"
25.209150, 31.4513721466064, 25814118, 1, TriggerDetected, "699cfb41 0100 66e48901"
25.209200, 39.0665550231934, 25814169, 0, 0, "27441c42 0000 99e48901"
25.209250, 21.2245254516602, 25814221, 0, 0, "d4cba941 0000 cde48901"
25.209300, 26.1603355407715, 25814272, 0, 0, "5e48d141 0000 00e58901"
25.209350, 40.5285797119141, 25814323, 1, TriggerDetected, "441d2242 0100 33e58901"
25.209400, 25.4871730804443, 25814374, 0, 0, "bbe5cb41 0000 66e58901"
25.209450, 21.6965847015381, 25814425, 0, 0, "9b92ad41 0000 99e58901"
25.209500, 39.4088096618652, 25814477, 1, TriggerDetected, "9fa21d42 0100 cde58901"
25.209550, 30.7374744415283, 25814528, 0, 0, "59e6f541 0000 00e68901"
25.209600, 19.1275043487549, 25814579, 0, 0, "21059941 0000 33e68901"
25.209650, 35.9601974487305, 25814630, 1, TriggerDetected, "3ed70f42 0100 66e68901"
25.209700, 35.7356071472168, 25814681, 0, 0, "43f10e42 0000 99e68901"
25.209750, 19.0603580474854, 25814733, 0, 0, "9d7b9841 0000 cde68901"
25.209800, 31.0174446105957, 25814784, 1, TriggerDetected, "ba23f841 0100 00e78901"
25.209850, 39.2768516540527, 25814835, 0, 0, "7f1b1d42 0000 33e78901"
25.209900, 21.5071868896484, 25814886, 0, 0, "b80eac41 0000 66e78901"
25.209950, 25.7483768463135, 25814937, 0, 0, "adfccd41 0000 99e78901"
25.210000, 40.5406532287598, 25814989, 1, TriggerDetected, "a1292242 0100 cde78901"
25.210050, 25.8989162445068, 25815040, 0, 0, "fb30cf41 0000 00e88901"
25.210100, 21.4016094207764, 25815091, 0, 0, "7f36ab41 0000 33e88901"
25.210150, 39.2011299133301, 25815142, 1, TriggerDetected, "f5cd1c42 0100 66e88901"
25.210200, 31.1752376556396, 25815193, 0, 0, "e366f941 0000 99e88901"
25.210250, 19.0215625762939, 25815245, 0, 0, "292c9841 0000 cde88901"
25.210300, 35.5983505249023, 25815296, 1, TriggerDetected, "b6640e42 0100 00e98901"
25.210350, 36.0879592895508, 25815347, 0, 0, "125a1042 0000 33e98901"
25.210400, 19.1696491241455, 25815398, 0, 0, "715b9941 0000 66e98901"
25.210450, 30.5775260925293, 25815449, 1, TriggerDetected, "c69ef441 0100 99e98901"
25.210500, 39.4776611328125, 25815501, 0, 0, "20e91d42 0000 cde98901"
25.210550, 21.8091487884521, 25815552, 0, 0, "2379ae41 0000 00ea8901"
25.210600, 25.3375587463379, 25815603, 0, 0, "52b3ca41 0000 33ea8901"
25.210650, 40.5218849182129, 25815654, 1, TriggerDetected, "69162242 0100 66ea8901"
25.210700, 26.3158016204834, 25815705, 0, 0, "c386d241 0000 99ea8901"
25.210750, 21.1225814819336, 25815757, 0, 0, "0cfba841 0000 cdea8901"
25.210800, 38.9868202209473, 25815808, 1, TriggerDetected, "81f21b42 0100 00eb8901"
25.210850, 31.6140480041504, 25815859, 0, 0, "92e9fc41 0000 33eb8901"
25.210900, 18.9413394927979, 25815910, 0, 0, "dd879741 0000 66eb8901"
25.210950, 35.2219009399414, 25815961, 1, TriggerDetected, "3ae30c42 0100 99eb8901"
25.211000, 36.4400253295898, 25816013, 0, 0, "96c21142 0000 cdeb8901"
25.211050, 19.2991409301758, 25816064, 0, 0, "a4649a41 0000 00ec8901"
25.211100, 30.1418209075928, 25816115, 1, TriggerDetected, "7322f141 0100 33ec8901"
25.211150, 39.6563911437988, 25816166, 0, 0, "25a01e42 0000 66ec8901"
25.211200, 22.1197814941406, 25816217, 0, 0, "50f5b041 0000 99ec8901"
25.211250, 24.9378356933594, 25816269, 0, 0, "b080c741 0000 cdec8901"
25.211300, 40.4955978393555, 25816320, 1, TriggerDetected, "7efb2142 0100 00ed8901"
25.211350, 26.7336902618408, 25816371, 0, 0, "99ded541 0000 33ed8901"
25.211400, 20.8564319610596, 25816422, 0, 0, "f9d9a641 0000 66ed8901"
25.211450, 38.7495956420898, 25816473, 1, TriggerDetected, "96ff1a42 0100 99ed8901"
25.211500, 32.0413017272949, 25816525, 0, 0, "4b2a0042 0000 cded8901"
25.211550, 18.8644199371338, 25816576, 0, 0, "55ea9641 0000 00ee8901"
25.211600, 34.8431053161621, 25816627, 1, TriggerDetected, "575f0b42 0100 33ee8901"
25.211650, 36.7765274047852, 25816678, 0, 0, "2a1b1342 0000 66ee8901"
25.211700, 19.4355316162109, 25816729, 0, 0, "f87b9b41 0000 99ee8901"
25.211750, 29.7010478973389, 25816781, 0, 0, "bf9bed41 0000 cdee8901"
25.211800, 39.8231887817383, 25816832, 1, TriggerDetected, "f24a1f42 0100 00ef8901"
25.211850, 22.4405345916748, 25816883, 0, 0, "3786b341 0000 33ef8901"
25.211900, 24.5401382446289, 25816934, 0, 0, "3452c441 0000 66ef8901"
25.211950, 40.4419364929199, 25816985, 1, TriggerDetected, "8bc42142 0100 99ef8901"
25.212000, 27.1549549102783, 25817037, 0, 0, "593dd941 0000 cdef8901"
25.212050, 20.6014938354492, 25817088, 0, 0, "dccfa441 0000 00f08901"
25.212100, 38.5015983581543, 25817139, 1, TriggerDetected, "a3011a42 0100 33f08901"
25.212150, 32.4664878845215, 25817190, 0, 0, "afdd0142 0000 66f08901"
25.212200, 18.8184299468994, 25817241, 0, 0, "258c9641 0000 99f08901"
25.212250, 34.4507827758789, 25817293, 1, TriggerDetected, "9acd0942 0100 cdf08901"
25.212300, 37.1056709289551, 25817344, 0, 0, "356c1442 0000 00f18901"
25.212350, 19.6046543121338, 25817395, 0, 0, "55d69c41 0000 33f18901"
25.212400, 29.2594814300537, 25817446, 0, 0, "6b13ea41 0000 66f18901"
25.212450, 39.9674530029297, 25817497, 1, TriggerDetected, "acde1f42 0100 99f18901"
25.212500, 22.7722702026367, 25817549, 0, 0, "9c2db641 0000 cdf18901"
25.212550, 24.1573028564453, 25817600, 0, 0, "2842c141 0000 00f28901"
25.212600, 40.3768615722656, 25817651, 1, TriggerDetected, "e8812142 0100 33f28901"
25.212650, 27.5890712738037, 25817702, 0, 0, "6bb6dc41 0000 66f28901"
25.212700, 20.3661060333252, 25817753, 0, 0, "c9eda241 0000 99f28901"
25.212750, 38.2355117797852, 25817805, 1, TriggerDetected, "2af11842 0100 cdf28901"
25.212800, 32.8875999450684, 25817856, 0, 0, "e78c0342 0000 00f38901"
25.212850, 18.7809009552002, 25817907, 0, 0, "493f9641 0000 33f38901"
25.212900, 34.0501747131348, 25817958, 1, TriggerDetected, "61330842 0100 66f38901"
25.212950, 37.418643951416, 25818009, 0, 0, "b1ac1542 0000 99f38901"
25.213000, 19.776050567627, 25818061, 0, 0, "5a359e41 0000 cdf38901"
25.213050, 28.8176155090332, 25818112, 0, 0, "7a8ae641 0000 00f48901"
25.213100, 40.0989875793457, 25818163, 1, TriggerDetected, "5d652042 0100 33f48901"
25.213150, 23.1269931793213, 25818214, 0, 0, "1504b941 0000 66f48901"
25.213200, 23.7883644104004, 25818265, 0, 0, "924ebe41 0000 99f48901"
25.213250, 40.3002738952637, 25818317, 1, TriggerDetected, "7b332142 0100 cdf48901"
25.213300, 28.0216884613037, 25818368, 0, 0, "6b2ce041 0000 00f58901"
25.213350, 20.1474018096924, 25818419, 0, 0, "e12da141 0000 33f58901"
25.213400, 37.9617385864258, 25818470, 1, TriggerDetected, "d2d81742 0100 66f58901"
25.213450, 33.3117866516113, 25818521, 0, 0, "453f0542 0000 99f58901"
25.213500, 18.7693405151367, 25818573, 0, 0, "9c279641 0000 cdf58901"
25.213550, 33.6498107910156, 25818624, 1, TriggerDetected, "68990642 0100 00f68901"
25.213600, 37.7253303527832, 25818675, 0, 0, "bde61642 0000 33f68901"
25.213650, 19.9758739471436, 25818726, 0, 0, "97ce9f41 0000 66f68901"
25.213700, 28.3859252929688, 25818777, 0, 0, "6016e341 0000 99f68901"
25.213750, 40.2192039489746, 25818829, 1, TriggerDetected, "77e02042 0100 cdf68901"
25.213800, 23.4843921661377, 25818880, 0, 0, "09e0bb41 0000 00f78901"
25.213850, 23.4231986999512, 25818931, 0, 0, "b662bb41 0000 33f78901"
25.213900, 40.1972274780273, 25818982, 1, TriggerDetected, "f6c92042 0100 66f78901"
25.213950, 28.4610385894775, 25819033, 0, 0, "35b0e341 0000 99f78901"
25.214000, 19.9416522979736, 25819085, 0, 0, "81889f41 0000 cdf78901"
25.214050, 37.6707496643066, 25819136, 1, TriggerDetected, "d9ae1642 0100 00f88901"
25.214100, 33.7188453674316, 25819187, 0, 0, "19e00642 0000 33f88901"
25.214150, 18.7687873840332, 25819238, 0, 0, "7a269641 0000 66f88901"
25.214200, 33.2325820922852, 25819289, 1, TriggerDetected, "2aee0442 0100 99f88901"
25.214250, 38.0114479064941, 25819341, 0, 0, "b90b1842 0000 cdf88901"
25.214300, 20.1858673095703, 25819392, 0, 0, "a87ca141 0000 00f98901"
25.214350, 27.9529590606689, 25819443, 0, 0, "a99fdf41 0000 33f98901"
25.214400, 40.3107986450195, 25819494, 1, TriggerDetected, "423e2142 0100 66f98901"
25.214450, 23.8509654998779, 25819545, 0, 0, "c7cebe41 0000 99f98901"
25.214500, 23.0603160858154, 25819597, 0, 0, "877bb841 0000 cdf98901"
25.214550, 40.0802383422852, 25819648, 1, TriggerDetected, "2a522042 0100 00fa8901"
25.214600, 28.8948707580566, 25819699, 0, 0, "b228e741 0000 33fa8901"
25.214650, 19.7468414306641, 25819750, 0, 0, "88f99d41 0000 66fa8901"
25.214700, 37.3661956787109, 25819801, 1, TriggerDetected, "fc761542 0100 99fa8901"
25.214750, 34.129711151123, 25819853, 0, 0, "d3840842 0000 cdfa8901"
25.214800, 18.7932758331299, 25819904, 0, 0, "a1589641 0000 00fb8901"
25.214850, 32.8200759887695, 25819955, 1, TriggerDetected, "c2470342 0100 33fb8901"
25.214900, 38.2843894958496, 25820006, 0, 0, "37231942 0000 66fb8901"
25.214950, 20.4116802215576, 25820057, 0, 0, "1f4ba341 0000 99fb8901"
25.215000, 27.5150985717773, 25820109, 0, 0, "ec1edc41 0000 cdfb8901"
25.215050, 40.3962516784668, 25820160, 1, TriggerDetected, "c3952142 0100 00fc8901"
25.215100, 24.2299022674561, 25820211, 0, 0, "d7d6c141 0000 33fc8901"
25.215150, 22.7193717956543, 25820262, 0, 0, "46c1b541 0000 66fc8901"
25.215200, 39.9444274902344, 25820313, 1, TriggerDetected, "18c71f42 0100 99fc8901"
25.215250, 29.334342956543, 25820365, 0, 0, "bcacea41 0000 cdfc8901"
25.215300, 19.5746822357178, 25820416, 0, 0, "f3989c41 0000 00fd8901"
25.215350, 37.055591583252, 25820467, 1, TriggerDetected, "ed381442 0100 33fd8901"
25.215400, 34.5205383300781, 25820518, 0, 0, "08150a42 0000 66fd8901"
25.215450, 18.8240756988525, 25820569, 0, 0, "b5979641 0000 99fd8901"
25.215500, 32.3908042907715, 25820621, 1, TriggerDetected, "2f900142 0100 cdfd8901"
25.215550, 38.5451850891113, 25820672, 0, 0, "452e1a42 0000 00fe8901"
25.215600, 20.6499156951904, 25820723, 0, 0, "0733a541 0000 33fe8901"
25.215650, 27.0884780883789, 25820774, 0, 0, "34b5d841 0000 66fe8901"
25.215700, 40.4537544250488, 25820825, 1, TriggerDetected, "a5d02142 0100 99fe8901"
25.215750, 24.6129169464111, 25820877, 0, 0, "41e7c441 0000 cdfe8901"
25.215800, 22.3852882385254, 25820928, 0, 0, "1215b341 0000 00ff8901"
25.215850, 39.7947845458984, 25820979, 1, TriggerDetected, "dc2d1f42 0100 33ff8901"
25.215900, 29.7766208648682, 25821030, 0, 0, "8536ee41 0000 66ff8901"
25.215950, 19.4152374267578, 25821081, 0, 0, "68529b41 0000 99ff8901"
25.216000, 36.7218360900879, 25821133, 1, TriggerDetected, "29e31242 0100 cdff8901"
25.216050, 34.9060668945313, 25821184, 0, 0, "d09f0b42 0000 00008a01"
25.216100, 18.8732357025146, 25821235, 0, 0, "63fc9641 0000 33008a01"
25.216150, 31.9673976898193, 25821286, 1, TriggerDetected, "3bbdff41 0100 66008a01"
25.216200, 38.7928924560547, 25821337, 0, 0, "ec2b1b42 0000 99008a01"
25.216250, 20.9052619934082, 25821389, 0, 0, "fa3da741 0000 cd008a01"
25.216300, 26.6624774932861, 25821440, 0, 0, "c14cd541 0000 00018a01"
25.216350, 40.4992370605469, 25821491, 1, TriggerDetected, "38ff2142 0100 33018a01"
25.216400, 25.0064296722412, 25821542, 0, 0, "2b0dc841 0000 66018a01"
25.216450, 22.0653018951416, 25821593, 0, 0, "bd85b041 0000 99018a01"
25.216500, 39.6268997192383, 25821645, 1, TriggerDetected, "f2811e42 0100 cd018a01"
25.216550, 30.2146472930908, 25821696, 0, 0, "99b7f141 0000 00028a01"
25.216600, 19.2757587432861, 25821747, 0, 0, "c1349a41 0000 33028a01"
25.216650, 36.3845977783203, 25821798, 1, TriggerDetected, "d4891142 0100 66028a01"
25.216700, 35.2897338867188, 25821849, 0, 0, "b0280d42 0000 99028a01"
25.216750, 18.9517402648926, 25821901, 0, 0, "2a9d9741 0000 cd028a01"
25.216800, 31.5360927581787, 25821952, 1, TriggerDetected, "eb49fc41 0100 00038a01"
25.216850, 39.0265312194824, 25822003, 0, 0, "2b1b1c42 0000 33038a01"
25.216900, 21.1762638092041, 25822054, 0, 0, "fd68a941 0000 66038a01"
25.216950, 26.2423839569092, 25822105, 0, 0, "67f0d141 0000 99038a01"
25.217000, 40.5319328308105, 25822157, 1, TriggerDetected, "b3202242 0100 cd038a01"
25.217050, 25.4103546142578, 25822208, 0, 0, "6848cb41 0000 00048a01"
25.217100, 21.7539138793945, 25822259, 0, 0, "0408ae41 0000 33048a01"
25.217150, 39.4480438232422, 25822310, 1, TriggerDetected, "ccca1d42 0100 66048a01"
25.217200, 30.6579303741455, 25822361, 0, 0, "7143f541 0000 99048a01"
25.217250, 19.1491546630859, 25822413, 0, 0, "78319941 0000 cd048a01"
25.217300, 36.0352401733398, 25822464, 1, TriggerDetected, "16241042 0100 00058a01"
25.217350, 35.665958404541, 25822515, 0, 0, "f1a90e42 0000 33058a01"
25.217400, 19.046703338623, 25822566, 0, 0, "a65f9841 0000 66058a01"
25.217450, 31.1044883728027, 25822617, 1, TriggerDetected, "fed5f841 0100 99058a01"
25.217500, 39.2425880432129, 25822669, 0, 0, "69f81c42 0000 cd058a01"
25.217550, 21.4557685852051, 25822720, 0, 0, "6aa5ab41 0000 00068a01"
25.217600, 25.8257579803467, 25822771, 0, 0, "279bce41 0000 33068a01"
25.217650, 40.537841796875, 25822822, 1, TriggerDetected, "c0262242 0100 66068a01"
25.217700, 25.8183631896973, 25822873, 0, 0, "028cce41 0000 99068a01"
25.217750, 21.4582347869873, 25822925, 0, 0, "77aaab41 0000 cd068a01"
25.217800, 39.2464904785156, 25822976, 1, TriggerDetected, "68fc1c42 0100 00078a01"
25.217850, 31.0920581817627, 25823027, 0, 0, "89bcf841 0000 33078a01"
25.217900, 19.0479850769043, 25823078, 0, 0, "46629841 0000 66078a01"
25.217950, 35.6746788024902, 25823129, 1, TriggerDetected, "dfb20e42 0100 99078a01"
25.218000, 36.0282592773438, 25823181, 0, 0, "f01c1042 0000 cd078a01"
25.218050, 19.1516933441162, 25823232, 0, 0, "ab369941 0000 00088a01"
25.218100, 30.6690883636475, 25823283, 1, TriggerDetected, "4b5af541 0100 33088a01"
25.218150, 39.4418144226074, 25823334, 0, 0, "6bc41d42 0000 66088a01"
25.218200, 21.752649307251, 25823385, 0, 0, "6d05ae41 0000 99088a01"
25.218250, 25.4209842681885, 25823437, 0, 0, "2d5ecb41 0000 cd088a01"
25.218300, 40.5344047546387, 25823488, 1, TriggerDetected, "3b232242 0100 00098a01"
25.218350, 26.2360763549805, 25823539, 0, 0, "7ce3d141 0000 33098a01"
25.218400, 21.1798248291016, 25823590, 0, 0, "4870a941 0000 66098a01"
25.218450, 39.032169342041, 25823641, 1, TriggerDetected, "f1201c42 0100 99098a01"
25.218500, 31.5326251983643, 25823693, 0, 0, "d142fc41 0000 cd098a01"
25.218550, 18.9580211639404, 25823744, 0, 0, "07aa9741 0000 000a8a01"
25.218600, 35.3043746948242, 25823795, 1, TriggerDetected, "ae370d42 0100 330a8a01"
25.218650, 36.3788414001465, 25823846, 0, 0, "ef831142 0000 660a8a01"
25.218700, 19.2768058776855, 25823897, 0, 0, "e6369a41 0000 990a8a01"
25.218750, 30.2290573120117, 25823949, 1, TriggerDetected, "1cd5f141 0100 cd0a8a01"
25.218800, 39.6270179748535, 25824000, 0, 0, "11821e42 0000 000b8a01"
25.218850, 22.0591735839844, 25824051, 0, 0, "3079b041 0000 330b8a01"
25.218900, 25.0153026580811, 25824102, 0, 0, "571fc841 0000 660b8a01"
25.218950, 40.4999732971191, 25824153, 1, TriggerDetected, "f9ff2142 0100 990b8a01"
25.219000, 26.6534461975098, 25824205, 0, 0, "423ad541 0000 cd0b8a01"
25.219050, 20.9077777862549, 25824256, 0, 0, "2143a741 0000 000c8a01"
25.219100, 38.8017997741699, 25824307, 1, TriggerDetected, "0b351b42 0100 330c8a01"
25.219150, 31.9581413269043, 25824358, 0, 0, "46aaff41 0000 660c8a01"
25.219200, 18.8774433135986, 25824409, 0, 0, "01059741 0000 990c8a01"
25.219250, 34.916561126709, 25824461, 1, TriggerDetected, "8faa0b42 0100 cd0c8a01"
25.219300, 36.7179260253906, 25824512, 0, 0, "28df1242 0000 000d8a01"
25.219350, 19.4116554260254, 25824563, 0, 0, "124b9b41 0000 330d8a01"
25.219400, 29.7866497039795, 25824614, 0, 0, "0f4bee41 0000 660d8a01"
25.219450, 39.7886657714844, 25824665, 1, TriggerDetected, "98271f42 0100 990d8a01"
25.219500, 22.3794193267822, 25824717, 0, 0, "0d09b341 0000 cd0d8a01"
25.219550, 24.6172313690186, 25824768, 0, 0, "17f0c441 0000 000e8a01"
25.219600, 40.4611396789551, 25824819, 1, TriggerDetected, "35d82142 0100 330e8a01"
25.219650, 27.0793590545654, 25824870, 0, 0, "87a2d841 0000 660e8a01"
25.219700, 20.6493682861328, 25824921, 0, 0, "e831a541 0000 990e8a01"
25.219750, 38.5513763427734, 25824973, 1, TriggerDetected, "9c341a42 0100 cd0e8a01"
25.219800, 32.3909149169922, 25825024, 0, 0, "4c900142 0000 000f8a01"
25.219850, 18.8285655975342, 25825075, 0, 0, "e7a09641 0000 330f8a01"
25.219900, 34.5328598022461, 25825126, 1, TriggerDetected, "a6210a42 0100 660f8a01"
25.219950, 37.0443878173828, 25825177, 0, 0, "742d1442 0000 990f8a01"
25.220000, 19.5725936889648, 25825229, 0, 0, "ac949c41 0000 cd0f8a01"
25.220050, 29.3482894897461, 25825280, 0, 0, "4cc9ea41 0000 00108a01"
25.220100, 39.9483528137207, 25825331, 1, TriggerDetected, "1dcb1f42 0100 33108a01"
25.220150, 22.7170543670654, 25825382, 0, 0, "87bcb541 0000 66108a01"
25.220200, 24.2374172210693, 25825433, 0, 0, "3be6c141 0000 99108a01"
25.220250, 40.3932762145996, 25825485, 1, TriggerDetected, "b7922142 0100 cd108a01"
25.220300, 27.5053024291992, 25825536, 0, 0, "dc0adc41 0000 00118a01"
25.220350, 20.4123649597168, 25825587, 0, 0, "864ca341 0000 33118a01"
25.220400, 38.2934341430664, 25825638, 1, TriggerDetected, "7a2c1942 0100 66118a01"
25.220450, 32.8103179931641, 25825689, 0, 0, "c43d0342 0000 99118a01"
25.220500, 18.7888946533203, 25825741, 0, 0, "a84f9641 0000 cd118a01"
25.220550, 34.1298027038574, 25825792, 1, TriggerDetected, "eb840842 0100 00128a01"
25.220600, 37.358814239502, 25825843, 0, 0, "6d6f1542 0000 33128a01"
25.220650, 19.7502365112305, 25825894, 0, 0, "7c009e41 0000 66128a01"
25.220700, 28.9097309112549, 25825945, 0, 0, "2147e741 0000 99128a01"
25.220750, 40.0774917602539, 25825997, 1, TriggerDetected, "5a4f2042 0100 cd128a01"
25.220800, 23.055477142334, 25826048, 0, 0, "9e71b841 0000 00138a01"
25.220850, 23.8590068817139, 25826099, 0, 0, "3fdfbe41 0000 33138a01"
25.220900, 40.3192253112793, 25826150, 1, TriggerDetected, "e3462142 0100 66138a01"
25.220950, 27.9405612945557, 25826201, 0, 0, "4586df41 0000 99138a01"
25.221000, 20.1817932128906, 25826253, 0, 0, "5074a141 0000 cd138a01"
25.221050, 38.0176277160645, 25826304, 1, TriggerDetected, "0d121842 0100 00148a01"
25.221100, 33.2281532287598, 25826355, 0, 0, "a1e90442 0000 33148a01"
25.221150, 18.7715129852295, 25826406, 0, 0, "0f2c9641 0000 66148a01"
25.221200, 33.7295303344727, 25826457, 1, TriggerDetected, "0aeb0642 0100 99148a01"
25.221250, 37.6666526794434, 25826509, 0, 0, "a7aa1642 0000 cd148a01"
25.221300, 19.9368705749512, 25826560, 0, 0, "b67e9f41 0000 00158a01"
25.221350, 28.4724979400635, 25826611, 0, 0, "adc7e341 0000 33158a01"
25.221400, 40.1988296508789, 25826662, 1, TriggerDetected, "9acb2042 0100 66158a01"
25.221450, 23.4163150787354, 25826713, 0, 0, "9d54bb41 0000 99158a01"
25.221500, 23.4929809570313, 25826765, 0, 0, "a0f1bb41 0000 cd158a01"
25.221550, 40.222526550293, 25826816, 1, TriggerDetected, "dee32042 0100 00168a01"
25.221600, 28.37965965271, 25826867, 0, 0, "8b09e341 0000 33168a01"
25.221650, 19.9844741821289, 25826918, 0, 0, "34e09f41 0000 66168a01"
25.221700, 37.7340850830078, 25826969, 1, TriggerDetected, "b4ef1642 0100 99168a01"
25.221750, 33.6413764953613, 25827021, 0, 0, "c5900642 0000 cd168a01"
25.221800, 18.7701091766357, 25827072, 0, 0, "2f299641 0000 00178a01"
25.221850, 33.3181381225586, 25827123, 1, TriggerDetected, "c6450542 0100 33178a01"
25.221900, 37.9569549560547, 25827174, 0, 0, "ecd31742 0000 66178a01"
25.221950, 20.1434898376465, 25827225, 0, 0, "de25a141 0000 99178a01"
25.222000, 28.0360908508301, 25827277, 0, 0, "ea49e041 0000 cd178a01"
25.222050, 40.2979164123535, 25827328, 1, TriggerDetected, "11312142 0100 00188a01"
25.222100, 23.7810325622559, 25827379, 0, 0, "8e3fbe41 0000 33188a01"
25.222150, 23.137809753418, 25827430, 0, 0, "3c1ab941 0000 66188a01"
25.222200, 40.1096687316895, 25827481, 1, TriggerDetected, "4d702042 0100 99188a01"
25.222250, 28.8166046142578, 25827533, 0, 0, "6888e641 0000 cd188a01"
25.222300, 19.785041809082, 25827584, 0, 0, "c4479e41 0000 00198a01"
25.222350, 37.4275360107422, 25827635, 1, TriggerDetected, "ccb51542 0100 33198a01"
25.222400, 34.0460815429688, 25827686, 0, 0, "302f0842 0000 66198a01"
25.222450, 18.7877349853516, 25827737, 0, 0, "484d9641 0000 99198a01"
25.222500, 32.9026069641113, 25827789, 1, TriggerDetected, "459c0342 0100 cd198a01"
25.222550, 38.236442565918, 25827840, 0, 0, "1ef21842 0000 001a8a01"
25.222600, 20.3669910430908, 25827891, 0, 0, "99efa241 0000 331a8a01"
25.222650, 27.5992126464844, 25827942, 0, 0, "30cbdc41 0000 661a8a01"
25.222700, 40.3787803649902, 25827993, 1, TriggerDetected, "df832142 0100 991a8a01"
25.222750, 24.1589202880859, 25828045, 0, 0, "7845c141 0000 cd1a8a01"
25.222800, 22.7873287200928, 25828096, 0, 0, "734cb641 0000 001b8a01"
25.222850, 39.977424621582, 25828147, 1, TriggerDetected, "e2e81f42 0100 331b8a01"
25.222900, 29.254186630249, 25828198, 0, 0, "9308ea41 0000 661b8a01"
25.222950, 19.6086044311523, 25828249, 0, 0, "6cde9c41 0000 991b8a01"
25.223000, 37.1121597290039, 25828301, 1, TriggerDetected, "da721442 0100 cd1b8a01"
25.223050, 34.4468116760254, 25828352, 0, 0, "89c90942 0000 001c8a01"
25.223100, 18.814281463623, 25828403, 0, 0, "a6839641 0000 331c8a01"
25.223150, 32.4770851135254, 25828454, 1, TriggerDetected, "89e80142 0100 661c8a01"
25.223200, 38.4939498901367, 25828505, 0, 0, "cef91942 0000 991c8a01"
25.223250, 20.602596282959, 25828557, 0, 0, "1ed2a441 0000 cd1c8a01"
25.223300, 27.1716079711914, 25828608, 0, 0, "745fd941 0000 001d8a01"
25.223350, 40.4488906860352, 25828659, 1, TriggerDetected, "aacb2142 0100 331d8a01"
25.223400, 24.539867401123, 25828710, 0, 0, "a651c441 0000 661d8a01"
25.223450, 22.4513626098633, 25828761, 0, 0, "649cb341 0000 991d8a01"
25.223500, 39.8299522399902, 25828813, 1, TriggerDetected, "df511f42 0100 cd1d8a01"
25.223550, 29.6955718994141, 25828864, 0, 0, "8890ed41 0000 001e8a01"
25.223600, 19.4450187683105, 25828915, 0, 0, "668f9b41 0000 331e8a01"
25.223650, 36.7939109802246, 25828966, 1, TriggerDetected, "f72c1342 0100 661e8a01"
25.223700, 34.8324356079102, 25829017, 0, 0, "6a540b42 0000 991e8a01"
25.223750, 18.867956161499, 25829069, 0, 0, "93f19641 0000 cd1e8a01"
25.223800, 32.0507431030273, 25829120, 1, TriggerDetected, "f6330042 0100 001f8a01"
25.223850, 38.746208190918, 25829171, 0, 0, "1efc1a42 0000 331f8a01"
25.223900, 20.8520622253418, 25829222, 0, 0, "06d1a641 0000 661f8a01"
25.223950, 26.7445831298828, 25829273, 0, 0, "e8f4d541 0000 991f8a01"
25.224000, 40.492504119873, 25829325, 1, TriggerDetected, "53f82142 0100 cd1f8a01"
25.224050, 24.928295135498, 25829376, 0, 0, "266dc741 0000 00208a01"
25.224100, 22.1238079071045, 25829427, 0, 0, "8ffdb041 0000 33208a01"
25.224150, 39.6638679504395, 25829478, 1, TriggerDetected, "cda71e42 0100 66208a01"
25.224200, 30.135669708252, 25829529, 0, 0, "da15f141 0000 99208a01"
25.224250, 19.2999782562256, 25829581, 0, 0, "5b669a41 0000 cd208a01"
25.224300, 36.4475555419922, 25829632, 1, TriggerDetected, "4cca1142 0100 00218a01"
25.224350, 35.2168045043945, 25829683, 0, 0, "02de0c42 0000 33218a01"
25.224400, 18.9346199035645, 25829734, 0, 0, "1a7a9741 0000 66218a01"
25.224450, 31.6191997528076, 25829785, 1, TriggerDetected, "1ff4fc41 0100 99218a01"
25.224500, 38.9837188720703, 25829837, 0, 0, "54ef1b42 0000 cd218a01"
25.224550, 21.1191501617432, 25829888, 0, 0, "05f4a841 0000 00228a01"
25.224600, 26.321813583374, 25829939, 0, 0, "1393d241 0000 33228a01"
25.224650, 40.5247650146484, 25829990, 1, TriggerDetected, "5c192242 0100 66228a01"
25.224700, 25.3310470581055, 25830041, 0, 0, "fca5ca41 0000 99228a01"
25.224750, 21.8156719207764, 25830093, 0, 0, "7f86ae41 0000 cd228a01"
25.224800, 39.480842590332, 25830144, 1, TriggerDetected, "62ec1d42 0100 00238a01"
25.224850, 30.5723323822021, 25830195, 0, 0, "2394f441 0000 33238a01"
25.224900, 19.1732578277588, 25830246, 0, 0, "d5629941 0000 66238a01"
25.224950, 36.1013984680176, 25830297, 1, TriggerDetected, "d5671042 0100 99238a01"
25.225000, 35.5907821655273, 25830349, 0, 0, "f65c0e42 0000 cd238a01"
25.225050, 19.0236320495605, 25830400, 0, 0, "66309841 0000 00248a01"
25.225100, 31.1871547698975, 25830451, 1, TriggerDetected, "4b7ff941 0100 33248a01"
25.225150, 39.1977767944336, 25830502, 0, 0, "86ca1c42 0000 66248a01"
25.225200, 21.3949108123779, 25830553, 0, 0, "c728ab41 0000 99248a01"
25.225250, 25.9043159484863, 25830605, 0, 0, "0a3ccf41 0000 cd248a01"
25.225300, 40.5353775024414, 25830656, 1, TriggerDetected, "3a242242 0100 00258a01"
25.225350, 25.7401351928711, 25830707, 0, 0, "ccebcd41 0000 33258a01"
25.225400, 21.5162029266357, 25830758, 0, 0, "2f21ac41 0000 66258a01"
25.225450, 39.2890815734863, 25830809, 1, TriggerDetected, "05281d42 0100 99258a01"
25.225500, 31.0134830474854, 25830861, 0, 0, "9d1bf841 0000 cd258a01"
25.225550, 19.0654449462891, 25830912, 0, 0, "08869841 0000 00268a01"
25.225600, 35.7431259155273, 25830963, 1, TriggerDetected, "f6f80e42 0100 33268a01"
25.225650, 35.9560203552246, 25831014, 0, 0, "f7d20f42 0000 66268a01"
25.225700, 19.1302661895752, 25831065, 0, 0, "c90a9941 0000 99268a01"
25.225750, 30.7522087097168, 25831117, 1, TriggerDetected, "8604f641 0100 cd268a01"
25.225800, 39.4021682739258, 25831168, 0, 0, "d29b1d42 0000 00278a01"
25.225850, 21.6914253234863, 25831219, 0, 0, "0a88ad41 0000 33278a01"
25.225900, 25.4966297149658, 25831270, 0, 0, "19f9cb41 0000 66278a01"
25.225950, 40.5308990478516, 25831321, 1, TriggerDetected, "a41f2242 0100 99278a01"
25.226000, 26.157808303833, 25831373, 0, 0, "3143d141 0000 cd278a01"
25.226050, 21.2326030731201, 25831424, 0, 0, "5fdca941 0000 00288a01"
25.226100, 39.0786895751953, 25831475, 1, TriggerDetected, "94501c42 0100 33288a01"
25.226150, 31.4461364746094, 25831526, 0, 0, "b091fb41 0000 66288a01"
25.226200, 18.9721775054932, 25831577, 0, 0, "05c79741 0000 99288a01"
25.226250, 35.3744430541992, 25831629, 1, TriggerDetected, "6e7f0d42 0100 cd288a01"
25.226300, 36.3109664916992, 25831680, 0, 0, "6e3e1142 0000 00298a01"
25.226350, 19.2460746765137, 25831731, 0, 0, "f6f79941 0000 33298a01"
25.226400, 30.3127841949463, 25831782, 1, TriggerDetected, "9580f241 0100 66298a01"
25.226450, 39.5888366699219, 25831833, 0, 0, "f85a1e42 0000 99298a01"
25.226500, 22.000904083252, 25831885, 0, 0, "da01b041 0000 cd298a01"
25.226550, 25.0933895111084, 25831936, 0, 0, "43bfc841 0000 002a8a01"
25.226600, 40.5095672607422, 25831987, 1, TriggerDetected, "cc092242 0100 332a8a01"
25.226650, 26.5676555633545, 25832038, 0, 0, "8f8ad441 0000 662a8a01"
25.226700, 20.9583415985107, 25832089, 0, 0, "afaaa741 0000 992a8a01"
25.226750, 38.8464813232422, 25832141, 1, TriggerDetected, "cc621b42 0100 cd2a8a01"
25.226800, 31.8799991607666, 25832192, 0, 0, "3d0aff41 0000 002b8a01"
25.226850, 18.8992786407471, 25832243, 0, 0, "b9319741 0000 332b8a01"
25.226900, 34.9964866638184, 25832294, 1, TriggerDetected, "67fc0b42 0100 662b8a01"
25.226950, 36.6503639221191, 25832345, 0, 0, "f9991242 0000 992b8a01"
25.227000, 19.3853187561035, 25832397, 0, 0, "22159b41 0000 cd2b8a01"
25.227050, 29.8750038146973, 25832448, 0, 0, "0200ef41 0000 002c8a01"
25.227100, 39.7642402648926, 25832499, 1, TriggerDetected, "950e1f42 0100 332c8a01"
25.227150, 22.3186302185059, 25832550, 0, 0, "8e8cb241 0000 662c8a01"
25.227200, 24.698558807373, 25832601, 0, 0, "a696c541 0000 992c8a01"
25.227250, 40.464599609375, 25832653, 1, TriggerDetected, "c0db2142 0100 cd2c8a01"
25.227300, 26.9951515197754, 25832704, 0, 0, "12f6d741 0000 002d8a01"
25.227350, 20.7004489898682, 25832755, 0, 0, "859aa541 0000 332d8a01"
25.227400, 38.6018829345703, 25832806, 1, TriggerDetected, "54681a42 0100 662d8a01"
25.227450, 32.3047676086426, 25832857, 0, 0, "15380142 0000 992d8a01"
25.227500, 18.8326950073242, 25832909, 0, 0, "5ca99641 0000 cd2d8a01"
25.227550, 34.6050910949707, 25832960, 1, TriggerDetected, "9d6b0a42 0100 002e8a01"
25.227600, 36.9823989868164, 25833011, 0, 0, "faed1342 0000 332e8a01"
25.227650, 19.5407962799072, 25833062, 0, 0, "8d539c41 0000 662e8a01"
25.227700, 29.4376564025879, 25833113, 0, 0, "5280eb41 0000 992e8a01"
25.227750, 39.9151840209961, 25833165, 1, TriggerDetected, "26a91f42 0100 cd2e8a01"
25.227800, 22.650318145752, 25833216, 0, 0, "da33b541 0000 002f8a01"
25.227850, 24.3091812133789, 25833267, 0, 0, "3479c241 0000 332f8a01"
25.227900, 40.4130439758301, 25833318, 1, TriggerDetected, "f5a62142 0100 662f8a01"
25.227950, 27.4255638122559, 25833369, 0, 0, "8e67db41 0000 992f8a01"
25.228000, 20.458158493042, 25833421, 0, 0, "4faaa341 0000 cd2f8a01"
25.228050, 38.339714050293, 25833472, 1, TriggerDetected, "de5b1942 0100 00308a01"
25.228100, 32.7319793701172, 25833523, 0, 0, "8ced0242 0000 33308a01"
25.228150, 18.7940902709961, 25833574, 0, 0, "4c5a9641 0000 66308a01"
25.228200, 34.2152709960938, 25833625, 1, TriggerDetected, "70dc0842 0100 99308a01"
25.228250, 37.3010749816895, 25833677, 0, 0, "4d341542 0000 cd308a01"
25.228300, 19.7148876190186, 25833728, 0, 0, "17b89d41 0000 00318a01"
25.228350, 28.9945907592773, 25833779, 0, 0, "ecf4e741 0000 33318a01"
25.228400, 40.0583038330078, 25833830, 1, TriggerDetected, "b43b2042 0100 66318a01"
25.228450, 22.9950141906738, 25833881, 0, 0, "caf5b741 0000 99318a01"
25.228500, 23.9360046386719, 25833933, 0, 0, "f07cbf41 0000 cd318a01"
25.228550, 40.335391998291, 25833984, 1, TriggerDetected, "71572142 0100 00328a01"
25.228600, 27.8582057952881, 25834035, 0, 0, "9bddde41 0000 33328a01"
25.228650, 20.2315330505371, 25834086, 0, 0, "2edaa141 0000 66328a01"
25.228700, 38.0726623535156, 25834137, 1, TriggerDetected, "684a1842 0100 99328a01"
25.228750, 33.1436080932617, 25834189, 0, 0, "0e930442 0000 cd328a01"
25.228800, 18.7647953033447, 25834240, 0, 0, "4d1e9641 0000 00338a01"
25.228850, 33.8069267272949, 25834291, 1, TriggerDetected, "4b3a0742 0100 33338a01"
25.228900, 37.6099853515625, 25834342, 0, 0, "a0701642 0000 66338a01"
25.228950, 19.901668548584, 25834393, 0, 0, "9e369f41 0000 99338a01"
25.229000, 28.5567321777344, 25834445, 0, 0, "3074e441 0000 cd338a01"
25.229050, 40.1738395690918, 25834496, 1, TriggerDetected, "03b22042 0100 00348a01"
25.229100, 23.3430843353271, 25834547, 0, 0, "a3beba41 0000 33348a01"
25.229150, 23.5608062744141, 25834598, 0, 0, "887cbc41 0000 66348a01"
25.229200, 40.2390899658203, 25834649, 1, TriggerDetected, "d4f42042 0100 99348a01"
25.229250, 28.29075050354, 25834701, 0, 0, "7553e241 0000 cd348a01"
25.229300, 20.0171089172363, 25834752, 0, 0, "0a23a041 0000 00358a01"
25.229350, 37.7857933044434, 25834803, 1, TriggerDetected, "a7241742 0100 33358a01"
25.229400, 33.5606117248535, 25834854, 0, 0, "113e0642 0000 66358a01"
25.229450, 18.7639942169189, 25834905, 0, 0, "a91c9641 0000 99358a01"
25.229500, 33.3986587524414, 25834957, 1, TriggerDetected, "3a980542 0100 cd358a01"
25.229550, 37.9016532897949, 25835008, 0, 0, "4b9b1742 0000 00368a01"
25.229600, 20.1063613891602, 25835059, 0, 0, "d4d9a041 0000 33368a01"
25.229650, 28.12087059021, 25835110, 0, 0, "8bf7e041 0000 66368a01"
25.229700, 40.2789421081543, 25835161, 1, TriggerDetected, "a31d2142 0100 99368a01"
25.229750, 23.7076721191406, 25835213, 0, 0, "50a9bd41 0000 cd368a01"
25.229800, 23.2031002044678, 25835264, 0, 0, "f39fb941 0000 00378a01"
25.229850, 40.1278076171875, 25835315, 1, TriggerDetected, "e0822042 0100 33378a01"
25.229900, 28.7260093688965, 25835366, 0, 0, "decee541 0000 66378a01"
25.229950, 19.8215942382813, 25835417, 0, 0, "a0929e41 0000 99378a01"
25.230000, 37.4878807067871, 25835469, 1, TriggerDetected, "97f31542 0100 cd378a01"
25.230050, 33.9718894958496, 25835520, 0, 0, "37e30742 0000 00388a01"
25.230100, 18.7807865142822, 25835571, 0, 0, "0d3f9641 0000 33388a01"
25.230150, 32.9808044433594, 25835622, 1, TriggerDetected, "58ec0342 0100 66388a01"
25.230200, 38.175422668457, 25835673, 0, 0, "a2b31842 0000 99388a01"
25.230250, 20.3201942443848, 25835725, 0, 0, "c28fa241 0000 cd388a01"
25.230300, 27.6839447021484, 25835776, 0, 0, "b878dd41 0000 00398a01"
25.230350, 40.3656692504883, 25835827, 1, TriggerDetected, "72762142 0100 33398a01"
25.230400, 24.0842761993408, 25835878, 0, 0, "99acc041 0000 66398a01"
25.230450, 22.8563766479492, 25835929, 0, 0, "dcd9b641 0000 99398a01"
25.230500, 40.0035629272461, 25835981, 1, TriggerDetected, "a6032042 0100 cd398a01"
25.230550, 29.1716442108154, 25836032, 0, 0, "875fe941 0000 003a8a01"
25.230600, 19.6425113677979, 25836083, 0, 0, "dd239d41 0000 333a8a01"
25.230650, 37.1774368286133, 25836134, 1, TriggerDetected, "b2b51442 0100 663a8a01"
25.230700, 34.3693542480469, 25836185, 0, 0, "387a0942 0000 993a8a01"
25.230750, 18.8109111785889, 25836237, 0, 0, "bf7c9641 0000 cd3a8a01"
25.230800, 32.5576820373535, 25836288, 1, TriggerDetected, "113b0242 0100 003b8a01"
25.230850, 38.4480056762695, 25836339, 0, 0, "c2ca1942 0000 333b8a01"
25.230900, 20.5547275543213, 25836390, 0, 0, "1570a441 0000 663b8a01"
25.230950, 27.2521095275879, 25836441, 0, 0, "5204da41 0000 993b8a01"
25.231000, 40.4308815002441, 25836493, 1, TriggerDetected, "39b92142 0100 cd3b8a01"
25.231050, 24.4644832611084, 25836544, 0, 0, "43b7c341 0000 003c8a01"
25.231100, 22.5178146362305, 25836595, 0, 0, "7c24b441 0000 333c8a01"
25.231150, 39.8616676330566, 25836646, 1, TriggerDetected, "59721f42 0100 663c8a01"
25.231200, 29.6049346923828, 25836697, 0, 0, "e8d6ec41 0000 993c8a01"
25.231250, 19.4750881195068, 25836749, 0, 0, "fbcc9b41 0000 cd3c8a01"
25.231300, 36.8509101867676, 25836800, 1, TriggerDetected, "55671342 0100 003d8a01"
25.231350, 34.7592010498047, 25836851, 0, 0, "6c090b42 0000 333d8a01"
25.231400, 18.8548965454102, 25836902, 0, 0, "d4d69641 0000 663d8a01"
25.231450, 32.136417388916, 25836953, 1, TriggerDetected, "b18b0042 0100 993d8a01"
25.231500, 38.6996078491211, 25837005, 0, 0, "66cc1a42 0000 cd3d8a01"
25.231550, 20.8000354766846, 25837056, 0, 0, "7966a641 0000 003e8a01"
25.231600, 26.823694229126, 25837107, 0, 0, "ed96d641 0000 333e8a01"
25.231650, 40.4855690002441, 25837158, 1, TriggerDetected, "39f12142 0100 663e8a01"
25.231700, 24.8513565063477, 25837209, 0, 0, "94cfc641 0000 993e8a01"
25.231750, 22.1860370635986, 25837261, 0, 0, "017db141 0000 cd3e8a01"
25.231800, 39.6959571838379, 25837312, 1, TriggerDetected, "a9c81e42 0100 003f8a01"
25.231850, 30.049711227417, 25837363, 0, 0, "cf65f041 0000 333f8a01"
25.231900, 19.3288669586182, 25837414, 0, 0, "85a19a41 0000 663f8a01"
25.231950, 36.5187644958496, 25837465, 1, TriggerDetected, "37131242 0100 993f8a01"
25.232000, 35.1415519714355, 25837517, 0, 0, "f3900c42 0000 cd3f8a01"
25.232050, 18.9226207733154, 25837568, 0, 0, "87619741 0000 00408a01"
25.232100, 31.7041130065918, 25837619, 1, TriggerDetected, "06a2fd41 0100 33408a01"
25.232150, 38.9366912841797, 25837670, 0, 0, "2cbf1b42 0000 66408a01"
25.232200, 21.0674495697021, 25837721, 0, 0, "238aa841 0000 99408a01"
25.232250, 26.4011287689209, 25837773, 0, 0, "8335d341 0000 cd408a01"
25.232300, 40.5154876708984, 25837824, 1, TriggerDetected, "dc0f2242 0100 00418a01"
25.232350, 25.2530555725098, 25837875, 0, 0, "4206ca41 0000 33418a01"
25.232400, 21.8745651245117, 25837926, 0, 0, "1cffae41 0000 66418a01"
25.232450, 39.5201416015625, 25837977, 1, TriggerDetected, "a0141e42 0100 99418a01"
25.232500, 30.4839954376221, 25838029, 0, 0, "39dff341 0000 cd418a01"
25.232550, 19.1925964355469, 25838080, 0, 0, "708a9941 0000 00428a01"
25.232600, 36.1673622131348, 25838131, 1, TriggerDetected, "61ab1042 0100 33428a01"
25.232650, 35.5199584960938, 25838182, 0, 0, "70140e42 0000 66428a01"
25.232700, 19.0044078826904, 25838233, 0, 0, "07099841 0000 99428a01"
25.232750, 31.2734107971191, 25838285, 1, TriggerDetected, "f22ffa41 0100 cd428a01"
25.232800, 39.1600189208984, 25838336, 0, 0, "dca31c42 0000 00438a01"
25.232850, 21.3418922424316, 25838387, 0, 0, "32bcaa41 0000 33438a01"
25.232900, 25.9907760620117, 25838438, 0, 0, "1cedcf41 0000 66438a01"
25.232950, 40.5378608703613, 25838489, 1, TriggerDetected, "c5262242 0100 99438a01"
25.233000, 25.6614170074463, 25838541, 0, 0, "954acd41 0000 cd438a01"
25.233050, 21.5743064880371, 25838592, 0, 0, "2e98ac41 0000 00448a01"
25.233100, 39.3235549926758, 25838643, 1, TriggerDetected, "524b1d42 0100 33448a01"
25.233150, 30.9221782684326, 25838694, 0, 0, "9f60f741 0000 66448a01"
25.233200, 19.0825443267822, 25838745, 0, 0, "0da99841 0000 99448a01"
25.233250, 35.8138465881348, 25838797, 1, TriggerDetected, "61410f42 0100 cd448a01"
25.233300, 35.882453918457, 25838848, 0, 0, "a2870f42 0000 00458a01"
25.233350, 19.1020812988281, 25838899, 0, 0, "10d19841 0000 33458a01"
25.233400, 30.8358459472656, 25838950, 1, TriggerDetected, "d0aff641 0100 66458a01"
25.233450, 39.3652954101563, 25839001, 0, 0, "10761d42 0000 99458a01"
25.233500, 21.6346035003662, 25839053, 0, 0, "ab13ad41 0000 cd458a01"
25.233550, 25.5759868621826, 25839104, 0, 0, "9f9bcc41 0000 00468a01"
25.233600, 40.5319290161133, 25839155, 1, TriggerDetected, "b2202242 0100 33468a01"
25.233650, 26.0715274810791, 25839206, 0, 0, "7d92d041 0000 66468a01"
25.233700, 21.2873268127441, 25839257, 0, 0, "724caa41 0000 99468a01"
25.233750, 39.1173706054688, 25839309, 1, TriggerDetected, "30781c42 0100 cd468a01"
25.233800, 31.360466003418, 25839360, 0, 0, "3ce2fa41 0000 00478a01"
25.233850, 18.9889945983887, 25839411, 0, 0, "76e99741 0000 33478a01"
25.233900, 35.4457092285156, 25839462, 1, TriggerDetected, "68c80d42 0100 66478a01"
25.233950, 36.2418518066406, 25839513, 0, 0, "a8f71042 0000 99478a01"
25.234000, 19.222728729248, 25839565, 0, 0, "26c89941 0000 cd478a01"
25.234050, 30.3986377716064, 25839616, 1, TriggerDetected, "6930f341 0100 00488a01"
25.234100, 39.5540885925293, 25839667, 0, 0, "63371e42 0000 33488a01"
25.234150, 21.9382858276367, 25839718, 0, 0, "9c81af41 0000 66488a01"
25.234200, 25.1756362915039, 25839769, 0, 0, "b467c941 0000 99488a01"
25.234250, 40.5186729431152, 25839821, 1, TriggerDetected, "1f132242 0100 cd488a01"
25.234300, 26.4922046661377, 25839872, 0, 0, "09f0d341 0000 00498a01"
25.234350, 21.0133647918701, 25839923, 0, 0, "5f1ba841 0000 33498a01"
25.234400, 38.8917808532715, 25839974, 1, TriggerDetected, "2f911b42 0100 66498a01"
25.234450, 31.7915649414063, 25840025, 0, 0, "2055fe41 0000 99498a01"
25.234500, 18.9062366485596, 25840077, 0, 0, "f93f9741 0000 cd498a01"
25.234550, 35.0649032592773, 25840128, 1, TriggerDetected, "76420c42 0100 004a8a01"
25.234600, 36.5896034240723, 25840179, 0, 0, "c15b1242 0000 334a8a01"
25.234650, 19.3582763671875, 25840230, 0, 0, "c0dd9a41 0000 664a8a01"
25.234700, 29.9535064697266, 25840281, 0, 0, "c8a0ef41 0000 994a8a01"
25.234750, 39.7281723022461, 25840333, 1, TriggerDetected, "a6e91e42 0100 cd4a8a01"
25.234800, 22.2590198516846, 25840384, 0, 0, "7912b241 0000 004b8a01"
25.234850, 24.7738475799561, 25840435, 0, 0, "d730c641 0000 334b8a01"
25.234900, 40.4778671264648, 25840486, 1, TriggerDetected, "56e92142 0100 664b8a01"
25.234950, 26.911003112793, 25840537, 0, 0, "bc49d741 0000 994b8a01"
25.235000, 20.7501392364502, 25840589, 0, 0, "4900a641 0000 cd4b8a01"
25.235050, 38.648811340332, 25840640, 1, TriggerDetected, "62981a42 0100 004c8a01"
25.235100, 32.2260093688965, 25840691, 0, 0, "6fe70042 0000 334c8a01"
25.235150, 18.8455085754395, 25840742, 0, 0, "9ac39641 0000 664c8a01"
25.235200, 34.6797180175781, 25840793, 1, TriggerDetected, "08b80a42 0100 994c8a01"
25.235250, 36.9188346862793, 25840845, 0, 0, "e3ac1342 0000 cd4c8a01"
25.235300, 19.5069942474365, 25840896, 0, 0, "530e9c41 0000 004d8a01"
25.235350, 29.5199699401855, 25840947, 0, 0, "e628ec41 0000 334d8a01"
25.235400, 39.8925819396973, 25840998, 1, TriggerDetected, "01921f42 0100 664d8a01"
25.235450, 22.5890655517578, 25841049, 0, 0, "68b6b441 0000 994d8a01"
25.235500, 24.3887233734131, 25841101, 0, 0, "1b1cc341 0000 cd4d8a01"
25.235550, 40.4197196960449, 25841152, 1, TriggerDetected, "cbad2142 0100 004e8a01"
25.235600, 27.3434276580811, 25841203, 0, 0, "57bfda41 0000 334e8a01"
25.235650, 20.509256362915, 25841254, 0, 0, "f512a441 0000 664e8a01"
25.235700, 38.3984184265137, 25841305, 1, TriggerDetected, "fb971942 0100 994e8a01"
25.235750, 32.646614074707, 25841357, 0, 0, "22960242 0000 cd4e8a01"
25.235800, 18.8023529052734, 25841408, 0, 0, "386b9641 0000 004f8a01"
25.235850, 34.2907791137695, 25841459, 1, TriggerDetected, "c2290942 0100 334f8a01"
25.235900, 37.2452392578125, 25841510, 0, 0, "20fb1442 0000 664f8a01"
25.235950, 19.6810512542725, 25841561, 0, 0, "cb729d41 0000 994f8a01"
25.236000, 29.0840835571289, 25841613, 0, 0, "34ace841 0000 cd4f8a01"
25.236050, 40.0264205932617, 25841664, 1, TriggerDetected, "0e1b2042 0100 00508a01"
25.236100, 22.9268035888672, 25841715, 0, 0, "186ab741 0000 33508a01"
25.236150, 24.0057697296143, 25841766, 0, 0, "d10bc041 0000 66508a01"
25.236200, 40.3527679443359, 25841817, 1, TriggerDetected, "3c692142 0100 99508a01"
25.236250, 27.7752475738525, 25841869, 0, 0, "b533de41 0000 cd508a01"
25.236300, 20.2731227874756, 25841920, 0, 0, "5b2fa241 0000 00518a01"
25.236350, 38.1254768371582, 25841971, 1, TriggerDetected, "7d801842 0100 33518a01"
25.236400, 33.0709800720215, 25842022, 0, 0, "af480442 0000 66518a01"
25.236450, 18.7757625579834, 25842073, 0, 0, "c3349641 0000 99518a01"
25.236500, 33.8903427124023, 25842125, 1, TriggerDetected, "b68f0742 0100 cd518a01"
25.236550, 37.5528945922852, 25842176, 0, 0, "2a361642 0000 00528a01"
25.236600, 19.8673324584961, 25842227, 0, 0, "4cf09e41 0000 33528a01"
25.236650, 28.6439323425293, 25842278, 0, 0, "c626e541 0000 66528a01"
25.236700, 40.1622123718262, 25842329, 1, TriggerDetected, "1ba62042 0100 99528a01"
25.236750, 23.279712677002, 25842381, 0, 0, "da3cba41 0000 cd528a01"
25.236800, 23.6354465484619, 25842432, 0, 0, "6515bd41 0000 00538a01"
25.236850, 40.2585144042969, 25842483, 1, TriggerDetected, "b8082142 0100 33538a01"
25.236900, 28.2097015380859, 25842534, 0, 0, "78ade141 0000 66538a01"
25.236950, 20.0575790405273, 25842585, 0, 0, "ec75a041 0000 99538a01"
25.237000, 37.8431549072266, 25842637, 1, TriggerDetected, "645f1742 0100 cd538a01"
25.237050, 33.4827308654785, 25842688, 0, 0, "51ee0542 0000 00548a01"
25.237100, 18.765926361084, 25842739, 0, 0, "9e209641 0000 33548a01"
25.237150, 33.478630065918, 25842790, 1, TriggerDetected, "1eea0542 0100 66548a01"
25.237200, 37.8476753234863, 25842841, 0, 0, "05641742 0000 99548a01"
25.237250, 20.0649948120117, 25842893, 0, 0, "1c85a041 0000 cd548a01"
25.237300, 28.2066383361816, 25842944, 0, 0, "32a7e141 0000 00558a01"
25.237350, 40.2625885009766, 25842995, 1, TriggerDetected, "e40c2142 0100 33558a01"
25.237400, 23.6382446289063, 25843046, 0, 0, "201bbd41 0000 66558a01"
25.237450, 23.2717609405518, 25843097, 0, 0, "912cba41 0000 99558a01"
25.237500, 40.1555938720703, 25843149, 1, TriggerDetected, "549f2042 0100 cd558a01"
25.237550, 28.6468925476074, 25843200, 0, 0, "d62ce541 0000 00568a01"
25.237600, 19.8622207641602, 25843251, 0, 0, "d4e59e41 0000 33568a01"
25.237650, 37.5514640808105, 25843302, 1, TriggerDetected, "b3341642 0100 66568a01"
25.237700, 33.8925704956055, 25843353, 0, 0, "fe910742 0000 99568a01"
25.237750, 18.7766151428223, 25843405, 0, 0, "82369641 0000 cd568a01"
25.237800, 33.0640411376953, 25843456, 1, TriggerDetected, "94410442 0100 00578a01"
25.237850, 38.1289100646973, 25843507, 0, 0, "01841842 0000 33578a01"
25.237900, 20.2835712432861, 25843558, 0, 0, "c144a241 0000 66578a01"
25.237950, 27.7684116363525, 25843609, 0, 0, "b525de41 0000 99578a01"
25.238000, 40.3495635986328, 25843661, 1, TriggerDetected, "f4652142 0100 cd578a01"
25.238050, 24.0087299346924, 25843712, 0, 0, "e111c041 0000 00588a01"
25.238100, 22.9234199523926, 25843763, 0, 0, "2a63b741 0000 33588a01"
25.238150, 40.0283241271973, 25843814, 1, TriggerDetected, "011d2042 0100 66588a01"
25.238200, 29.0861968994141, 25843865, 0, 0, "88b0e841 0000 99588a01"
25.238250, 19.6765003204346, 25843917, 0, 0, "79699d41 0000 cd588a01"
25.238300, 37.2358207702637, 25843968, 1, TriggerDetected, "7bf11442 0100 00598a01"
25.238350, 34.2926712036133, 25844019, 0, 0, "b22b0942 0000 33598a01"
25.238400, 18.8015098571777, 25844070, 0, 0, "7e699641 0000 66598a01"
25.238450, 32.6434860229492, 25844121, 1, TriggerDetected, "ee920242 0100 99598a01"
25.238500, 38.3989868164063, 25844173, 0, 0, "90981942 0000 cd598a01"
25.238550, 20.5150661468506, 25844224, 0, 0, "db1ea441 0000 005a8a01"
25.238600, 27.3409004211426, 25844275, 0, 0, "2abada41 0000 335a8a01"
25.238650, 40.4233894348145, 25844326, 1, TriggerDetected, "8db12142 0100 665a8a01"
25.238700, 24.3845462799072, 25844377, 0, 0, "8d13c341 0000 995a8a01"
25.238750, 22.5773048400879, 25844429, 0, 0, "529eb441 0000 cd5a8a01"
25.238800, 39.8847236633301, 25844480, 1, TriggerDetected, "f5891f42 0100 005b8a01"
25.238850, 29.5218105316162, 25844531, 0, 0, "ab2cec41 0000 335b8a01"
25.238900, 19.506628036499, 25844582, 0, 0, "930d9c41 0000 665b8a01"
25.238950, 36.9159355163574, 25844633, 1, TriggerDetected, "eba91342 0100 995b8a01"
25.239000, 34.6825103759766, 25844685, 0, 0, "e4ba0a42 0000 cd5b8a01"
25.239050, 18.8404693603516, 25844736, 0, 0, "48b99641 0000 005c8a01"
25.239100, 32.2154083251953, 25844787, 1, TriggerDetected, "94dc0042 0100 335c8a01"
25.239150, 38.6526756286621, 25844838, 0, 0, "579c1a42 0000 665c8a01"
25.239200, 20.7542209625244, 25844889, 0, 0, "a508a641 0000 995c8a01"
25.239250, 26.9153289794922, 25844941, 0, 0, "9852d741 0000 cd5c8a01"
25.239300, 40.4796676635742, 25844992, 1, TriggerDetected, "2eeb2142 0100 005d8a01"
25.239350, 24.7833499908447, 25845043, 0, 0, "4d44c641 0000 335d8a01"
25.239400, 22.254077911377, 25845094, 0, 0, "5a08b241 0000 665d8a01"
25.239450, 39.7327537536621, 25845145, 1, TriggerDetected, "57ee1e42 0100 995d8a01"
25.239500, 29.9633884429932, 25845197, 0, 0, "05b5ef41 0000 cd5d8a01"
25.239550, 19.3603172302246, 25845248, 0, 0, "eee19a41 0000 005e8a01"
25.239600, 36.5852813720703, 25845299, 1, TriggerDetected, "54571242 0100 335e8a01"
25.239650, 35.073844909668, 25845350, 0, 0, "9e4b0c42 0000 665e8a01"
25.239700, 18.9082527160645, 25845401, 0, 0, "1a449741 0000 995e8a01"
25.239750, 31.790584564209, 25845453, 1, TriggerDetected, "1e53fe41 0100 cd5e8a01"
25.239800, 38.8893699645996, 25845504, 0, 0, "b78e1b42 0000 005f8a01"
25.239850, 21.0093784332275, 25845555, 0, 0, "3513a841 0000 335f8a01"
25.239900, 26.4860591888428, 25845606, 0, 0, "73e3d341 0000 665f8a01"
25.239950, 40.5176429748535, 25845657, 1, TriggerDetected, "11122242 0100 995f8a01"
25.240000, 25.180154800415, 25845709, 0, 0, "f570c941 0000 cd5f8a01"
25.240050, 21.9409275054932, 25845760, 0, 0, "0587af41 0000 00608a01"
25.240100, 39.5550079345703, 25845811, 1, TriggerDetected, "54381e42 0100 33608a01"
25.240150, 30.4061470031738, 25845862, 0, 0, "ca3ff341 0000 66608a01"
25.240200, 19.2261638641357, 25845913, 0, 0, "2fcf9941 0000 99608a01"
25.240250, 36.2397880554199, 25845965, 1, TriggerDetected, "8bf51042 0100 cd608a01"
25.240300, 35.4477615356445, 25846016, 0, 0, "82ca0d42 0000 00618a01"
25.240350, 18.9874114990234, 25846067, 0, 0, "38e69741 0000 33618a01"
25.240400, 31.3525447845459, 25846118, 1, TriggerDetected, "03d2fa41 0100 66618a01"
25.240450, 39.1193008422852, 25846169, 0, 0, "2a7a1c42 0000 99618a01"
25.240500, 21.288631439209, 25846221, 0, 0, "1e4faa41 0000 cd618a01"
25.240550, 26.0670680999756, 25846272, 0, 0, "5b89d041 0000 00628a01"
25.240600, 40.5310974121094, 25846323, 1, TriggerDetected, "d81f2242 0100 33628a01"
25.240650, 25.5831890106201, 25846374, 0, 0, "5faacc41 0000 66628a01"
25.240700, 21.629222869873, 25846425, 0, 0, "a608ad41 0000 99628a01"
25.240750, 39.3582611083984, 25846477, 1, TriggerDetected, "dc6e1d42 0100 cd628a01"
25.240800, 30.8350200653076, 25846528, 0, 0, "1faef641 0000 00638a01"
25.240850, 19.0993251800537, 25846579, 0, 0, "6bcb9841 0000 33638a01"
25.240900, 35.8753509521484, 25846630, 1, TriggerDetected, "5c800f42 0100 66638a01"
25.240950, 35.8141479492188, 25846681, 0, 0, "b0410f42 0000 99638a01"
25.241000, 19.0825214385986, 25846733, 0, 0, "01a99841 0000 cd638a01"
25.241050, 30.9141902923584, 25846784, 1, TriggerDetected, "4350f741 0100 00648a01"
25.241100, 39.3236389160156, 25846835, 0, 0, "684b1d42 0000 33648a01"
25.241150, 21.5741024017334, 25846886, 0, 0, "c397ac41 0000 66648a01"
25.241200, 25.6502456665039, 25846937, 0, 0, "b433cd41 0000 99648a01"
25.241250, 40.5396308898926, 25846989, 1, TriggerDetected, "95282242 0100 cd648a01"
25.241300, 25.9934959411621, 25847040, 0, 0, "aef2cf41 0000 00658a01"
25.241350, 21.3388767242432, 25847091, 0, 0, "05b6aa41 0000 33658a01"
25.241400, 39.1531677246094, 25847142, 1, TriggerDetected, "d89c1c42 0100 66658a01"
25.241450, 31.2718925476074, 25847193, 0, 0, "d62cfa41 0000 99658a01"
25.241500, 19.0034217834473, 25847245, 0, 0, "02079841 0000 cd658a01"
25.241550, 35.5178146362305, 25847296, 1, TriggerDetected, "3e120e42 0100 00668a01"
25.241600, 36.1728744506836, 25847347, 0, 0, "06b11042 0000 33668a01"
25.241650, 19.1981887817383, 25847398, 0, 0, "e4959941 0000 66668a01"
25.241700, 30.4836502075195, 25847449, 1, TriggerDetected, "84def341 0100 99668a01"
25.241750, 39.5250129699707, 25847501, 0, 0, "9d191e42 0000 cd668a01"
25.241800, 21.8798027038574, 25847552, 0, 0, "d609af41 0000 00678a01"
25.241850, 25.2516040802002, 25847603, 0, 0, "4903ca41 0000 33678a01"
25.241900, 40.5209884643555, 25847654, 1, TriggerDetected, "7e152242 0100 66678a01"
25.241950, 26.4063701629639, 25847705, 0, 0, "3f40d341 0000 99678a01"
25.242000, 21.064661026001, 25847757, 0, 0, "6d84a841 0000 cd678a01"
25.242050, 38.9396591186523, 25847808, 1, TriggerDetected, "36c21b42 0100 00688a01"
25.242100, 31.7128829956055, 25847859, 0, 0, "fcb3fd41 0000 33688a01"
25.242150, 18.9205856323242, 25847910, 0, 0, "5c5d9741 0000 66688a01"
25.242200, 35.1439628601074, 25847961, 1, TriggerDetected, "6b930c42 0100 99688a01"
25.242250, 36.5238265991211, 25848013, 0, 0, "66181242 0000 cd688a01"
25.242300, 19.333080291748, 25848064, 0, 0, "26aa9a41 0000 00698a01"
25.242350, 30.0424041748047, 25848115, 1, TriggerDetected, "d856f041 0100 33698a01"
25.242400, 39.6982192993164, 25848166, 0, 0, "faca1e42 0000 66698a01"
25.242450, 22.1927719116211, 25848217, 0, 0, "cc8ab141 0000 99698a01"
25.242500, 24.8475589752197, 25848269, 0, 0, "cdc7c641 0000 cd698a01"
25.242550, 40.4862365722656, 25848320, 1, TriggerDetected, "e8f12142 0100 006a8a01"
25.242600, 26.8327751159668, 25848371, 0, 0, "86a9d641 0000 336a8a01"
25.242650, 20.8006916046143, 25848422, 0, 0, "d167a641 0000 666a8a01"
25.242700, 38.6978225708008, 25848473, 1, TriggerDetected, "92ca1a42 0100 996a8a01"
25.242750, 32.1379241943359, 25848525, 0, 0, "3c8d0042 0000 cd6a8a01"
25.242800, 18.855354309082, 25848576, 0, 0, "c4d79641 0000 006b8a01"
25.242850, 34.7563438415527, 25848627, 1, TriggerDetected, "7f060b42 0100 336b8a01"
25.242900, 36.8576812744141, 25848678, 0, 0, "446e1342 0000 666b8a01"
25.242950, 19.4832382202148, 25848729, 0, 0, "acdd9b41 0000 996b8a01"
25.243000, 29.6056232452393, 25848781, 0, 0, "51d8ec41 0000 cd6b8a01"
25.243050, 39.8601417541504, 25848832, 1, TriggerDetected, "c9701f42 0100 006c8a01"
25.243100, 22.5205173492432, 25848883, 0, 0, "052ab441 0000 336c8a01"
25.243150, 24.4618034362793, 25848934, 0, 0, "c6b1c341 0000 666c8a01"
25.243200, 40.4346885681152, 25848985, 1, TriggerDetected, "1fbd2142 0100 996c8a01"
25.243250, 27.2565822601318, 25849037, 0, 0, "7b0dda41 0000 cd6c8a01"
25.243300, 20.5564498901367, 25849088, 0, 0, "9c73a441 0000 006d8a01"
25.243350, 38.4455871582031, 25849139, 1, TriggerDetected, "48c81942 0100 336d8a01"
25.243400, 32.571590423584, 25849190, 0, 0, "4f490242 0000 666d8a01"
25.243450, 18.8142871856689, 25849241, 0, 0, "a9839641 0000 996d8a01"
25.243500, 34.3686408996582, 25849293, 1, TriggerDetected, "7d790942 0100 cd6d8a01"
25.243550, 37.1781616210938, 25849344, 0, 0, "70b61442 0000 006e8a01"
25.243600, 19.6462669372559, 25849395, 0, 0, "8e2b9d41 0000 336e8a01"
25.243650, 29.1658782958984, 25849446, 0, 0, "b853e941 0000 666e8a01"
25.243700, 40.0081596374512, 25849497, 1, TriggerDetected, "5b082042 0100 996e8a01"
25.243750, 22.8604221343994, 25849549, 0, 0, "25e2b641 0000 cd6e8a01"
25.243800, 24.0809364318848, 25849600, 0, 0, "c2a5c041 0000 006f8a01"
25.243850, 40.3629112243652, 25849651, 1, TriggerDetected, "9f732142 0100 336f8a01"
25.243900, 27.6893367767334, 25849702, 0, 0, "c383dd41 0000 666f8a01"
25.243950, 20.315896987915, 25849753, 0, 0, "f586a241 0000 996f8a01"
25.244000, 38.1786613464355, 25849805, 1, TriggerDetected, "f3b61842 0100 cd6f8a01"
25.244050, 32.9869422912598, 25849856, 0, 0, "a1f20342 0000 00708a01"
25.244100, 18.7787399291992, 25849907, 0, 0, "dc3a9641 0000 33708a01"
25.244150, 33.9690284729004, 25849958, 1, TriggerDetected, "49e00742 0100 66708a01"
25.244200, 37.4954299926758, 25850009, 0, 0, "52fb1542 0000 99708a01"
25.244250, 19.8220767974854, 25850061, 0, 0, "9d939e41 0000 cd708a01"
25.244300, 28.7274417877197, 25850112, 0, 0, "cdd1e541 0000 00718a01"
25.244350, 40.132453918457, 25850163, 1, TriggerDetected, "a2872042 0100 33718a01"
25.244400, 23.2133007049561, 25850214, 0, 0, "d7b4b941 0000 66718a01"
25.244450, 23.7090244293213, 25850265, 0, 0, "15acbd41 0000 99718a01"
25.244500, 40.2818641662598, 25850317, 1, TriggerDetected, "a1202142 0100 cd718a01"
25.244550, 28.1292724609375, 25850368, 0, 0, "c008e141 0000 00728a01"
25.244600, 20.1016483306885, 25850419, 0, 0, "2dd0a041 0000 33728a01"
25.244650, 37.8988342285156, 25850470, 1, TriggerDetected, "68981742 0100 66728a01"
25.244700, 33.4076499938965, 25850521, 0, 0, "6fa10542 0000 99728a01"
25.244750, 18.7662830352783, 25850573, 0, 0, "59219641 0000 cd728a01"
25.244800, 33.5613212585449, 25850624, 1, TriggerDetected, "cb3e0642 0100 00738a01"
25.244850, 37.7913475036621, 25850675, 0, 0, "572a1742 0000 33738a01"
25.244900, 20.0215740203857, 25850726, 0, 0, "2f2ca041 0000 66738a01"
25.244950, 28.2894439697266, 25850777, 0, 0, "c850e241 0000 99738a01"
25.245000, 40.2478446960449, 25850829, 1, TriggerDetected, "cbfd2042 0100 cd738a01"
25.245050, 23.5719833374023, 25850880, 0, 0, "6c93bc41 0000 00748a01"
25.245100, 23.3421802520752, 25850931, 0, 0, "c9bcba41 0000 33748a01"
25.245150, 40.1744232177734, 25850982, 1, TriggerDetected, "9cb22042 0100 66748a01"
25.245200, 28.5622749328613, 25851033, 0, 0, "8a7fe441 0000 99748a01"
25.245250, 19.8994407653809, 25851085, 0, 0, "0e329f41 0000 cd748a01"
25.245300, 37.609504699707, 25851136, 1, TriggerDetected, "22701642 0100 00758a01"
25.245350, 33.8137702941895, 25851187, 0, 0, "4d410742 0000 33758a01"
25.245400, 18.7714462280273, 25851238, 0, 0, "ec2b9641 0000 66758a01"
25.245450, 33.1438522338867, 25851289, 1, TriggerDetected, "4e930442 0100 99758a01"
25.245500, 38.0760612487793, 25851341, 0, 0, "e34d1842 0000 cd758a01"
25.245550, 20.2356739044189, 25851392, 0, 0, "a9e2a141 0000 00768a01"
25.245600, 27.8554363250732, 25851443, 0, 0, "efd7de41 0000 33768a01"
25.245650, 40.3345069885254, 25851494, 1, TriggerDetected, "89562142 0100 66768a01"
25.245700, 23.9380989074707, 25851545, 0, 0, "3a81bf41 0000 99768a01"
25.245750, 22.9939594268799, 25851597, 0, 0, "a1f3b741 0000 cd768a01"
25.245800, 40.0564002990723, 25851648, 1, TriggerDetected, "c1392042 0100 00778a01"
25.245850, 28.9983768463135, 25851699, 0, 0, "adfce741 0000 33778a01"
25.245900, 19.7095909118652, 25851750, 0, 0, "3ead9d41 0000 66778a01"
25.245950, 37.2995681762695, 25851801, 1, TriggerDetected, "c2321542 0100 99778a01"
25.246000, 34.217399597168, 25851853, 0, 0, "9ede0842 0000 cd778a01"
25.246050, 18.7979278564453, 25851904, 0, 0, "28629641 0000 00788a01"
25.246100, 32.7295227050781, 25851955, 1, TriggerDetected, "08eb0242 0100 33788a01"
25.246150, 38.3510475158691, 25852006, 0, 0, "79671942 0000 66788a01"
25.246200, 20.4668064117432, 25852057, 0, 0, "05bca341 0000 99788a01"
25.246250, 27.4221706390381, 25852109, 0, 0, "9b60db41 0000 cd788a01"
25.246300, 40.4147262573242, 25852160, 1, TriggerDetected, "aea82142 0100 00798a01"
25.246350, 24.3200206756592, 25852211, 0, 0, "678fc241 0000 33798a01"
25.246400, 22.6477241516113, 25852262, 0, 0, "8a2eb541 0000 66798a01"
25.246450, 39.9179573059082, 25852313, 1, TriggerDetected, "fdab1f42 0100 99798a01"
25.246500, 29.4412803649902, 25852365, 0, 0, "be87eb41 0000 cd798a01"
25.246550, 19.5439186096191, 25852416, 0, 0, "f2599c41 0000 007a8a01"
25.246600, 36.9882774353027, 25852467, 1, TriggerDetected, "fff31342 0100 337a8a01"
25.246650, 34.6158065795898, 25852518, 0, 0, "96760a42 0000 667a8a01"
25.246700, 18.8396511077881, 25852569, 0, 0, "9bb79641 0000 997a8a01"
25.246750, 32.2977027893066, 25852621, 1, TriggerDetected, "d9300142 0100 cd7a8a01"
25.246800, 38.6055221557617, 25852672, 0, 0, "0e6c1a42 0000 007b8a01"
25.246850, 20.7076778411865, 25852723, 0, 0, "53a9a541 0000 337b8a01"
25.246900, 26.997407913208, 25852774, 0, 0, "b1fad741 0000 667b8a01"
25.246950, 40.4725456237793, 25852825, 1, TriggerDetected, "e3e32142 0100 997b8a01"
25.247000, 24.7043952941895, 25852877, 0, 0, "9aa2c541 0000 cd7b8a01"
25.247050, 22.3167705535889, 25852928, 0, 0, "bf88b241 0000 007c8a01"
25.247100, 39.7628860473633, 25852979, 1, TriggerDetected, "320d1f42 0100 337c8a01"
25.247150, 29.8801612854004, 25853030, 0, 0, "920aef41 0000 667c8a01"
25.247200, 19.3846035003662, 25853081, 0, 0, "ab139b41 0000 997c8a01"
25.247250, 36.6500930786133, 25853133, 1, TriggerDetected, "b2991242 0100 cd7c8a01"
25.247300, 34.9984817504883, 25853184, 0, 0, "72fe0b42 0000 007d8a01"
25.247350, 18.8964576721191, 25853235, 0, 0, "f22b9741 0000 337d8a01"
25.247400, 31.871488571167, 25853286, 1, TriggerDetected, "cff8fe41 0100 667d8a01"
25.247450, 38.846607208252, 25853337, 0, 0, "ed621b42 0000 997d8a01"
25.247500, 20.9652576446533, 25853389, 0, 0, "d9b8a741 0000 cd7d8a01"
25.247550, 26.5720138549805, 25853440, 0, 0, "7c93d441 0000 007e8a01"
25.247600, 40.5095443725586, 25853491, 1, TriggerDetected, "c6092242 0100 337e8a01"
25.247650, 25.0999088287354, 25853542, 0, 0, "9dccc841 0000 667e8a01"
25.247700, 21.9956760406494, 25853593, 0, 0, "25f7af41 0000 997e8a01"
25.247750, 39.5918960571289, 25853645, 1, TriggerDetected, "1a5e1e42 0100 cd7e8a01"
25.247800, 30.3207950592041, 25853696, 0, 0, "fd90f241 0000 007f8a01"
25.247850, 19.2488861083984, 25853747, 0, 0, "b8fd9941 0000 337f8a01"
25.247900, 36.3080749511719, 25853798, 1, TriggerDetected, "783b1142 0100 667f8a01"
25.247950, 35.3829879760742, 25853849, 0, 0, "2e880d42 0000 997f8a01"
25.248000, 18.9745426177979, 25853901, 0, 0, "ddcb9741 0000 cd7f8a01"
25.248050, 31.4382514953613, 25853952, 1, TriggerDetected, "8a81fb41 0100 00808a01"
25.248100, 39.0768089294434, 25854003, 0, 0, "a74e1c42 0000 33808a01"
25.248150, 21.2435150146484, 25854054, 0, 0, "b8f2a941 0000 66808a01"
25.248200, 26.1489429473877, 25854105, 0, 0, "0931d141 0000 99808a01"
25.248250, 40.5316390991211, 25854157, 1, TriggerDetected, "66202242 0100 cd808a01"
25.248300, 25.5035800933838, 25854208, 0, 0, "5507cc41 0000 00818a01"
25.248350, 21.693021774292, 25854259, 0, 0, "4f8bad41 0000 33818a01"
25.248400, 39.4002876281738, 25854310, 1, TriggerDetected, "e5991d42 0100 66818a01"
25.248450, 30.7529850006104, 25854361, 0, 0, "1d06f641 0000 99818a01"
25.248500, 19.1250801086426, 25854413, 0, 0, "2a009941 0000 cd818a01"
25.248550, 35.9529037475586, 25854464, 1, TriggerDetected, "c6cf0f42 0100 00828a01"
25.248600, 35.7452850341797, 25854515, 0, 0, "2cfb0e42 0000 33828a01"
25.248650, 19.0682678222656, 25854566, 0, 0, "d08b9841 0000 66828a01"
25.248700, 31.0030174255371, 25854617, 1, TriggerDetected, "2e06f841 0100 99828a01"
25.248750, 39.2925758361816, 25854669, 0, 0, "992b1d42 0000 cd828a01"
25.248800, 21.5224494934082, 25854720, 0, 0, "fa2dac41 0000 00838a01"
25.248850, 25.7369804382324, 25854771, 0, 0, "56e5cd41 0000 33838a01"
25.248900, 40.539981842041, 25854822, 1, TriggerDetected, "f1282242 0100 66838a01"
25.248950, 25.9153366088867, 25854873, 0, 0, "9c52cf41 0000 99838a01"
25.249000, 21.3955383300781, 25854925, 0, 0, "102aab41 0000 cd838a01"
25.249050, 39.2020034790039, 25854976, 1, TriggerDetected, "dace1c42 0100 00848a01"
25.249100, 31.1925239562988, 25855027, 0, 0, "4a8af941 0000 33848a01"
25.249150, 19.0202808380127, 25855078, 0, 0, "89299841 0000 66848a01"
25.249200, 35.5883407592773, 25855129, 1, TriggerDetected, "765a0e42 0100 99848a01"
25.249250, 36.1084175109863, 25855181, 0, 0, "056f1042 0000 cd848a01"
25.249300, 19.178092956543, 25855232, 0, 0, "bc6c9941 0000 00858a01"
25.249350, 30.5682506561279, 25855283, 1, TriggerDetected, "c78bf441 0100 33858a01"
25.249400, 39.4799118041992, 25855334, 0, 0, "6eeb1d42 0000 66858a01"
25.249450, 21.8199710845947, 25855385, 0, 0, "4d8fae41 0000 99858a01"
25.249500, 25.3255271911621, 25855437, 0, 0, "ae9aca41 0000 cd858a01"
25.249550, 40.5274124145508, 25855488, 1, TriggerDetected, "121c2242 0100 00868a01"
25.249600, 26.3317737579346, 25855539, 0, 0, "79a7d241 0000 33868a01"
25.249650, 21.1181392669678, 25855590, 0, 0, "f3f1a841 0000 66868a01"
25.249700, 38.975887298584, 25855641, 1, TriggerDetected, "4fe71b42 0100 99868a01"
25.249750, 31.62619972229, 25855693, 0, 0, "7502fd41 0000 cd868a01"
25.249800, 18.9383888244629, 25855744, 0, 0, "d2819741 0000 00878a01"
25.249850, 35.2125053405762, 25855795, 1, TriggerDetected, "9bd90c42 0100 33878a01"
25.249900, 36.4541435241699, 25855846, 0, 0, "0bd11142 0000 66878a01"
25.249950, 19.3042278289795, 25855897, 0, 0, "0f6f9a41 0000 99878a01"
25.250000, 30.1265830993652, 25855949, 1, TriggerDetected, "3e03f141 0100 cd878a01"
25.250050, 39.667781829834, 25856000, 0, 0, "cfab1e42 0000 00888a01"
25.250100, 22.1379413604736, 25856051, 0, 0, "811ab141 0000 33888a01"
25.250150, 24.9293479919434, 25856102, 0, 0, "4e6fc741 0000 66888a01"
25.250200, 40.4941902160645, 25856153, 1, TriggerDetected, "0dfa2142 0100 99888a01"
25.250250, 26.7546710968018, 25856205, 0, 0, "9109d641 0000 cd888a01"
25.250300, 20.8559989929199, 25856256, 0, 0, "16d9a641 0000 00898a01"
25.250350, 38.7468070983887, 25856307, 1, TriggerDetected, "bbfc1a42 0100 33898a01"
25.250400, 32.057258605957, 25856358, 0, 0, "a23a0042 0000 66898a01"
25.250450, 18.8702449798584, 25856409, 0, 0, "43f69641 0000 99898a01"
25.250500, 34.8357887268066, 25856461, 1, TriggerDetected, "d9570b42 0100 cd898a01"
25.250550, 36.7960357666016, 25856512, 0, 0, "242f1342 0000 008a8a01"
25.250600, 19.4508628845215, 25856563, 0, 0, "5e9b9b41 0000 338a8a01"
25.250650, 29.693058013916, 25856614, 0, 0, "628bed41 0000 668a8a01"
25.250700, 39.8316802978516, 25856665, 1, TriggerDetected, "a4531f42 0100 998a8a01"
25.250750, 22.4568328857422, 25856717, 0, 0, "98a7b341 0000 cd8a8a01"
25.250800, 24.5392189025879, 25856768, 0, 0, "5250c441 0000 008b8a01"
25.250850, 40.4467506408691, 25856819, 1, TriggerDetected, "79c92142 0100 338b8a01"
25.250900, 27.1816902160645, 25856870, 0, 0, "1a74d941 0000 668b8a01"
25.250950, 20.6026992797852, 25856921, 0, 0, "54d2a441 0000 998b8a01"
25.251000, 38.4960479736328, 25856973, 1, TriggerDetected, "f4fb1942 0100 cd8b8a01"
25.251050, 32.4832000732422, 25857024, 0, 0, "ccee0142 0000 008c8a01"
25.251100, 18.8198204040527, 25857075, 0, 0, "fe8e9641 0000 338c8a01"
25.251150, 34.4423751831055, 25857126, 1, TriggerDetected, "fec40942 0100 668c8a01"
25.251200, 37.1142768859863, 25857177, 0, 0, "05751442 0000 998c8a01"
25.251250, 19.6061763763428, 25857229, 0, 0, "73d99c41 0000 cd8c8a01"
25.251300, 29.2447357177734, 25857280, 0, 0, "38f5e941 0000 008d8a01"
25.251350, 39.9733428955078, 25857331, 1, TriggerDetected, "b4e41f42 0100 338d8a01"
25.251400, 22.7922897338867, 25857382, 0, 0, "9c56b641 0000 668d8a01"
25.251450, 24.1539745330811, 25857433, 0, 0, "573bc141 0000 998d8a01"
25.251500, 40.3781547546387, 25857485, 1, TriggerDetected, "3b832142 0100 cd8d8a01"
25.251550, 27.5997123718262, 25857536, 0, 0, "36ccdc41 0000 008e8a01"
25.251600, 20.3634223937988, 25857587, 0, 0, "4ae8a241 0000 338e8a01"
25.251650, 38.2324600219727, 25857638, 1, TriggerDetected, "0aee1842 0100 668e8a01"
25.251700, 32.9059295654297, 25857689, 0, 0, "ac9f0342 0000 998e8a01"
25.251750, 18.7803535461426, 25857741, 0, 0, "2a3e9641 0000 cd8e8a01"
25.251800, 34.0396118164063, 25857792, 1, TriggerDetected, "90280842 0100 008f8a01"
25.251850, 37.429141998291, 25857843, 0, 0, "71b71542 0000 338f8a01"
25.251900, 19.7877635955811, 25857894, 0, 0, "574d9e41 0000 668f8a01"
25.251950, 28.8089237213135, 25857945, 0, 0, "ad78e641 0000 998f8a01"
25.252000, 40.1060943603516, 25857997, 1, TriggerDetected, "a46c2042 0100 cd8f8a01"
25.252050, 23.1360511779785, 25858048, 0, 0, "a216b941 0000 00908a01"
25.252100, 23.7740097045898, 25858099, 0, 0, "2c31be41 0000 33908a01"
25.252150, 40.2935409545898, 25858150, 1, TriggerDetected, "962c2142 0100 66908a01"
25.252200, 28.0411396026611, 25858201, 0, 0, "4154e041 0000 99908a01"
25.252250, 20.1395797729492, 25858253, 0, 0, "dc1da141 0000 cd908a01"
25.252300, 37.9513816833496, 25858304, 1, TriggerDetected, "37ce1742 0100 00918a01"
25.252350, 33.3207244873047, 25858355, 0, 0, "6c480542 0000 33918a01"
25.252400, 18.7679252624512, 25858406, 0, 0, "b6249641 0000 66918a01"
25.252450, 33.6385841369629, 25858457, 1, TriggerDetected, "e98d0642 0100 99918a01"
25.252500, 37.733699798584, 25858509, 0, 0, "4fef1642 0000 cd918a01"
25.252550, 19.9845523834229, 25858560, 0, 0, "5de09f41 0000 00928a01"
25.252600, 28.3751640319824, 25858611, 0, 0, "5600e341 0000 33928a01"
25.252650, 40.2222366333008, 25858662, 1, TriggerDetected, "92e32042 0100 66928a01"
25.252700, 23.4989223480225, 25858713, 0, 0, "cbfdbb41 0000 99928a01"
25.252750, 23.4088153839111, 25858765, 0, 0, "4145bb41 0000 cd928a01"
25.252800, 40.194263458252, 25858816, 1, TriggerDetected, "edc62042 0100 00938a01"
25.252850, 28.4745330810547, 25858867, 0, 0, "d8cbe341 0000 33938a01"
25.252900, 19.9320392608643, 25858918, 0, 0, "d1749f41 0000 66938a01"
25.252950, 37.6623229980469, 25858969, 1, TriggerDetected, "38a61642 0100 99938a01"
25.253000, 33.7344093322754, 25859021, 0, 0, "09f00642 0000 cd938a01"
25.253050, 18.7729339599609, 25859072, 0, 0, "f82e9641 0000 00948a01"
25.253100, 33.2291679382324, 25859123, 1, TriggerDetected, "abea0442 0100 33948a01"
25.253150, 38.0189018249512, 25859174, 0, 0, "5b131842 0000 66948a01"
25.253200, 20.1875171661377, 25859225, 0, 0, "0980a141 0000 99948a01"
25.253250, 27.9360103607178, 25859277, 0, 0, "f37cdf41 0000 cd948a01"
25.253300, 40.3235626220703, 25859328, 1, TriggerDetected, "544b2142 0100 00958a01"
25.253350, 23.8641471862793, 25859379, 0, 0, "c6e9be41 0000 33958a01"
25.253400, 23.0569343566895, 25859430, 0, 0, "9a74b841 0000 66958a01"
25.253450, 40.0787467956543, 25859481, 1, TriggerDetected, "a3502042 0100 99958a01"
25.253500, 28.9198913574219, 25859533, 0, 0, "f05be741 0000 cd958a01"
25.253550, 19.7478523254395, 25859584, 0, 0, "9afb9d41 0000 00968a01"
25.253600, 37.3630714416504, 25859635, 1, TriggerDetected, "c9731542 0100 33968a01"
25.253650, 34.1438064575195, 25859686, 0, 0, "42930842 0000 66968a01"
25.253700, 18.7948055267334, 25859737, 0, 0, "c35b9641 0000 99968a01"
25.253750, 32.8069801330566, 25859789, 1, TriggerDetected, "593a0342 0100 cd968a01"
25.253800, 38.3002243041992, 25859840, 0, 0, "6e331942 0000 00978a01"
25.253850, 20.4206237792969, 25859891, 0, 0, "705da341 0000 33978a01"
25.253900, 27.5060596466064, 25859942, 0, 0, "690cdc41 0000 66978a01"
25.253950, 40.3987045288086, 25859993, 1, TriggerDetected, "46982142 0100 99978a01"
25.254000, 24.2486686706543, 25860045, 0, 0, "46fdc141 0000 cd978a01"
25.254050, 22.7145862579346, 25860096, 0, 0, "79b7b541 0000 00988a01"
25.254100, 39.9506797790527, 25860147, 1, TriggerDetected, "7fcd1f42 0100 33988a01"
25.254150, 29.3609771728516, 25860198, 0, 0, "48e3ea41 0000 66988a01"
25.254200, 19.5735015869141, 25860249, 0, 0, "88969c41 0000 99988a01"
25.254250, 37.0455856323242, 25860301, 1, TriggerDetected, "ae2e1442 0100 cd988a01"
25.254300, 34.5380477905273, 25860352, 0, 0, "f6260a42 0000 00998a01"
25.254350, 18.8273792266846, 25860403, 0, 0, "799e9641 0000 33998a01"
25.254400, 32.3863868713379, 25860454, 1, TriggerDetected, "a98b0142 0100 66998a01"
25.254450, 38.5604209899902, 25860505, 0, 0, "df3d1a42 0000 99998a01"
25.254500, 20.6615676879883, 25860557, 0, 0, "e44aa541 0000 cd998a01"
25.254550, 27.0759391784668, 25860608, 0, 0, "869bd841 0000 009a8a01"
25.254600, 40.4621124267578, 25860659, 1, TriggerDetected, "34d92142 0100 339a8a01"
25.254650, 24.6322555541992, 25860710, 0, 0, "dc0ec541 0000 669a8a01"
25.254700, 22.3810749053955, 25860761, 0, 0, "710cb341 0000 999a8a01"
25.254750, 39.7954635620117, 25860813, 1, TriggerDetected, "8e2e1f42 0100 cd9a8a01"
25.254800, 29.7961883544922, 25860864, 0, 0, "985eee41 0000 009b8a01"
25.254850, 19.414966583252, 25860915, 0, 0, "da519b41 0000 339b8a01"
25.254900, 36.7185478210449, 25860966, 1, TriggerDetected, "cbdf1242 0100 669b8a01"
25.254950, 34.9307403564453, 25861017, 0, 0, "14b90b42 0000 999b8a01"
25.255000, 18.8858337402344, 25861069, 0, 0, "30169741 0000 cd9b8a01"
25.255050, 31.9562454223633, 25861120, 1, TriggerDetected, "64a6ff41 0100 009c8a01"
25.255100, 38.8067665100098, 25861171, 0, 0, "213a1b42 0000 339c8a01"
25.255150, 20.9241847991943, 25861222, 0, 0, "bb64a741 0000 669c8a01"
25.255200, 26.6584205627441, 25861273, 0, 0, "7244d541 0000 999c8a01"
25.255250, 40.5073699951172, 25861325, 1, TriggerDetected, "8c072242 0100 cd9c8a01"
25.255300, 25.028133392334, 25861376, 0, 0, "9e39c841 0000 009d8a01"
25.255350, 22.0600090026855, 25861427, 0, 0, "e67ab041 0000 339d8a01"
25.255400, 39.6268310546875, 25861478, 1, TriggerDetected, "e0811e42 0100 669d8a01"
25.255450, 30.2335166931152, 25861529, 0, 0, "3edef141 0000 999d8a01"
25.255500, 19.2701015472412, 25861581, 0, 0, "2b299a41 0000 cd9d8a01"
25.255550, 36.3773651123047, 25861632, 1, TriggerDetected, "6c821142 0100 009e8a01"
25.255600, 35.3061065673828, 25861683, 0, 0, "74390d42 0000 339e8a01"
25.255650, 18.9546222686768, 25861734, 0, 0, "11a39741 0000 669e8a01"
25.255700, 31.5254402160645, 25861785, 1, TriggerDetected, "1a34fc41 0100 999e8a01"
25.255750, 39.0380363464355, 25861837, 0, 0, "f3261c42 0000 cd9e8a01"
25.255800, 21.1862888336182, 25861888, 0, 0, "857da941 0000 009f8a01"
25.255850, 26.2335109710693, 25861939, 0, 0, "3bded141 0000 339f8a01"
25.255900, 40.5309715270996, 25861990, 1, TriggerDetected, "b71f2242 0100 669f8a01"
25.255950, 25.4271602630615, 25862041, 0, 0, "d36acb41 0000 999f8a01"
25.256000, 21.7500743865967, 25862093, 0, 0, "2700ae41 0000 cd9f8a01"
25.256050, 39.4402732849121, 25862144, 1, TriggerDetected, "d7c21d42 0100 00a08a01"
25.256100, 30.6712322235107, 25862195, 0, 0, "af5ef541 0000 33a08a01"
25.256150, 19.1517467498779, 25862246, 0, 0, "c7369941 0000 66a08a01"
25.256200, 36.0268440246582, 25862297, 1, TriggerDetected, "7d1b1042 0100 99a08a01"
25.256250, 35.6801071166992, 25862349, 0, 0, "6eb80e42 0000 cda08a01"
25.256300, 19.0473289489746, 25862400, 0, 0, "ee609841 0000 00a18a01"
25.256350, 31.0909385681152, 25862451, 1, TriggerDetected, "3ebaf841 0100 33a18a01"
25.256400, 39.2529449462891, 25862502, 0, 0, "04031d42 0000 66a18a01"
25.256450, 21.4697074890137, 25862553, 0, 0, "f6c1ab41 0000 99a18a01"
25.256500, 25.8198299407959, 25862605, 0, 0, "038fce41 0000 cda18a01"
25.256550, 40.5446319580078, 25862656, 1, TriggerDetected, "b42d2242 0100 00a28a01"
25.256600, 25.8361587524414, 25862707, 0, 0, "74b0ce41 0000 33a28a01"
25.256650, 21.4595489501953, 25862758, 0, 0, "28adab41 0000 66a28a01"
25.256700, 39.2446517944336, 25862809, 1, TriggerDetected, "86fa1c42 0100 99a28a01"
25.256750, 31.117073059082, 25862861, 0, 0, "c4eff841 0000 cda28a01"
25.256800, 19.0461311340332, 25862912, 0, 0, "7a5e9841 0000 00a38a01"
25.256850, 35.6666679382324, 25862963, 1, TriggerDetected, "abaa0e42 0100 33a38a01"
25.256900, 36.0417098999023, 25863014, 0, 0, "b62a1042 0000 66a38a01"
25.256950, 19.154842376709, 25863065, 0, 0, "1e3d9941 0000 99a38a01"
25.257000, 30.6545372009277, 25863117, 1, TriggerDetected, "7e3cf541 0100 cda38a01"
25.257050, 39.4497146606445, 25863168, 0, 0, "82cc1d42 0000 00a48a01"
25.257100, 21.7651329040527, 25863219, 0, 0, "fe1eae41 0000 33a48a01"
25.257150, 25.4102344512939, 25863270, 0, 0, "2948cb41 0000 66a48a01"
25.257200, 40.5272941589355, 25863321, 1, TriggerDetected, "f31b2242 0100 99a48a01"
25.257250, 26.2504005432129, 25863373, 0, 0, "d200d241 0000 cda48a01"
25.257300, 21.176383972168, 25863424, 0, 0, "3c69a941 0000 00a58a01"
25.257350, 39.0274505615234, 25863475, 1, TriggerDetected, "1c1c1c42 0100 33a58a01"
25.257400, 31.5440864562988, 25863526, 0, 0, "4a5afc41 0000 66a58a01"
25.257450, 18.9531593322754, 25863577, 0, 0, "12a09741 0000 99a58a01"
25.257500, 35.2861289978027, 25863629, 1, TriggerDetected, "ff240d42 0100 cda58a01"
25.257550, 36.3908767700195, 25863680, 0, 0, "42901142 0000 00a68a01"
25.257600, 19.2823753356934, 25863731, 0, 0, "4e429a41 0000 33a68a01"
25.257650, 30.2146186828613, 25863782, 1, TriggerDetected, "8ab7f141 0100 66a68a01"
25.257700, 39.633602142334, 25863833, 0, 0, "cf881e42 0000 99a68a01"
25.257750, 22.0788116455078, 25863885, 0, 0, "68a1b041 0000 cda68a01"
25.257800, 25.0079002380371, 25863936, 0, 0, "2e10c841 0000 00a78a01"
25.257850, 40.5068626403809, 25863987, 1, TriggerDetected, "07072242 0100 33a78a01"
25.257900, 26.6697101593018, 25864038, 0, 0, "915bd541 0000 66a78a01"
25.257950, 20.9015846252441, 25864089, 0, 0, "7236a741 0000 99a78a01"
25.258000, 38.7859954833984, 25864141, 1, TriggerDetected, "dc241b42 0100 cda78a01"
25.258050, 31.9778213500977, 25864192, 0, 0, "94d2ff41 0000 00a88a01"
25.258100, 18.8852977752686, 25864243, 0, 0, "17159741 0000 33a88a01"
25.258150, 34.9114723205566, 25864294, 1, TriggerDetected, "59a50b42 0100 66a88a01"
25.258200, 36.7321128845215, 25864345, 0, 0, "afed1242 0000 99a88a01"
25.258250, 19.4199924468994, 25864397, 0, 0, "255c9b41 0000 cda88a01"
25.258300, 29.7739429473877, 25864448, 0, 0, "0931ee41 0000 00a98a01"
25.258350, 39.8024101257324, 25864499, 1, TriggerDetected, "ab351f42 0100 33a98a01"
25.258400, 22.3958396911621, 25864550, 0, 0, "ae2ab341 0000 66a98a01"
25.258450, 24.6120319366455, 25864601, 0, 0, "71e5c441 0000 99a98a01"
25.258500, 40.4575271606445, 25864653, 1, TriggerDetected, "82d42142 0100 cda98a01"
25.258550, 27.0949535369873, 25864704, 0, 0, "77c2d841 0000 00aa8a01"
25.258600, 20.6450595855713, 25864755, 0, 0, "1529a541 0000 33aa8a01"
25.258650, 38.5499839782715, 25864806, 1, TriggerDetected, "2f331a42 0100 66aa8a01"
25.258700, 32.4040756225586, 25864857, 0, 0, "c69d0142 0000 99aa8a01"
25.258750, 18.8230743408203, 25864909, 0, 0, "a8959641 0000 cdaa8a01"
25.258800, 34.5150756835938, 25864960, 1, TriggerDetected, "700f0a42 0100 00ab8a01"
25.258850, 37.0576705932617, 25865011, 0, 0, "0e3b1442 0000 33ab8a01"
25.258900, 19.5802841186523, 25865062, 0, 0, "6ca49c41 0000 66ab8a01"
25.258950, 29.3354816436768, 25865113, 0, 0, "11afea41 0000 99ab8a01"
25.259000, 39.9527587890625, 25865165, 1, TriggerDetected, "a0cf1f42 0100 cdab8a01"
25.259050, 22.7278823852539, 25865216, 0, 0, "b4d2b541 0000 00ac8a01"
25.259100, 24.2255554199219, 25865267, 0, 0, "f0cdc141 0000 33ac8a01"
25.259150, 40.3969078063965, 25865318, 1, TriggerDetected, "6f962142 0100 66ac8a01"
25.259200, 27.5247001647949, 25865369, 0, 0, "9632dc41 0000 99ac8a01"
25.259250, 20.4088573455811, 25865421, 0, 0, "5745a341 0000 cdac8a01"
25.259300, 38.2824821472168, 25865472, 1, TriggerDetected, "43211942 0100 00ad8a01"
25.259350, 32.8246459960938, 25865523, 0, 0, "704c0342 0000 33ad8a01"
25.259400, 18.7891292572021, 25865574, 0, 0, "23509641 0000 66ad8a01"
25.259450, 34.1199645996094, 25865625, 1, TriggerDetected, "d87a0842 0100 99ad8a01"
25.259500, 37.3741416931152, 25865677, 0, 0, "1f7f1542 0000 cdad8a01"
25.259550, 19.7514762878418, 25865728, 0, 0, "06039e41 0000 00ae8a01"
25.259600, 28.8940601348877, 25865779, 0, 0, "0927e741 0000 33ae8a01"
25.259650, 40.0855979919434, 25865830, 1, TriggerDetected, "a7572042 0100 66ae8a01"
25.259700, 23.0759601593018, 25865881, 0, 0, "919bb841 0000 99ae8a01"
25.259750, 23.8501358032227, 25865933, 0, 0, "14cdbe41 0000 cdae8a01"
25.259800, 40.3162078857422, 25865984, 1, TriggerDetected, "cc432142 0100 00af8a01"
25.259850, 27.9541683197021, 25866035, 0, 0, "23a2df41 0000 33af8a01"
25.259900, 20.1831893920898, 25866086, 0, 0, "2c77a141 0000 66af8a01"
25.259950, 38.0090866088867, 25866137, 1, TriggerDetected, "4e091842 0100 99af8a01"
25.260000, 33.243953704834, 25866189, 0, 0, "cff90442 0000 cdaf8a01"
25.260050, 18.7728500366211, 25866240, 0, 0, "cc2e9641 0000 00b08a01"
25.260100, 33.719181060791, 25866291, 1, TriggerDetected, "71e00642 0100 33b08a01"
25.260150, 37.677734375, 25866342, 0, 0, "00b61642 0000 66b08a01"
25.260200, 19.9466590881348, 25866393, 0, 0, "c2929f41 0000 99b08a01"
25.260250, 28.4573078155518, 25866445, 0, 0, "91a8e341 0000 cdb08a01"
25.260300, 40.2027778625488, 25866496, 1, TriggerDetected, "a5cf2042 0100 00b18a01"
25.260350, 23.424825668335, 25866547, 0, 0, "0b66bb41 0000 33b18a01"
25.260400, 23.4841575622559, 25866598, 0, 0, "8edfbb41 0000 66b18a01"
25.260450, 40.218318939209, 25866649, 1, TriggerDetected, "8fdf2042 0100 99b18a01"
25.260500, 28.3921375274658, 25866701, 0, 0, "1923e341 0000 cdb18a01"
25.260550, 19.9723949432373, 25866752, 0, 0, "77c79f41 0000 00b28a01"
25.260600, 37.7207832336426, 25866803, 1, TriggerDetected, "15e21642 0100 33b28a01"
25.260650, 33.6536445617676, 25866854, 0, 0, "559d0642 0000 66b28a01"
25.260700, 18.7661800384521, 25866905, 0, 0, "23219641 0000 99b28a01"
25.260750, 33.3057403564453, 25866957, 1, TriggerDetected, "14390542 0100 cdb28a01"
25.260800, 37.9689903259277, 25867008, 0, 0, "3fe01742 0000 00b38a01"
25.260850, 20.1518974304199, 25867059, 0, 0, "1637a141 0000 33b38a01"
25.260900, 28.0237827301025, 25867110, 0, 0, "b530e041 0000 66b38a01"
25.260950, 40.3024444580078, 25867161, 1, TriggerDetected, "b4352142 0100 99b38a01"
25.261000, 23.7947864532471, 25867213, 0, 0, "b95bbe41 0000 cdb38a01"
25.261050, 23.1232490539551, 25867264, 0, 0, "6afcb841 0000 00b48a01"
25.261100, 40.1035499572754, 25867315, 1, TriggerDetected, "096a2042 0100 33b48a01"
25.261150, 28.8272151947021, 25867366, 0, 0, "239ee641 0000 66b48a01"
25.261200, 19.7850608825684, 25867417, 0, 0, "ce479e41 0000 99b48a01"
25.261250, 37.4219779968262, 25867469, 1, TriggerDetected, "1bb01542 0100 cdb48a01"
25.261300, 34.0636901855469, 25867520, 0, 0, "38410842 0000 00b58a01"
25.261350, 18.7852401733398, 25867571, 0, 0, "2c489641 0000 33b58a01"
25.261400, 32.8877487182617, 25867622, 1, TriggerDetected, "0e8d0342 0100 66b58a01"
25.261450, 38.2444267272949, 25867673, 0, 0, "4bfa1842 0000 99b58a01"
25.261500, 20.3759708404541, 25867725, 0, 0, "fd01a341 0000 cdb58a01"
25.261550, 27.5905628204346, 25867776, 0, 0, "79b9dc41 0000 00b68a01"
25.261600, 40.3874168395996, 25867827, 1, TriggerDetected, "b78c2142 0100 33b68a01"
25.261650, 24.1709594726563, 25867878, 0, 0, "205ec141 0000 66b68a01"
25.261700, 22.777904510498, 25867929, 0, 0, "2639b641 0000 99b68a01"
25.261750, 39.9678421020508, 25867981, 1, TriggerDetected, "12df1f42 0100 cdb68a01"
25.261800, 29.2667179107666, 25868032, 0, 0, "3d22ea41 0000 00b78a01"
25.261850, 19.6030292510986, 25868083, 0, 0, "01d39c41 0000 33b78a01"
25.261900, 37.108097076416, 25868134, 1, TriggerDetected, "b16e1442 0100 66b78a01"
25.261950, 34.4577903747559, 25868185, 0, 0, "c7d40942 0000 99b78a01"
25.262000, 18.8250064849854, 25868237, 0, 0, "9d999641 0000 cdb78a01"
25.262050, 32.4664268493652, 25868288, 1, TriggerDetected, "9fdd0142 0100 00b88a01"
25.262100, 38.5146064758301, 25868339, 0, 0, "f50e1a42 0000 33b88a01"
25.262150, 20.6156921386719, 25868390, 0, 0, "f0eca441 0000 66b88a01"
25.262200, 27.1595592498779, 25868441, 0, 0, "c746d941 0000 99b88a01"
25.262250, 40.4490776062012, 25868493, 1, TriggerDetected, "dbcb2142 0100 cdb88a01"
25.262300, 24.5580501556396, 25868544, 0, 0, "e376c441 0000 00b98a01"
25.262350, 22.4441394805908, 25868595, 0, 0, "998db341 0000 33b98a01"
25.262400, 39.8252754211426, 25868646, 1, TriggerDetected, "154d1f42 0100 66b98a01"
25.262450, 29.7082538604736, 25868697, 0, 0, "81aaed41 0000 99b98a01"
25.262500, 19.4437847137451, 25868749, 0, 0, "df8c9b41 0000 cdb98a01"
25.262550, 36.775218963623, 25868800, 1, TriggerDetected, "d3191342 0100 00ba8a01"
25.262600, 34.8498954772949, 25868851, 0, 0, "4b660b42 0000 33ba8a01"
25.262650, 18.8690052032471, 25868902, 0, 0, "b9f39641 0000 66ba8a01"
25.262700, 32.0397987365723, 25868953, 1, TriggerDetected, "c1280042 0100 99ba8a01"
25.262750, 38.7528991699219, 25869005, 0, 0, "f8021b42 0000 cdba8a01"
25.262800, 20.8623905181885, 25869056, 0, 0, "2de6a641 0000 00bb8a01"
25.262850, 26.7298793792725, 25869107, 0, 0, "cbd6d541 0000 33bb8a01"
25.262900, 40.4984970092773, 25869158, 1, TriggerDetected, "76fe2142 0100 66bb8a01"
25.262950, 24.9446353912354, 25869209, 0, 0, "9d8ec741 0000 99bb8a01"
25.263000, 22.1167316436768, 25869261, 0, 0, "11efb041 0000 cdbb8a01"
25.263050, 39.6589889526367, 25869312, 1, TriggerDetected, "cea21e42 0100 00bc8a01"
25.263100, 30.1497135162354, 25869363, 0, 0, "9d32f141 0000 33bc8a01"
25.263150, 19.2988758087158, 25869414, 0, 0, "19649a41 0000 66bc8a01"
25.263200, 36.440486907959, 25869465, 1, TriggerDetected, "0fc31142 0100 99bc8a01"
25.263250, 35.2303237915039, 25869517, 0, 0, "daeb0c42 0000 cdbc8a01"
25.263300, 18.9377021789551, 25869568, 0, 0, "6a809741 0000 00bd8a01"
25.263350, 31.6021614074707, 25869619, 1, TriggerDetected, "3ad1fc41 0100 33bd8a01"
25.263400, 38.9889488220215, 25869670, 0, 0, "aff41b42 0000 66bd8a01"
25.263450, 21.1281242370605, 25869721, 0, 0, "6606a941 0000 99bd8a01"
25.263500, 26.310697555542, 25869773, 0, 0, "4f7cd241 0000 cdbd8a01"
25.263550, 40.525707244873, 25869824, 1, TriggerDetected, "531a2242 0100 00be8a01"
25.263600, 25.3489036560059, 25869875, 0, 0, "8ecaca41 0000 33be8a01"
25.263650, 21.8064861297607, 25869926, 0, 0, "af73ae41 0000 66be8a01"
25.263700, 39.4745063781738, 25869977, 1, TriggerDetected, "e5e51d42 0100 99be8a01"
25.263750, 30.583610534668, 25870029, 0, 0, "3cabf441 0000 cdbe8a01"
25.263800, 19.1709060668945, 25870080, 0, 0, "045e9941 0000 00bf8a01"
25.263850, 36.0893783569336, 25870131, 1, TriggerDetected, "865b1042 0100 33bf8a01"
25.263900, 35.6002731323242, 25870182, 0, 0, "ae660e42 0000 66bf8a01"
25.263950, 19.025053024292, 25870233, 0, 0, "4f339841 0000 99bf8a01"
25.264000, 31.1733360290527, 25870285, 1, TriggerDetected, "fe62f941 0100 cdbf8a01"
25.264050, 39.2071952819824, 25870336, 0, 0, "2bd41c42 0000 00c08a01"
25.264100, 21.4094409942627, 25870387, 0, 0, "8946ab41 0000 33c08a01"
25.264150, 25.8948726654053, 25870438, 0, 0, "b328cf41 0000 66c08a01"
25.264200, 40.5374870300293, 25870489, 1, TriggerDetected, "63262242 0100 99c08a01"
25.264250, 25.7508010864258, 25870541, 0, 0, "a401ce41 0000 cdc08a01"
25.264300, 21.5072765350342, 25870592, 0, 0, "e70eac41 0000 00c18a01"
25.264350, 39.2828025817871, 25870643, 1, TriggerDetected, "97211d42 0100 33c18a01"
25.264400, 31.0203800201416, 25870694, 0, 0, "bd29f841 0000 66c18a01"
25.264450, 19.0597686767578, 25870745, 0, 0, "687a9841 0000 99c18a01"
25.264500, 35.731502532959, 25870797, 1, TriggerDetected, "0fed0e42 0100 cdc18a01"
25.264550, 35.9682540893555, 25870848, 0, 0, "7edf0f42 0000 00c28a01"
25.264600, 19.1282138824463, 25870899, 0, 0, "95069941 0000 33c28a01"
25.264650, 30.7337913513184, 25870950, 1, TriggerDetected, "cedef541 0100 66c28a01"
25.264700, 39.411304473877, 25871001, 0, 0, "2da51d42 0000 99c28a01"
25.264750, 21.7037582397461, 25871053, 0, 0, "4ca1ad41 0000 cdc28a01"
25.264800, 25.4872875213623, 25871104, 0, 0, "f7e5cb41 0000 00c38a01"
25.264850, 40.5335578918457, 25871155, 1, TriggerDetected, "5d222242 0100 33c38a01"
25.264900, 26.1666259765625, 25871206, 0, 0, "4055d141 0000 66c38a01"
25.264950, 21.2234554290771, 25871257, 0, 0, "a3c9a941 0000 99c38a01"
25.265000, 39.0672340393066, 25871309, 1, TriggerDetected, "d9441c42 0100 cdc38a01"
25.265050, 31.4613761901855, 25871360, 0, 0, "e6b0fb41 0000 00c48a01"
25.265100, 18.9657192230225, 25871411, 0, 0, "cbb99741 0000 33c48a01"
25.265150, 35.3613777160645, 25871462, 1, TriggerDetected, "0d720d42 0100 66c48a01"
25.265200, 36.3205299377441, 25871513, 0, 0, "39481142 0000 99c48a01"
25.265250, 19.2552165985107, 25871565, 0, 0, "af0a9a41 0000 cdc48a01"
25.265300, 30.2977485656738, 25871616, 1, TriggerDetected, "ca61f241 0100 00c58a01"
25.265350, 39.5974311828613, 25871667, 0, 0, "c5631e42 0000 33c58a01"
25.265400, 22.011438369751, 25871718, 0, 0, "6d17b041 0000 66c58a01"
25.265450, 25.0819721221924, 25871769, 0, 0, "e1a7c841 0000 99c58a01"
25.265500, 40.5090599060059, 25871821, 1, TriggerDetected, "47092242 0100 cdc58a01"
25.265550, 26.586483001709, 25871872, 0, 0, "1eb1d441 0000 00c68a01"
25.265600, 20.9522323608398, 25871923, 0, 0, "2c9ea741 0000 33c68a01"
25.265650, 38.8375205993652, 25871974, 1, TriggerDetected, "9f591b42 0100 66c68a01"
25.265700, 31.8920249938965, 25872025, 0, 0, "de22ff41 0000 99c68a01"
25.265750, 18.8935012817383, 25872077, 0, 0, "e4259741 0000 cdc68a01"
25.265800, 34.9804916381836, 25872128, 1, TriggerDetected, "06ec0b42 0100 00c78a01"
25.265850, 36.663703918457, 25872179, 0, 0, "a2a71242 0000 33c78a01"
25.265900, 19.3905067443848, 25872230, 0, 0, "c21f9b41 0000 66c78a01"
25.265950, 29.8577899932861, 25872281, 0, 0, "c1dcee41 0000 99c78a01"
25.266000, 39.7702865600586, 25872333, 1, TriggerDetected, "c6141f42 0100 cdc78a01"
25.266050, 22.3349285125732, 25872384, 0, 0, "efadb241 0000 00c88a01"
25.266100, 24.689037322998, 25872435, 0, 0, "2683c541 0000 33c88a01"
25.266150, 40.4725875854492, 25872486, 1, TriggerDetected, "eee32142 0100 66c88a01"
25.266200, 27.0120754241943, 25872537, 0, 0, "bb18d841 0000 99c88a01"
25.266250, 20.6972579956055, 25872589, 0, 0, "fc93a541 0000 cdc88a01"
25.266300, 38.5955085754395, 25872640, 1, TriggerDetected, "cd611a42 0100 00c98a01"
25.266350, 32.3244590759277, 25872691, 0, 0, "3f4c0142 0000 33c98a01"
25.266400, 18.8365955352783, 25872742, 0, 0, "59b19641 0000 66c98a01"
25.266450, 34.6002578735352, 25872793, 1, TriggerDetected, "aa660a42 0100 99c98a01"
25.266500, 36.9972991943359, 25872845, 0, 0, "3cfd1342 0000 cdc98a01"
25.266550, 19.5488967895508, 25872896, 0, 0, "24649c41 0000 00ca8a01"
25.266600, 29.4203109741211, 25872947, 0, 0, "cc5ceb41 0000 33ca8a01"
25.266650, 39.9268798828125, 25872998, 1, TriggerDetected, "20b51f42 0100 66ca8a01"
25.266700, 22.6631870269775, 25873049, 0, 0, "354eb541 0000 99ca8a01"
25.266750, 24.3023624420166, 25873101, 0, 0, "3d6bc241 0000 cdca8a01"
25.266800, 40.4091186523438, 25873152, 1, TriggerDetected, "f0a22142 0100 00cb8a01"
25.266850, 27.4351100921631, 25873203, 0, 0, "1b7bdb41 0000 33cb8a01"
25.266900, 20.4548587799072, 25873254, 0, 0, "8da3a341 0000 66cb8a01"
25.266950, 38.3383598327637, 25873305, 1, TriggerDetected, "7b5a1942 0100 99cb8a01"
25.267000, 32.7422714233398, 25873357, 0, 0, "16f80242 0000 cdcb8a01"
25.267050, 18.7920551300049, 25873408, 0, 0, "21569641 0000 00cc8a01"
25.267100, 34.1960678100586, 25873459, 1, TriggerDetected, "c6c80842 0100 33cc8a01"
25.267150, 37.313419342041, 25873510, 0, 0, "f1401542 0000 66cc8a01"
25.267200, 19.7192859649658, 25873561, 0, 0, "19c19d41 0000 99cc8a01"
25.267250, 28.9813442230225, 25873613, 0, 0, "cbd9e741 0000 cdcc8a01"
25.267300, 40.0597496032715, 25873664, 1, TriggerDetected, "2f3d2042 0100 00cd8a01"
25.267350, 23.0028247833252, 25873715, 0, 0, "c905b841 0000 33cd8a01"
25.267400, 23.9196338653564, 25873766, 0, 0, "695bbf41 0000 66cd8a01"
25.267450, 40.3323440551758, 25873817, 1, TriggerDetected, "52542142 0100 99cd8a01"
25.267500, 27.8684864044189, 25873869, 0, 0, "a9f2de41 0000 cdcd8a01"
25.267550, 20.2240142822266, 25873920, 0, 0, "c8caa141 0000 00ce8a01"
25.267600, 38.0616264343262, 25873971, 1, TriggerDetected, "1b3f1842 0100 33ce8a01"
25.267650, 33.1587295532227, 25874022, 0, 0, "8aa20442 0000 66ce8a01"
25.267700, 18.7672882080078, 25874073, 0, 0, "68239641 0000 99ce8a01"
25.267750, 33.7962265014648, 25874125, 1, TriggerDetected, "562f0742 0100 cdce8a01"
25.267800, 37.6171340942383, 25874176, 0, 0, "f2771642 0000 00cf8a01"
25.267850, 19.9023303985596, 25874227, 0, 0, "f9379f41 0000 33cf8a01"
25.267900, 28.5369720458984, 25874278, 0, 0, "b84be441 0000 66cf8a01"
25.267950, 40.1768035888672, 25874329, 1, TriggerDetected, "0cb52042 0100 99cf8a01"
25.268000, 23.3545799255371, 25874381, 0, 0, "2ed6ba41 0000 cdcf8a01"
25.268050, 23.5495758056641, 25874432, 0, 0, "8865bc41 0000 00d08a01"
25.268100, 40.236515045166, 25874483, 1, TriggerDetected, "31f22042 0100 33d08a01"
25.268150, 28.3049373626709, 25874534, 0, 0, "8370e241 0000 66d08a01"
25.268200, 20.0115966796875, 25874585, 0, 0, "c017a041 0000 99d08a01"
25.268250, 37.7789306640625, 25874637, 1, TriggerDetected, "a01d1742 0100 cdd08a01"
25.268300, 33.5739631652832, 25874688, 0, 0, "bd4b0642 0000 00d18a01"
25.268350, 18.7651634216309, 25874739, 0, 0, "0e1f9641 0000 33d18a01"
25.268400, 33.3861465454102, 25874790, 1, TriggerDetected, "6a8b0542 0100 66d18a01"
25.268450, 37.9104843139648, 25874841, 0, 0, "56a41742 0000 99d18a01"
25.268500, 20.1067447662354, 25874893, 0, 0, "9ddaa041 0000 cdd18a01"
25.268550, 28.1028747558594, 25874944, 0, 0, "b0d2e041 0000 00d28a01"
25.268600, 40.2846450805664, 25874995, 1, TriggerDetected, "7a232142 0100 33d28a01"
25.268650, 23.7181015014648, 25875046, 0, 0, "acbebd41 0000 66d28a01"
25.268700, 23.1917247772217, 25875097, 0, 0, "a788b941 0000 99d28a01"
25.268750, 40.1254768371582, 25875149, 1, TriggerDetected, "7d802042 0100 cdd28a01"
25.268800, 28.7412605285645, 25875200, 0, 0, "1aeee541 0000 00d38a01"
25.268850, 19.8129272460938, 25875251, 0, 0, "e0809e41 0000 33d38a01"
25.268900, 37.4783134460449, 25875302, 1, TriggerDetected, "cbe91542 0100 66d38a01"
25.268950, 33.9802474975586, 25875353, 0, 0, "c6eb0742 0000 99d38a01"
25.269000, 18.7835998535156, 25875405, 0, 0, "d0449641 0000 cdd38a01"
25.269050, 32.9676551818848, 25875456, 1, TriggerDetected, "e1de0342 0100 00d48a01"
25.269100, 38.19189453125, 25875507, 0, 0, "80c41842 0000 33d48a01"
25.269150, 20.3249130249023, 25875558, 0, 0, "6c99a241 0000 66d48a01"
25.269200, 27.6679286956787, 25875609, 0, 0, "eb57dd41 0000 99d48a01"
25.269250, 40.3646469116211, 25875661, 1, TriggerDetected, "66752142 0100 cdd48a01"
25.269300, 24.0933246612549, 25875712, 0, 0, "21bfc041 0000 00d58a01"
25.269350, 22.8417453765869, 25875763, 0, 0, "e5bbb641 0000 33d58a01"
25.269400, 39.9961891174316, 25875814, 1, TriggerDetected, "19fc1f42 0100 66d58a01"
25.269450, 29.1800537109375, 25875865, 0, 0, "c070e941 0000 99d58a01"
25.269500, 19.6324787139893, 25875917, 0, 0, "510f9d41 0000 cdd58a01"
25.269550, 37.1623458862305, 25875968, 1, TriggerDetected, "3ea61442 0100 00d68a01"
25.269600, 34.3823547363281, 25876019, 0, 0, "88870942 0000 33d68a01"
25.269650, 18.8070602416992, 25876070, 0, 0, "dc749641 0000 66d68a01"
25.269700, 32.5427017211914, 25876121, 1, TriggerDetected, "ba2b0242 0100 99d68a01"
25.269750, 38.452808380127, 25876173, 0, 0, "adcf1942 0000 cdd68a01"
25.269800, 20.5613059997559, 25876224, 0, 0, "8e7da441 0000 00d78a01"
25.269850, 27.2393627166748, 25876275, 0, 0, "37ead941 0000 33d78a01"
25.269900, 40.4403610229492, 25876326, 1, TriggerDetected, "eec22142 0100 66d78a01"
25.269950, 24.4785175323486, 25876377, 0, 0, "01d4c341 0000 99d78a01"
25.270000, 22.501522064209, 25876429, 0, 0, "1e03b441 0000 cdd78a01"
25.270050, 39.8527412414551, 25876480, 1, TriggerDetected, "35691f42 0100 00d88a01"
25.270100, 29.6276321411133, 25876531, 0, 0, "6405ed41 0000 33d88a01"
25.270150, 19.4735107421875, 25876582, 0, 0, "c0c99b41 0000 66d88a01"
25.270200, 36.8449211120605, 25876633, 1, TriggerDetected, "33611342 0100 99d88a01"
25.270250, 34.7724113464355, 25876685, 0, 0, "f3160b42 0000 cdd88a01"
25.270300, 18.8589057922363, 25876736, 0, 0, "0adf9641 0000 00d98a01"
25.270350, 32.1203651428223, 25876787, 1, TriggerDetected, "417b0042 0100 33d98a01"
25.270400, 38.7091255187988, 25876838, 0, 0, "25d61a42 0000 66d98a01"
25.270450, 20.8110904693604, 25876889, 0, 0, "1d7da641 0000 99d98a01"
25.270500, 26.8112297058105, 25876941, 0, 0, "667dd641 0000 cdd98a01"
25.270550, 40.486644744873, 25876992, 1, TriggerDetected, "53f22142 0100 00da8a01"
25.270600, 24.8725910186768, 25877043, 0, 0, "11fbc641 0000 33da8a01"
25.270650, 22.1808013916016, 25877094, 0, 0, "4872b141 0000 66da8a01"
25.270700, 39.6938133239746, 25877145, 1, TriggerDetected, "77c61e42 0100 99da8a01"
25.270750, 30.0646133422852, 25877197, 0, 0, "5484f041 0000 cdda8a01"
25.270800, 19.3254375457764, 25877248, 0, 0, "7f9a9a41 0000 00db8a01"
25.270850, 36.5049514770508, 25877299, 1, TriggerDetected, "12051242 0100 33db8a01"
25.270900, 35.1595230102539, 25877350, 0, 0, "5aa30c42 0000 66db8a01"
25.270950, 18.9263343811035, 25877401, 0, 0, "22699741 0000 99db8a01"
25.271000, 31.6920261383057, 25877453, 1, TriggerDetected, "4589fd41 0100 cddb8a01"
25.271050, 38.9426689147949, 25877504, 0, 0, "4bc51b42 0000 00dc8a01"
25.271100, 21.075834274292, 25877555, 0, 0, "4f9ba841 0000 33dc8a01"
25.271150, 26.3865814208984, 25877606, 0, 0, "b817d341 0000 66dc8a01"
25.271200, 40.5223388671875, 25877657, 1, TriggerDetected, "e0162242 0100 99dc8a01"
25.271250, 25.2692337036133, 25877709, 0, 0, "6427ca41 0000 cddc8a01"
25.271300, 21.8651294708252, 25877760, 0, 0, "c9ebae41 0000 00dd8a01"
25.271350, 39.5109367370605, 25877811, 1, TriggerDetected, "330b1e42 0100 33dd8a01"
25.271400, 30.5017852783203, 25877862, 0, 0, "a803f441 0000 66dd8a01"
25.271450, 19.1908111572266, 25877913, 0, 0, "c8869941 0000 99dd8a01"
25.271500, 36.1583786010742, 25877965, 1, TriggerDetected, "2ea21042 0100 cddd8a01"
25.271550, 35.5293273925781, 25878016, 0, 0, "081e0e42 0000 00de8a01"
25.271600, 19.0102405548096, 25878067, 0, 0, "f9149841 0000 33de8a01"
25.271650, 31.2542285919189, 25878118, 1, TriggerDetected, "a908fa41 0100 66de8a01"
25.271700, 39.1667213439941, 25878169, 0, 0, "b9aa1c42 0000 99de8a01"
25.271750, 21.3537616729736, 25878221, 0, 0, "81d4aa41 0000 cdde8a01"
25.271800, 25.9726581573486, 25878272, 0, 0, "01c8cf41 0000 00df8a01"
25.271850, 40.5369758605957, 25878323, 1, TriggerDetected, "dd252242 0100 33df8a01"
25.271900, 25.6724910736084, 25878374, 0, 0, "4361cd41 0000 66df8a01"
25.271950, 21.5625057220459, 25878425, 0, 0, "0380ac41 0000 99df8a01"
25.272000, 39.3175811767578, 25878477, 1, TriggerDetected, "34451d42 0100 cddf8a01"
25.272050, 30.9380989074707, 25878528, 0, 0, "3a81f741 0000 00e08a01"
25.272100, 19.0797519683838, 25878579, 0, 0, "55a39841 0000 33e08a01"
25.272150, 35.7972221374512, 25878630, 1, TriggerDetected, "5b300f42 0100 66e08a01"
25.272200, 35.8948364257813, 25878681, 0, 0, "50940f42 0000 99e08a01"
25.272250, 19.1089248657227, 25878733, 0, 0, "14df9841 0000 cde08a01"
25.272300, 30.8197937011719, 25878784, 1, TriggerDetected, "f08ef641 0100 00e18a01"
25.272350, 39.3707389831543, 25878835, 0, 0, "a37b1d42 0000 33e18a01"
25.272400, 21.6446056365967, 25878886, 0, 0, "2728ad41 0000 66e18a01"
25.272450, 25.5631294250488, 25878937, 0, 0, "4a81cc41 0000 99e18a01"
25.272500, 40.5358772277832, 25878989, 1, TriggerDetected, "bd242242 0100 cde18a01"
25.272550, 26.0875091552734, 25879040, 0, 0, "38b3d041 0000 00e28a01"
25.272600, 21.2743511199951, 25879091, 0, 0, "df31aa41 0000 33e28a01"
25.272650, 39.1055679321289, 25879142, 1, TriggerDetected, "1a6c1c42 0100 66e28a01"
25.272700, 31.3714866638184, 25879193, 0, 0, "cef8fa41 0000 99e28a01"
25.272750, 18.9837417602539, 25879245, 0, 0, "b4de9741 0000 cde28a01"
25.272800, 35.4337959289551, 25879296, 1, TriggerDetected, "35bc0d42 0100 00e38a01"
25.272850, 36.2522583007813, 25879347, 0, 0, "50021142 0000 33e38a01"
25.272900, 19.2254905700684, 25879398, 0, 0, "cecd9941 0000 66e38a01"
25.272950, 30.3809108734131, 25879449, 1, TriggerDetected, "1b0cf341 0100 99e38a01"
25.273000, 39.5562286376953, 25879501, 0, 0, "94391e42 0000 cde38a01"
25.273050, 21.9478149414063, 25879552, 0, 0, "2095af41 0000 00e48a01"
25.273100, 25.1571044921875, 25879603, 0, 0, "c041c941 0000 33e48a01"
25.273150, 40.5118103027344, 25879654, 1, TriggerDetected, "180c2242 0100 66e48a01"
25.273200, 26.5011310577393, 25879705, 0, 0, "5102d441 0000 99e48a01"
25.273250, 21.0027046203613, 25879757, 0, 0, "8a05a841 0000 cde48a01"
25.273300, 38.8831634521484, 25879808, 1, TriggerDetected, "5c881b42 0100 00e58a01"
25.273350, 31.8083343505859, 25879859, 0, 0, "7877fe41 0000 33e58a01"
25.273400, 18.9061107635498, 25879910, 0, 0, "b73f9741 0000 66e58a01"
25.273450, 35.0539817810059, 25879961, 1, TriggerDetected, "47370c42 0100 99e58a01"
25.273500, 36.5931129455566, 25880013, 0, 0, "595f1242 0000 cde58a01"
25.273550, 19.3605327606201, 25880064, 0, 0, "5fe29a41 0000 00e68a01"
25.273600, 29.9408016204834, 25880115, 0, 0, "c386ef41 0000 33e68a01"
25.273650, 39.7341690063477, 25880166, 1, TriggerDetected, "caef1e42 0100 66e68a01"
25.273700, 22.265905380249, 25880217, 0, 0, "9320b241 0000 99e68a01"
25.273750, 24.7637405395508, 25880269, 0, 0, "241cc641 0000 cde68a01"
25.273800, 40.4734916687012, 25880320, 1, TriggerDetected, "dbe42142 0100 00e78a01"
25.273850, 26.928150177002, 25880371, 0, 0, "da6cd741 0000 33e78a01"
25.273900, 20.7404365539551, 25880422, 0, 0, "6aeca541 0000 66e78a01"
25.273950, 38.6426124572754, 25880473, 1, TriggerDetected, "09921a42 0100 99e78a01"
25.274000, 32.2349243164063, 25880525, 0, 0, "90f00042 0000 cde78a01"
25.274050, 18.8409042358398, 25880576, 0, 0, "2cba9641 0000 00e88a01"
25.274100, 34.6671524047852, 25880627, 1, TriggerDetected, "2aab0a42 0100 33e88a01"
25.274150, 36.9334945678711, 25880678, 0, 0, "e6bb1342 0000 66e88a01"
25.274200, 19.5139389038086, 25880729, 0, 0, "8c1c9c41 0000 99e88a01"
25.274250, 29.5048007965088, 25880781, 0, 0, "d509ec41 0000 cde88a01"
25.274300, 39.8926124572754, 25880832, 1, TriggerDetected, "09921f42 0100 00e98a01"
25.274350, 22.5972690582275, 25880883, 0, 0, "35c7b441 0000 33e98a01"
25.274400, 24.3720569610596, 25880934, 0, 0, "f9f9c241 0000 66e98a01"
25.274450, 40.4257125854492, 25880985, 1, TriggerDetected, "eeb32142 0100 99e98a01"
25.274500, 27.3593330383301, 25881037, 0, 0, "eadfda41 0000 cde98a01"
25.274550, 20.4961185455322, 25881088, 0, 0, "0df8a341 0000 00ea8a01"
25.274600, 38.385871887207, 25881139, 1, TriggerDetected, "228b1942 0100 33ea8a01"
25.274650, 32.6655960083008, 25881190, 0, 0, "92a90242 0000 66ea8a01"
25.274700, 18.8051338195801, 25881241, 0, 0, "ea709641 0000 99ea8a01"
25.274750, 34.2766532897949, 25881293, 1, TriggerDetected, "4b1b0942 0100 cdea8a01"
25.274800, 37.2527046203613, 25881344, 0, 0, "c5021542 0000 00eb8a01"
25.274850, 19.6876659393311, 25881395, 0, 0, "57809d41 0000 33eb8a01"
25.274900, 29.0698490142822, 25881446, 0, 0, "0d8fe841 0000 66eb8a01"
25.274950, 40.0403022766113, 25881497, 1, TriggerDetected, "45292042 0100 99eb8a01"
25.275000, 22.9405784606934, 25881549, 0, 0, "4e86b741 0000 cdeb8a01"
25.275050, 23.9937362670898, 25881600, 0, 0, "2cf3bf41 0000 00ec8a01"
25.275100, 40.3460655212402, 25881651, 1, TriggerDetected, "5f622142 0100 33ec8a01"
25.275150, 27.7940883636475, 25881702, 0, 0, "4b5ade41 0000 66ec8a01"
25.275200, 20.2724189758301, 25881753, 0, 0, "ea2da241 0000 99ec8a01"
25.275250, 38.1218223571777, 25881805, 1, TriggerDetected, "bf7c1842 0100 cdec8a01"
25.275300, 33.0826263427734, 25881856, 0, 0, "9c540442 0000 00ed8a01"
25.275350, 18.7790966033936, 25881907, 0, 0, "973b9641 0000 33ed8a01"
25.275400, 33.8733062744141, 25881958, 1, TriggerDetected, "447e0742 0100 66ed8a01"
25.275450, 37.5632858276367, 25882009, 0, 0, "ce401642 0000 99ed8a01"
25.275500, 19.871057510376, 25882061, 0, 0, "edf79e41 0000 cded8a01"
25.275550, 28.6284255981445, 25882112, 0, 0, "0407e541 0000 00ee8a01"
25.275600, 40.1587333679199, 25882163, 1, TriggerDetected, "8ba22042 0100 33ee8a01"
25.275650, 23.2923526763916, 25882214, 0, 0, "bd56ba41 0000 66ee8a01"
25.275700, 23.6235942840576, 25882265, 0, 0, "1ffdbc41 0000 99ee8a01"
25.275750, 40.2638549804688, 25882317, 1, TriggerDetected, "300e2142 0100 cdee8a01"
25.275800, 28.2260131835938, 25882368, 0, 0, "e0cee141 0000 00ef8a01"
25.275850, 20.0542507171631, 25882419, 0, 0, "1b6fa041 0000 33ef8a01"
25.275900, 37.8361358642578, 25882470, 1, TriggerDetected, "34581742 0100 66ef8a01"
25.275950, 33.499439239502, 25882521, 0, 0, "6dff0542 0000 99ef8a01"
25.276000, 18.7693824768066, 25882573, 0, 0, "b2279641 0000 cdef8a01"
25.276050, 33.4676818847656, 25882624, 1, TriggerDetected, "e8de0542 0100 00f08a01"
25.276100, 37.8598899841309, 25882675, 0, 0, "87701742 0000 33f08a01"
25.276150, 20.0723419189453, 25882726, 0, 0, "2894a041 0000 66f08a01"
25.276200, 28.1924285888672, 25882777, 0, 0, "188ae141 0000 99f08a01"
25.276250, 40.2693824768066, 25882829, 1, TriggerDetected, "d9132142 0100 cdf08a01"
25.276300, 23.6538333892822, 25882880, 0, 0, "0d3bbd41 0000 00f18a01"
25.276350, 23.2628955841064, 25882931, 0, 0, "691aba41 0000 33f18a01"
25.276400, 40.1538276672363, 25882982, 1, TriggerDetected, "859d2042 0100 66f18a01"
25.276450, 28.6621189117432, 25883033, 0, 0, "054ce541 0000 99f18a01"
25.276500, 19.8536796569824, 25883085, 0, 0, "56d49e41 0000 cdf18a01"
25.276550, 37.5390815734863, 25883136, 1, TriggerDetected, "05281642 0100 00f28a01"
25.276600, 33.9058799743652, 25883187, 0, 0, "9f9f0742 0000 33f28a01"
25.276650, 18.7759838104248, 25883238, 0, 0, "37359641 0000 66f28a01"
25.276700, 33.0512771606445, 25883289, 1, TriggerDetected, "82340442 0100 99f28a01"
25.276750, 38.1394538879395, 25883341, 0, 0, "cd8e1842 0000 cdf28a01"
25.276800, 20.2892589569092, 25883392, 0, 0, "6750a241 0000 00f38a01"
25.276850, 27.7595348358154, 25883443, 0, 0, "8713de41 0000 33f38a01"
25.276900, 40.3531951904297, 25883494, 1, TriggerDetected, "ac692142 0100 66f38a01"
25.276950, 24.023006439209, 25883545, 0, 0, "1e2fc041 0000 99f38a01"
25.277000, 22.9117317199707, 25883597, 0, 0, "3a4bb741 0000 cdf38a01"
25.277050, 40.023738861084, 25883648, 1, TriggerDetected, "4f182042 0100 00f48a01"
25.277100, 29.1006355285645, 25883699, 0, 0, "1acee841 0000 33f48a01"
25.277150, 19.6725292205811, 25883750, 0, 0, "57619d41 0000 66f48a01"
25.277200, 37.2277183532715, 25883801, 1, TriggerDetected, "2fe91442 0100 99f48a01"
25.277250, 34.3001098632813, 25883853, 0, 0, "50330942 0000 cdf48a01"
25.277300, 18.8038330078125, 25883904, 0, 0, "406e9641 0000 00f58a01"
25.277350, 32.6328086853027, 25883955, 1, TriggerDetected, "ff870242 0100 33f58a01"
25.277400, 38.4104232788086, 25884006, 0, 0, "46a41942 0000 66f58a01"
25.277450, 20.5144500732422, 25884057, 0, 0, "981da441 0000 99f58a01"
25.277500, 27.3204898834229, 25884109, 0, 0, "5d90da41 0000 cdf58a01"
25.277550, 40.4236831665039, 25884160, 1, TriggerDetected, "dab12142 0100 00f68a01"
25.277600, 24.4057388305664, 25884211, 0, 0, "f43ec341 0000 33f68a01"
25.277650, 22.5735130310059, 25884262, 0, 0, "8e96b441 0000 66f68a01"
25.277700, 39.8858451843262, 25884313, 1, TriggerDetected, "1b8b1f42 0100 99f68a01"
25.277750, 29.5427322387695, 25884365, 0, 0, "8457ec41 0000 cdf68a01"
25.277800, 19.5055122375488, 25884416, 0, 0, "4a0b9c41 0000 00f78a01"
25.277850, 36.9067115783691, 25884467, 1, TriggerDetected, "79a01342 0100 33f78a01"
25.277900, 34.7028312683105, 25884518, 0, 0, "b3cf0a42 0000 66f78a01"
25.277950, 18.8479156494141, 25884569, 0, 0, "88c89641 0000 99f78a01"
25.278000, 32.2078971862793, 25884621, 1, TriggerDetected, "e3d40042 0100 cdf78a01"
25.278050, 38.6630783081055, 25884672, 0, 0, "fea61a42 0000 00f88a01"
25.278100, 20.766565322876, 25884723, 0, 0, "ed21a641 0000 33f88a01"
25.278150, 26.8935298919678, 25884774, 0, 0, "f325d741 0000 66f88a01"
25.278200, 40.4819450378418, 25884825, 1, TriggerDetected, "83ed2142 0100 99f88a01"
25.278250, 24.7964649200439, 25884877, 0, 0, "295fc641 0000 cdf88a01"
25.278300, 22.2492160797119, 25884928, 0, 0, "65feb141 0000 00f98a01"
25.278350, 39.7262229919434, 25884979, 1, TriggerDetected, "a7e71e42 0100 33f98a01"
25.278400, 29.9823589324951, 25885030, 0, 0, "dfdbef41 0000 66f98a01"
25.278450, 19.355525970459, 25885081, 0, 0, "1ed89a41 0000 99f98a01"
25.278500, 36.5744552612305, 25885133, 1, TriggerDetected, "3e4c1242 0100 cdf98a01"
25.278550, 35.0859870910645, 25885184, 0, 0, "0d580c42 0000 00fa8a01"
25.278600, 18.9144763946533, 25885235, 0, 0, "d9509741 0000 33fa8a01"
25.278650, 31.7756862640381, 25885286, 1, TriggerDetected, "9b34fe41 0100 66fa8a01"
25.278700, 38.9057235717773, 25885337, 0, 0, "769f1b42 0000 99fa8a01"
25.278750, 21.0291290283203, 25885389, 0, 0, "a83ba841 0000 cdfa8a01"
25.278800, 26.4731140136719, 25885440, 0, 0, "f0c8d341 0000 00fb8a01"
25.278850, 40.5176963806152, 25885491, 1, TriggerDetected, "1f122242 0100 33fb8a01"
25.278900, 25.1918392181396, 25885542, 0, 0, "e388c941 0000 66fb8a01"
25.278950, 21.9291744232178, 25885593, 0, 0, "f36eaf41 0000 99fb8a01"
25.279000, 39.5523414611816, 25885645, 1, TriggerDetected, "99351e42 0100 cdfb8a01"
25.279050, 30.4166088104248, 25885696, 0, 0, "3755f341 0000 00fc8a01"
25.279100, 19.2222690582275, 25885747, 0, 0, "35c79941 0000 33fc8a01"
25.279150, 36.2258644104004, 25885798, 1, TriggerDetected, "49e71042 0100 66fc8a01"
25.279200, 35.4700355529785, 25885849, 0, 0, "51e10d42 0000 99fc8a01"
25.279250, 18.9951648712158, 25885901, 0, 0, "19f69741 0000 cdfc8a01"
25.279300, 31.3449478149414, 25885952, 1, TriggerDetected, "74c2fa41 0100 00fd8a01"
25.279350, 39.1261215209961, 25886003, 0, 0, "26811c42 0000 33fd8a01"
25.279400, 21.3008270263672, 25886054, 0, 0, "1868aa41 0000 66fd8a01"
25.279450, 26.0579032897949, 25886105, 0, 0, "9676d041 0000 99fd8a01"
25.279500, 40.5382041931152, 25886157, 1, TriggerDetected, "1f272242 0100 cdfd8a01"
25.279550, 25.5951137542725, 25886208, 0, 0, "cbc2cc41 0000 00fe8a01"
25.279600, 21.6217479705811, 25886259, 0, 0, "57f9ac41 0000 33fe8a01"
25.279650, 39.3538513183594, 25886310, 1, TriggerDetected, "586a1d42 0100 66fe8a01"
25.279700, 30.8563098907471, 25886361, 0, 0, "b9d9f641 0000 99fe8a01"
25.279750, 19.0998477935791, 25886413, 0, 0, "7dcc9841 0000 cdfe8a01"
25.279800, 35.8708267211914, 25886464, 1, TriggerDetected, "ba7b0f42 0100 00ff8a01"
25.279850, 35.8309516906738, 25886515, 0, 0, "e5520f42 0000 33ff8a01"
25.279900, 19.0855121612549, 25886566, 0, 0, "21af9841 0000 66ff8a01"
25.279950, 30.9017810821533, 25886617, 1, TriggerDetected, "d936f741 0100 99ff8a01"
25.280000, 39.3322067260742, 25886669, 0, 0, "2e541d42 0000 cdff8a01"
25.280050, 21.5889930725098, 25886720, 0, 0, "42b6ac41 0000 00008b01"
25.280100, 25.6423664093018, 25886771, 0, 0, "9123cd41 0000 33008b01"
25.280150, 40.5340919494629, 25886822, 1, TriggerDetected, "e9222242 0100 66008b01"
25.280200, 26.003999710083, 25886873, 0, 0, "3108d041 0000 99008b01"
25.280250, 21.3302593231201, 25886925, 0, 0, "5fa4aa41 0000 cd008b01"
25.280300, 39.1545753479004, 25886976, 1, TriggerDetected, "499e1c42 0100 00018b01"
25.280350, 31.2950534820557, 25887027, 0, 0, "455cfa41 0000 33018b01"
25.280400, 19.0060272216797, 25887078, 0, 0, "580c9841 0000 66018b01"
25.280450, 35.5067901611328, 25887129, 1, TriggerDetected, "f4060e42 0100 99018b01"
25.280500, 36.1895561218262, 25887181, 0, 0, "1bc21042 0000 cd018b01"
25.280550, 19.2038288116455, 25887232, 0, 0, "71a19941 0000 00028b01"
25.280600, 30.4690265655518, 25887283, 1, TriggerDetected, "91c0f341 0100 33028b01"
25.280650, 39.5268325805664, 25887334, 0, 0, "7a1b1e42 0000 66028b01"
25.280700, 21.8894081115723, 25887385, 0, 0, "821daf41 0000 99028b01"
25.280750, 25.2388401031494, 25887437, 0, 0, "25e9c941 0000 cd028b01"
25.280800, 40.5210380554199, 25887488, 1, TriggerDetected, "8b152242 0100 00038b01"
25.280850, 26.4236145019531, 25887539, 0, 0, "9063d341 0000 33038b01"
25.280900, 21.0520286560059, 25887590, 0, 0, "8e6aa841 0000 66038b01"
25.280950, 38.9220542907715, 25887641, 1, TriggerDetected, "2fb01b42 0100 99038b01"
25.281000, 31.7207679748535, 25887693, 0, 0, "22c4fd41 0000 cd038b01"
25.281050, 18.917064666748, 25887744, 0, 0, "26569741 0000 00048b01"
25.281100, 35.1285629272461, 25887795, 1, TriggerDetected, "a6830c42 0100 33048b01"
25.281150, 36.529956817627, 25887846, 0, 0, "ad1e1242 0000 66048b01"
25.281200, 19.3326721191406, 25887897, 0, 0, "50a99a41 0000 99048b01"
25.281250, 30.0256309509277, 25887949, 0, 0, "7e34f041 0000 cd048b01"
25.281300, 39.7020874023438, 25888000, 1, TriggerDetected, "f0ce1e42 0100 00058b01"
25.281350, 22.2035694122314, 25888051, 0, 0, "e9a0b141 0000 33058b01"
25.281400, 24.8375511169434, 25888102, 0, 0, "4eb3c641 0000 66058b01"
25.281450, 40.4825553894043, 25888153, 1, TriggerDetected, "23ee2142 0100 99058b01"
25.281500, 26.8452167510986, 25888205, 0, 0, "01c3d641 0000 cd058b01"
25.281550, 20.7903270721436, 25888256, 0, 0, "9752a641 0000 00068b01"
25.281600, 38.6884994506836, 25888307, 1, TriggerDetected, "06c11a42 0100 33068b01"
25.281650, 32.1533699035645, 25888358, 0, 0, "0d9d0042 0000 66068b01"
25.281700, 18.8542594909668, 25888409, 0, 0, "86d59641 0000 99068b01"
25.281750, 34.7436561584473, 25888461, 1, TriggerDetected, "81f90a42 0100 cd068b01"
25.281800, 36.8694458007813, 25888512, 0, 0, "507a1342 0000 00078b01"
25.281850, 19.486946105957, 25888563, 0, 0, "44e59b41 0000 33078b01"
25.281900, 29.5909309387207, 25888614, 0, 0, "3abaec41 0000 66078b01"
25.281950, 39.8647041320801, 25888665, 1, TriggerDetected, "75751f42 0100 99078b01"
25.282000, 22.5323753356934, 25888717, 0, 0, "4e42b441 0000 cd078b01"
25.282050, 24.450740814209, 25888768, 0, 0, "1e9bc341 0000 00088b01"
25.282100, 40.4347190856934, 25888819, 1, TriggerDetected, "27bd2142 0100 33088b01"
25.282150, 27.2792015075684, 25888870, 0, 0, "ce3bda41 0000 66088b01"
25.282200, 20.5474529266357, 25888921, 0, 0, "2f61a441 0000 99088b01"
25.282250, 38.4415435791016, 25888973, 1, TriggerDetected, "24c41942 0100 cd088b01"
25.282300, 32.5848655700684, 25889024, 0, 0, "e7560242 0000 00098b01"
25.282350, 18.8129329681396, 25889075, 0, 0, "e3809641 0000 33098b01"
25.282400, 34.3541488647461, 25889126, 1, TriggerDetected, "a66a0942 0100 66098b01"
25.282450, 37.1950836181641, 25889177, 0, 0, "c4c71442 0000 99098b01"
25.282500, 19.6485900878906, 25889229, 0, 0, "50309d41 0000 cd098b01"
25.282550, 29.1504878997803, 25889280, 0, 0, "3334e941 0000 000a8b01"
25.282600, 40.0079498291016, 25889331, 1, TriggerDetected, "24082042 0100 330a8b01"
25.282650, 22.8689441680908, 25889382, 0, 0, "99f3b641 0000 660a8b01"
25.282700, 24.0660820007324, 25889433, 0, 0, "5687c041 0000 990a8b01"
25.282750, 40.3661499023438, 25889485, 1, TriggerDetected, "f0762142 0100 cd0a8b01"
25.282800, 27.7047138214111, 25889536, 0, 0, "41a3dd41 0000 000b8b01"
25.282850, 20.3108730316162, 25889587, 0, 0, "ab7ca241 0000 330b8b01"
25.282900, 38.1647872924805, 25889638, 1, TriggerDetected, "bea81842 0100 660b8b01"
25.282950, 33.0019607543945, 25889689, 0, 0, "02020442 0000 990b8b01"
25.283000, 18.7826461791992, 25889741, 0, 0, "dc429641 0000 cd0b8b01"
25.283050, 33.9517250061035, 25889792, 1, TriggerDetected, "91ce0742 0100 000c8b01"
25.283100, 37.5024261474609, 25889843, 0, 0, "7c021642 0000 330c8b01"
25.283150, 19.8373584747314, 25889894, 0, 0, "e9b29e41 0000 660c8b01"
25.283200, 28.7128219604492, 25889945, 0, 0, "dcb3e541 0000 990c8b01"
25.283250, 40.1426048278809, 25889997, 1, TriggerDetected, "07922042 0100 cd0c8b01"
25.283300, 23.2247791290283, 25890048, 0, 0, "59ccb941 0000 000d8b01"
25.283350, 23.6918163299561, 25890099, 0, 0, "d788bd41 0000 330d8b01"
25.283400, 40.2784461975098, 25890150, 1, TriggerDetected, "211d2142 0100 660d8b01"
25.283450, 28.1436576843262, 25890201, 0, 0, "3626e141 0000 990d8b01"
25.283500, 20.0956897735596, 25890253, 0, 0, "f9c3a041 0000 cd0d8b01"
25.283550, 37.8900604248047, 25890304, 1, TriggerDetected, "6c8f1742 0100 000e8b01"
25.283600, 33.4150772094727, 25890355, 0, 0, "0aa90542 0000 330e8b01"
25.283650, 18.772367477417, 25890406, 0, 0, "cf2d9641 0000 660e8b01"
25.283700, 33.5436706542969, 25890457, 1, TriggerDetected, "b82c0642 0100 990e8b01"
25.283750, 37.8058433532715, 25890509, 0, 0, "2f391742 0000 cd0e8b01"
25.283800, 20.0329627990723, 25890560, 0, 0, "8243a041 0000 000f8b01"
25.283850, 28.2779064178467, 25890611, 0, 0, "2739e241 0000 330f8b01"
25.283900, 40.2446174621582, 25890662, 1, TriggerDetected, "7dfa2042 0100 660f8b01"
25.283950, 23.5879096984863, 25890713, 0, 0, "0ab4bc41 0000 990f8b01"
25.284000, 23.3303241729736, 25890765, 0, 0, "81a4ba41 0000 cd0f8b01"
25.284050, 40.1739921569824, 25890816, 1, TriggerDetected, "2bb22042 0100 00108b01"
25.284100, 28.5795745849609, 25890867, 0, 0, "f8a2e441 0000 33108b01"
25.284150, 19.8904552459717, 25890918, 0, 0, "a71f9f41 0000 66108b01"
25.284200, 37.5986633300781, 25890969, 1, TriggerDetected, "08651642 0100 99108b01"
25.284250, 33.8296928405762, 25891021, 0, 0, "9b510742 0000 cd108b01"
25.284300, 18.7772731781006, 25891072, 0, 0, "db379641 0000 00118b01"
25.284350, 33.1363754272461, 25891123, 1, TriggerDetected, "a68b0442 0100 33118b01"
25.284400, 38.0870819091797, 25891174, 0, 0, "2c591842 0000 66118b01"
25.284450, 20.2485847473145, 25891225, 0, 0, "1afda141 0000 99118b01"
25.284500, 27.8416595458984, 25891277, 0, 0, "b8bbde41 0000 cd118b01"
25.284550, 40.3488540649414, 25891328, 1, TriggerDetected, "3a652142 0100 00128b01"
25.284600, 23.9554634094238, 25891379, 0, 0, "caa4bf41 0000 33128b01"
25.284650, 22.9780941009521, 25891430, 0, 0, "23d3b741 0000 66128b01"
25.284700, 40.0501556396484, 25891481, 1, TriggerDetected, "5c332042 0100 99128b01"
25.284750, 29.0156688690186, 25891533, 0, 0, "1720e841 0000 cd128b01"
25.284800, 19.7040176391602, 25891584, 0, 0, "d4a19d41 0000 00138b01"
25.284850, 37.2856941223145, 25891635, 1, TriggerDetected, "8d241542 0100 33138b01"
25.284900, 34.2287521362305, 25891686, 0, 0, "3eea0842 0000 66138b01"
25.284950, 18.799337387085, 25891737, 0, 0, "0b659641 0000 99138b01"
25.285000, 32.7140998840332, 25891789, 1, TriggerDetected, "3ddb0242 0100 cd138b01"
25.285050, 38.3579063415527, 25891840, 0, 0, "7f6e1942 0000 00148b01"
25.285100, 20.4745769500732, 25891891, 0, 0, "efcba341 0000 33148b01"
25.285150, 27.4152736663818, 25891942, 0, 0, "7b52db41 0000 66148b01"
25.285200, 40.4131507873535, 25891993, 1, TriggerDetected, "11a72142 0100 99148b01"
25.285250, 24.3327503204346, 25892045, 0, 0, "79a9c241 0000 cd148b01"
25.285300, 22.6373176574707, 25892096, 0, 0, "3a19b541 0000 00158b01"
25.285350, 39.9147682189941, 25892147, 1, TriggerDetected, "b9a81f42 0100 33158b01"
25.285400, 29.456995010376, 25892198, 0, 0, "eda7eb41 0000 66158b01"
25.285450, 19.5391101837158, 25892249, 0, 0, "19509c41 0000 99158b01"
25.285500, 36.968448638916, 25892301, 1, TriggerDetected, "b1df1342 0100 cd158b01"
25.285550, 34.6228866577148, 25892352, 0, 0, "d67d0a42 0000 00168b01"
25.285600, 18.8383445739746, 25892403, 0, 0, "eeb49641 0000 33168b01"
25.285650, 32.2880363464355, 25892454, 1, TriggerDetected, "f3260142 0100 66168b01"
25.285700, 38.612850189209, 25892505, 0, 0, "8f731a42 0000 99168b01"
25.285750, 20.7157917022705, 25892557, 0, 0, "f1b9a541 0000 cd168b01"
25.285800, 26.9825611114502, 25892608, 0, 0, "49dcd741 0000 00178b01"
25.285850, 40.4737892150879, 25892659, 1, TriggerDetected, "29e52142 0100 33178b01"
25.285900, 24.7222671508789, 25892710, 0, 0, "34c7c541 0000 66178b01"
25.285950, 22.3087291717529, 25892761, 0, 0, "4778b241 0000 99178b01"
25.286000, 39.7577857971191, 25892813, 1, TriggerDetected, "f9071f42 0100 cd178b01"
25.286050, 29.8929328918457, 25892864, 0, 0, "ba24ef41 0000 00188b01"
25.286100, 19.3797740936279, 25892915, 0, 0, "c7099b41 0000 33188b01"
25.286150, 36.6433219909668, 25892966, 1, TriggerDetected, "c3921242 0100 66188b01"
25.286200, 35.014949798584, 25893017, 0, 0, "4f0f0c42 0000 99188b01"
25.286250, 18.8972454071045, 25893069, 0, 0, "8f2d9741 0000 cd188b01"
25.286300, 31.8606662750244, 25893120, 1, TriggerDetected, "a5e2fe41 0100 00198b01"
25.286350, 38.8556632995605, 25893171, 0, 0, "336c1b42 0000 33198b01"
25.286400, 20.9754104614258, 25893222, 0, 0, "a4cda741 0000 66198b01"
25.286450, 26.5571231842041, 25893273, 0, 0, "fd74d441 0000 99198b01"
25.286500, 40.5141830444336, 25893325, 1, TriggerDetected, "860e2242 0100 cd198b01"
25.286550, 25.1132144927979, 25893376, 0, 0, "dde7c841 0000 001a8b01"
25.286600, 21.9874172210693, 25893427, 0, 0, "3be6af41 0000 331a8b01"
25.286650, 39.5830841064453, 25893478, 1, TriggerDetected, "14551e42 0100 661a8b01"
25.286700, 30.3323955535889, 25893529, 0, 0, "bfa8f241 0000 991a8b01"
25.286750, 19.2433223724365, 25893581, 0, 0, "53f29941 0000 cd1a8b01"
25.286800, 36.2994194030762, 25893632, 1, TriggerDetected, "9b321142 0100 001b8b01"
25.286850, 35.391170501709, 25893683, 0, 0, "8f900d42 0000 331b8b01"
25.286900, 18.9754600524902, 25893734, 0, 0, "becd9741 0000 661b8b01"
25.286950, 31.4255104064941, 25893785, 1, TriggerDetected, "7267fb41 0100 991b8b01"
25.287000, 39.081470489502, 25893837, 0, 0, "6d531c42 0000 cd1b8b01"
25.287050, 21.2487716674805, 25893888, 0, 0, "7cfda941 0000 001c8b01"
25.287100, 26.134708404541, 25893939, 0, 0, "e213d141 0000 331c8b01"
25.287150, 40.530143737793, 25893990, 1, TriggerDetected, "de1e2242 0100 661c8b01"
25.287200, 25.5215339660645, 25894041, 0, 0, "1a2ccc41 0000 991c8b01"
25.287250, 21.6822185516357, 25894093, 0, 0, "2f75ad41 0000 cd1c8b01"
25.287300, 39.3984794616699, 25894144, 1, TriggerDetected, "0b981d42 0100 001d8b01"
25.287350, 30.7704524993896, 25894195, 0, 0, "e329f641 0000 331d8b01"
25.287400, 19.1243438720703, 25894246, 0, 0, "a8fe9841 0000 661d8b01"
25.287450, 35.9416313171387, 25894297, 1, TriggerDetected, "3bc40f42 0100 991d8b01"
25.287500, 35.7610473632813, 25894349, 0, 0, "500b0f42 0000 cd1d8b01"
25.287550, 19.0722465515137, 25894400, 0, 0, "f6939841 0000 001e8b01"
25.287600, 30.9950294494629, 25894451, 1, TriggerDetected, "d2f5f741 0100 331e8b01"
25.287650, 39.2958831787109, 25894502, 0, 0, "fc2e1d42 0000 661e8b01"
25.287700, 21.5362033843994, 25894553, 0, 0, "254aac41 0000 991e8b01"
25.287750, 25.7224769592285, 25894605, 0, 0, "a2c7cd41 0000 cd1e8b01"
25.287800, 40.5419883728027, 25894656, 1, TriggerDetected, "ff2a2242 0100 001f8b01"
25.287850, 25.9292831420898, 25894707, 0, 0, "2c6fcf41 0000 331f8b01"
25.287900, 21.3867015838623, 25894758, 0, 0, "f717ab41 0000 661f8b01"
25.287950, 39.1938171386719, 25894809, 1, TriggerDetected, "78c61c42 0100 991f8b01"
25.288000, 31.2093524932861, 25894861, 0, 0, "c1acf941 0000 cd1f8b01"
25.288050, 19.0223636627197, 25894912, 0, 0, "cd2d9841 0000 00208b01"
25.288100, 35.5833549499512, 25894963, 1, TriggerDetected, "5b550e42 0100 33208b01"
25.288150, 36.1181678771973, 25895014, 0, 0, "01791042 0000 66208b01"
25.288200, 19.1791458129883, 25895065, 0, 0, "e46e9941 0000 99208b01"
25.288250, 30.5522956848145, 25895117, 1, TriggerDetected, "1a6bf441 0100 cd208b01"
25.288300, 39.4935302734375, 25895168, 0, 0, "60f91d42 0000 00218b01"
25.288350, 21.8351860046387, 25895219, 0, 0, "76aeae41 0000 33218b01"
25.288400, 25.3144226074219, 25895270, 0, 0, "f083ca41 0000 66218b01"
25.288450, 40.5205268859863, 25895321, 1, TriggerDetected, "05152242 0100 99218b01"
25.288500, 26.3417778015137, 25895373, 0, 0, "f6bbd241 0000 cd218b01"
25.288550, 21.107551574707, 25895424, 0, 0, "44dca841 0000 00228b01"
25.288600, 38.977481842041, 25895475, 1, TriggerDetected, "f1e81b42 0100 33228b01"
25.288650, 31.6428661346436, 25895526, 0, 0, "9724fd41 0000 66228b01"
25.288700, 18.9294395446777, 25895577, 0, 0, "7e6f9741 0000 99228b01"
25.288750, 35.1990699768066, 25895629, 1, TriggerDetected, "d9cb0c42 0100 cd228b01"
25.288800, 36.4665222167969, 25895680, 0, 0, "b8dd1142 0000 00238b01"
25.288850, 19.3070735931396, 25895731, 0, 0, "e3749a41 0000 33238b01"
25.288900, 30.1124134063721, 25895782, 1, TriggerDetected, "39e6f041 0100 66238b01"
25.288950, 39.6696929931641, 25895833, 0, 0, "c4ad1e42 0000 99238b01"
25.289000, 22.1386089324951, 25895885, 0, 0, "df1bb141 0000 cd238b01"
25.289050, 24.9080848693848, 25895936, 0, 0, "c243c741 0000 00248b01"
25.289100, 40.4882926940918, 25895987, 1, TriggerDetected, "03f42142 0100 33248b01"
25.289150, 26.7625675201416, 25896038, 0, 0, "bd19d641 0000 66248b01"
25.289200, 20.8389778137207, 25896089, 0, 0, "3ab6a641 0000 99248b01"
25.289250, 38.7358512878418, 25896141, 1, TriggerDetected, "83f11a42 0100 cd248b01"
25.289300, 32.0665168762207, 25896192, 0, 0, "1d440042 0000 00258b01"
25.289350, 18.8645267486572, 25896243, 0, 0, "8dea9641 0000 33258b01"
25.289400, 34.8209571838379, 25896294, 1, TriggerDetected, "a9480b42 0100 66258b01"
25.289450, 36.8038673400879, 25896345, 0, 0, "29371342 0000 99258b01"
25.289500, 19.4532470703125, 25896397, 0, 0, "40a09b41 0000 cd258b01"
25.289550, 29.6713485717773, 25896448, 0, 0, "ec5eed41 0000 00268b01"
25.289600, 39.8316268920898, 25896499, 1, TriggerDetected, "96531f42 0100 33268b01"
25.289650, 22.4675331115723, 25896550, 0, 0, "82bdb341 0000 66268b01"
25.289700, 24.519645690918, 25896601, 0, 0, "3c28c441 0000 99268b01"
25.289750, 40.4462509155273, 25896653, 1, TriggerDetected, "f6c82142 0100 cd268b01"
25.289800, 27.1911334991455, 25896704, 0, 0, "7187d941 0000 00278b01"
25.289850, 20.5917510986328, 25896755, 0, 0, "e8bba441 0000 33278b01"
25.289900, 38.4900703430176, 25896806, 1, TriggerDetected, "d5f51942 0100 66278b01"
25.289950, 32.5007400512695, 25896857, 0, 0, "c2000242 0000 99278b01"
25.290000, 18.8171215057373, 25896909, 0, 0, "77899641 0000 cd278b01"
25.290050, 34.4300651550293, 25896960, 1, TriggerDetected, "63b80942 0100 00288b01"
25.290100, 37.1244812011719, 25897011, 0, 0, "787f1442 0000 33288b01"
25.290150, 19.6117858886719, 25897062, 0, 0, "f0e49c41 0000 66288b01"
25.290200, 29.2332897186279, 25897113, 0, 0, "c7dde941 0000 99288b01"
25.290250, 39.9798011779785, 25897165, 1, TriggerDetected, "51eb1f42 0100 cd288b01"
25.290300, 22.8024654388428, 25897216, 0, 0, "736bb641 0000 00298b01"
25.290350, 24.1360569000244, 25897267, 0, 0, "a516c141 0000 33298b01"
25.290400, 40.3738746643066, 25897318, 1, TriggerDetected, "d97e2142 0100 66298b01"
25.290450, 27.6157646179199, 25897369, 0, 0, "16eddc41 0000 99298b01"
25.290500, 20.3540687561035, 25897421, 0, 0, "22d5a241 0000 cd298b01"
25.290550, 38.2205047607422, 25897472, 1, TriggerDetected, "cce11842 0100 002a8b01"
25.290600, 32.9153175354004, 25897523, 0, 0, "49a90342 0000 332a8b01"
25.290650, 18.7782230377197, 25897574, 0, 0, "cd399641 0000 662a8b01"
25.290700, 34.0285301208496, 25897625, 1, TriggerDetected, "371d0842 0100 992a8b01"
25.290750, 37.4408340454102, 25897677, 0, 0, "6ac31542 0000 cd2a8b01"
25.290800, 19.7879257202148, 25897728, 0, 0, "ac4d9e41 0000 002b8b01"
25.290850, 28.7955207824707, 25897779, 0, 0, "3a5de641 0000 332b8b01"
25.290900, 40.1101150512695, 25897830, 1, TriggerDetected, "c2702042 0100 662b8b01"
25.290950, 23.1520175933838, 25897881, 0, 0, "5537b941 0000 992b8b01"
25.291000, 23.7604141235352, 25897933, 0, 0, "5415be41 0000 cd2b8b01"
25.291050, 40.2921943664551, 25897984, 1, TriggerDetected, "352b2142 0100 002c8b01"
25.291100, 28.0524845123291, 25898035, 0, 0, "7d6be041 0000 332c8b01"
25.291150, 20.1300926208496, 25898086, 0, 0, "6e0aa141 0000 662c8b01"
25.291200, 37.9444770812988, 25898137, 1, TriggerDetected, "25c71742 0100 992c8b01"
25.291250, 33.335750579834, 25898189, 0, 0, "cf570542 0000 cd2c8b01"
25.291300, 18.7666931152344, 25898240, 0, 0, "30229641 0000 002d8b01"
25.291350, 33.6213874816895, 25898291, 1, TriggerDetected, "4d7c0642 0100 332d8b01"
25.291400, 37.7392845153809, 25898342, 0, 0, "07f51642 0000 662d8b01"
25.291450, 19.9909934997559, 25898393, 0, 0, "8eed9f41 0000 992d8b01"
25.291500, 28.3565769195557, 25898445, 0, 0, "45dae241 0000 cd2d8b01"
25.291550, 40.2265281677246, 25898496, 1, TriggerDetected, "f7e72042 0100 002e8b01"
25.291600, 23.5061016082764, 25898547, 0, 0, "7f0cbc41 0000 332e8b01"
25.291650, 23.4014167785645, 25898598, 0, 0, "1a36bb41 0000 662e8b01"
25.291700, 40.1939086914063, 25898649, 1, TriggerDetected, "90c62042 0100 992e8b01"
25.291750, 28.4919509887695, 25898701, 0, 0, "84efe341 0000 cd2e8b01"
25.291800, 19.9311790466309, 25898752, 0, 0, "0e739f41 0000 002f8b01"
25.291850, 37.6566619873047, 25898803, 1, TriggerDetected, "6ca01642 0100 332f8b01"
25.291900, 33.7465858459473, 25898854, 0, 0, "81fc0642 0000 662f8b01"
25.291950, 18.7693634033203, 25898905, 0, 0, "a8279641 0000 992f8b01"
25.292000, 33.211483001709, 25898957, 1, TriggerDetected, "8fd80442 0100 cd2f8b01"
25.292050, 38.0353546142578, 25899008, 0, 0, "34241842 0000 00308b01"
25.292100, 20.2035636901855, 25899059, 0, 0, "e6a0a141 0000 33308b01"
25.292150, 27.9250564575195, 25899110, 0, 0, "8466df41 0000 66308b01"
25.292200, 40.3211135864258, 25899161, 1, TriggerDetected, "d2482142 0100 99308b01"
25.292250, 23.8784961700439, 25899213, 0, 0, "2907bf41 0000 cd308b01"
25.292300, 23.0422554016113, 25899264, 0, 0, "8a56b841 0000 00318b01"
25.292350, 40.0757484436035, 25899315, 1, TriggerDetected, "914d2042 0100 33318b01"
25.292400, 28.9246768951416, 25899366, 0, 0, "bd65e741 0000 66318b01"
25.292450, 19.738639831543, 25899417, 0, 0, "bce89d41 0000 99318b01"
25.292500, 37.3489532470703, 25899469, 1, TriggerDetected, "54651542 0100 cd318b01"
25.292550, 34.1504898071289, 25899520, 0, 0, "1a9a0842 0000 00328b01"
25.292600, 18.7913627624512, 25899571, 0, 0, "b6549641 0000 33328b01"
25.292650, 32.7934532165527, 25899622, 1, TriggerDetected, "7f2c0342 0100 66328b01"
25.292700, 38.3000602722168, 25899673, 0, 0, "43331942 0000 99328b01"
25.292750, 20.4210834503174, 25899725, 0, 0, "615ea341 0000 cd328b01"
25.292800, 27.4913082122803, 25899776, 0, 0, "33eedb41 0000 00338b01"
25.292850, 40.4018974304199, 25899827, 1, TriggerDetected, "8b9b2142 0100 33338b01"
25.292900, 24.2566719055176, 25899878, 0, 0, "aa0dc241 0000 66338b01"
25.292950, 22.7005939483643, 25899929, 0, 0, "d19ab541 0000 99338b01"
25.293000, 39.9367599487305, 25899981, 1, TriggerDetected, "3ebf1f42 0100 cd338b01"
25.293050, 29.3664855957031, 25900032, 0, 0, "90eeea41 0000 00348b01"
25.293100, 19.5667724609375, 25900083, 0, 0, "c0889c41 0000 33348b01"
25.293150, 37.0340614318848, 25900134, 1, TriggerDetected, "e1221442 0100 66348b01"
25.293200, 34.5475006103516, 25900185, 0, 0, "a4300a42 0000 99348b01"
25.293250, 18.82887840271, 25900237, 0, 0, "8ba19641 0000 cd348b01"
25.293300, 32.3653602600098, 25900288, 1, TriggerDetected, "21760142 0100 00358b01"
25.293350, 38.5659828186035, 25900339, 0, 0, "91431a42 0000 33358b01"
25.293400, 20.6680965423584, 25900390, 0, 0, "4358a541 0000 66358b01"
25.293450, 27.0610675811768, 25900441, 0, 0, "117dd841 0000 99358b01"
25.293500, 40.462646484375, 25900493, 1, TriggerDetected, "c0d92142 0100 cd358b01"
25.293550, 24.644021987915, 25900544, 0, 0, "f526c541 0000 00368b01"
25.293600, 22.3673343658447, 25900595, 0, 0, "4df0b241 0000 33368b01"
25.293650, 39.7881851196289, 25900646, 1, TriggerDetected, "1a271f42 0100 66368b01"
25.293700, 29.8072071075439, 25900697, 0, 0, "2975ee41 0000 99368b01"
25.293750, 19.4098510742188, 25900749, 0, 0, "60479b41 0000 cd368b01"
25.293800, 36.7026062011719, 25900800, 1, TriggerDetected, "78cf1242 0100 00378b01"
25.293850, 34.9337272644043, 25900851, 0, 0, "23bc0b42 0000 33378b01"
25.293900, 18.8828239440918, 25900902, 0, 0, "06109741 0000 66378b01"
25.293950, 31.9420757293701, 25900953, 1, TriggerDetected, "5f89ff41 0100 99378b01"
25.294000, 38.8085746765137, 25901005, 0, 0, "fb3b1b42 0000 cd378b01"
25.294050, 20.9227695465088, 25901056, 0, 0, "d561a741 0000 00388b01"
25.294100, 26.6349639892578, 25901107, 0, 0, "6814d541 0000 33388b01"
25.294150, 40.5027732849121, 25901158, 1, TriggerDetected, "d7022242 0100 66388b01"
25.294200, 25.0377712249756, 25901209, 0, 0, "5b4dc841 0000 99388b01"
25.294250, 22.0490188598633, 25901261, 0, 0, "6464b041 0000 cd388b01"
25.294300, 39.6181411743164, 25901312, 1, TriggerDetected, "fa781e42 0100 00398b01"
25.294350, 30.2463493347168, 25901363, 0, 0, "86f8f141 0000 33398b01"
25.294400, 19.2688484191895, 25901414, 0, 0, "9a269a41 0000 66398b01"
25.294450, 36.3617935180664, 25901465, 1, TriggerDetected, "7a721142 0100 99398b01"
25.294500, 35.3182487487793, 25901517, 0, 0, "e3450d42 0000 cd398b01"
25.294550, 18.9644317626953, 25901568, 0, 0, "28b79741 0000 003a8b01"
25.294600, 31.5100440979004, 25901619, 1, TriggerDetected, "9214fc41 0100 333a8b01"
25.294650, 39.0460739135742, 25901670, 0, 0, "2e2f1c42 0000 663a8b01"
25.294700, 21.1989593505859, 25901721, 0, 0, "7897a941 0000 993a8b01"
25.294750, 26.2189903259277, 25901773, 0, 0, "7ec0d141 0000 cd3a8b01"
25.294800, 40.5318832397461, 25901824, 1, TriggerDetected, "a6202242 0100 003b8b01"
25.294850, 25.4445171356201, 25901875, 0, 0, "5f8ecb41 0000 333b8b01"
25.294900, 21.7408275604248, 25901926, 0, 0, "37edad41 0000 663b8b01"
25.294950, 39.4353981018066, 25901977, 1, TriggerDetected, "d9bd1d42 0100 993b8b01"
25.295000, 30.692232131958, 25902029, 0, 0, "b189f541 0000 cd3b8b01"
25.295050, 19.1511650085449, 25902080, 0, 0, "96359941 0000 003c8b01"
25.295100, 36.0098342895508, 25902131, 1, TriggerDetected, "120a1042 0100 333c8b01"
25.295150, 35.6911239624023, 25902182, 0, 0, "b6c30e42 0000 663c8b01"
25.295200, 19.0509223937988, 25902233, 0, 0, "4a689841 0000 993c8b01"
25.295250, 31.0759029388428, 25902285, 1, TriggerDetected, "739bf841 0100 cd3c8b01"
25.295300, 39.2605171203613, 25902336, 0, 0, "c50a1d42 0000 003d8b01"
25.295350, 21.4794826507568, 25902387, 0, 0, "fbd5ab41 0000 333d8b01"
25.295400, 25.8000106811523, 25902438, 0, 0, "6c66ce41 0000 663d8b01"
25.295450, 40.536190032959, 25902489, 1, TriggerDetected, "0f252242 0100 993d8b01"
25.295500, 25.8473300933838, 25902541, 0, 0, "55c7ce41 0000 cd3d8b01"
25.295550, 21.4443683624268, 25902592, 0, 0, "118eab41 0000 003e8b01"
25.295600, 39.2341842651367, 25902643, 1, TriggerDetected, "ceef1c42 0100 333e8b01"
25.295650, 31.1209125518799, 25902694, 0, 0, "a1f7f841 0000 663e8b01"
25.295700, 19.0339431762695, 25902745, 0, 0, "84459841 0000 993e8b01"
25.295750, 35.6500930786133, 25902797, 1, TriggerDetected, "b2990e42 0100 cd3e8b01"
25.295800, 36.0510101318359, 25902848, 0, 0, "3c341042 0000 003f8b01"
25.295850, 19.1567153930664, 25902899, 0, 0, "f4409941 0000 333f8b01"
25.295900, 30.6366539001465, 25902950, 1, TriggerDetected, "de17f541 0100 663f8b01"
25.295950, 39.4537734985352, 25903001, 0, 0, "aad01d42 0000 993f8b01"
25.296000, 21.773738861084, 25903053, 0, 0, "9e30ae41 0000 cd3f8b01"
25.296050, 25.3948097229004, 25903104, 0, 0, "9228cb41 0000 00408b01"
25.296100, 40.5315856933594, 25903155, 1, TriggerDetected, "58202242 0100 33408b01"
25.296150, 26.2597064971924, 25903206, 0, 0, "e113d241 0000 66408b01"
25.296200, 21.1592121124268, 25903257, 0, 0, "1146a941 0000 99408b01"
25.296250, 39.0140724182129, 25903309, 1, TriggerDetected, "690e1c42 0100 cd408b01"
25.296300, 31.5595417022705, 25903360, 0, 0, "f179fc41 0000 00418b01"
25.296350, 18.9460563659668, 25903411, 0, 0, "86919741 0000 33418b01"
25.296400, 35.2747459411621, 25903462, 1, TriggerDetected, "57190d42 0100 66418b01"
25.296450, 36.3977508544922, 25903513, 0, 0, "4c971142 0000 99418b01"
25.296500, 19.2790279388428, 25903565, 0, 0, "733b9a41 0000 cd418b01"
25.296550, 30.2008724212646, 25903616, 1, TriggerDetected, "639bf141 0100 00428b01"
25.296600, 39.6386795043945, 25903667, 0, 0, "028e1e42 0000 33428b01"
25.296650, 22.0820808410645, 25903718, 0, 0, "1aa8b041 0000 66428b01"
25.296700, 24.9907398223877, 25903769, 0, 0, "09edc741 0000 99428b01"
25.296750, 40.4971618652344, 25903821, 1, TriggerDetected, "18fd2142 0100 cd428b01"
25.296800, 26.6802253723145, 25903872, 0, 0, "1a71d541 0000 00438b01"
25.296850, 20.8915977478027, 25903923, 0, 0, "fe21a741 0000 33438b01"
25.296900, 38.7846260070801, 25903974, 1, TriggerDetected, "75231b42 0100 66438b01"
25.296950, 31.9888954162598, 25904025, 0, 0, "42e9ff41 0000 99438b01"
25.297000, 18.8783283233643, 25904077, 0, 0, "d1069741 0000 cd438b01"
25.297050, 34.8942222595215, 25904128, 1, TriggerDetected, "af930b42 0100 00448b01"
25.297100, 36.7471809387207, 25904179, 0, 0, "1dfd1242 0000 33448b01"
25.297150, 19.4293079376221, 25904230, 0, 0, "396f9b41 0000 66448b01"
25.297200, 29.7618217468262, 25904281, 0, 0, "3618ee41 0000 99448b01"
25.297250, 39.8026580810547, 25904333, 1, TriggerDetected, "ec351f42 0100 cd448b01"
25.297300, 22.4041881561279, 25904384, 0, 0, "c73bb341 0000 00458b01"
25.297350, 24.5993747711182, 25904435, 0, 0, "85cbc441 0000 33458b01"
25.297400, 40.4595642089844, 25904486, 1, TriggerDetected, "98d62142 0100 66458b01"
25.297450, 27.1118354797363, 25904537, 0, 0, "0ae5d841 0000 99458b01"
25.297500, 20.63889503479, 25904589, 0, 0, "751ca541 0000 cd458b01"
25.297550, 38.5384674072266, 25904640, 1, TriggerDetected, "64271a42 0100 00468b01"
25.297600, 32.4197273254395, 25904691, 0, 0, "cdad0142 0000 33468b01"
25.297650, 18.8247909545898, 25904742, 0, 0, "2c999641 0000 66468b01"
25.297700, 34.5086250305176, 25904793, 1, TriggerDetected, "d5080a42 0100 99468b01"
25.297750, 37.0708236694336, 25904845, 0, 0, "86481442 0000 cd468b01"
25.297800, 19.5833854675293, 25904896, 0, 0, "c6aa9c41 0000 00478b01"
25.297850, 29.3212413787842, 25904947, 0, 0, "e791ea41 0000 33478b01"
25.297900, 39.9576568603516, 25904998, 1, TriggerDetected, "a4d41f42 0100 66478b01"
25.297950, 22.7384986877441, 25905049, 0, 0, "72e8b541 0000 99478b01"
25.298000, 24.2156429290771, 25905101, 0, 0, "a3b9c141 0000 cd478b01"
25.298050, 40.3961982727051, 25905152, 1, TriggerDetected, "b5952142 0100 00488b01"
25.298100, 27.5393447875977, 25905203, 0, 0, "9450dc41 0000 33488b01"
25.298150, 20.3999328613281, 25905254, 0, 0, "1033a341 0000 66488b01"
25.298200, 38.2792320251465, 25905305, 1, TriggerDetected, "ef1d1942 0100 99488b01"
25.298250, 32.8404922485352, 25905357, 0, 0, "aa5c0342 0000 cd488b01"
25.298300, 18.787389755249, 25905408, 0, 0, "934c9641 0000 00498b01"
25.298350, 34.1066818237305, 25905459, 1, TriggerDetected, "3e6d0842 0100 33498b01"
25.298400, 37.3877868652344, 25905510, 0, 0, "188d1542 0000 66498b01"
25.298450, 19.7608470916748, 25905561, 0, 0, "37169e41 0000 99498b01"
25.298500, 28.8812694549561, 25905613, 0, 0, "d70ce741 0000 cd498b01"
25.298550, 40.085765838623, 25905664, 1, TriggerDetected, "d3572042 0100 004a8b01"
25.298600, 23.0828151702881, 25905715, 0, 0, "9ba9b841 0000 334a8b01"
25.298650, 23.8389568328857, 25905766, 0, 0, "2fb6be41 0000 664a8b01"
25.298700, 40.3149909973145, 25905817, 1, TriggerDetected, "8d422142 0100 994a8b01"
25.298750, 27.9707813262939, 25905869, 0, 0, "29c4df41 0000 cd4a8b01"
25.298800, 20.1744995117188, 25905920, 0, 0, "6065a141 0000 004b8b01"
25.298850, 38.0020713806152, 25905971, 1, TriggerDetected, "1f021842 0100 334b8b01"
25.298900, 33.2555274963379, 25906022, 0, 0, "a9050542 0000 664b8b01"
25.298950, 18.770622253418, 25906073, 0, 0, "3c2a9641 0000 994b8b01"
25.299000, 33.7035484313965, 25906125, 1, TriggerDetected, "6fd00642 0100 cd4b8b01"
25.299050, 37.6867790222168, 25906176, 0, 0, "43bf1642 0000 004c8b01"
25.299100, 19.9536819458008, 25906227, 0, 0, "24a19f41 0000 334c8b01"
25.299150, 28.4428386688232, 25906278, 0, 0, "ef8ae341 0000 664c8b01"
25.299200, 40.2084350585938, 25906329, 1, TriggerDetected, "70d52042 0100 994c8b01"
25.299250, 23.4412136077881, 25906381, 0, 0, "9b87bb41 0000 cd4c8b01"
25.299300, 23.4682807922363, 25906432, 0, 0, "0abfbb41 0000 004d8b01"
25.299350, 40.2172164916992, 25906483, 1, TriggerDetected, "6ede2042 0100 334d8b01"
25.299400, 28.4086990356445, 25906534, 0, 0, "0445e341 0000 664d8b01"
25.299450, 19.9699745178223, 25906585, 0, 0, "82c29f41 0000 994d8b01"
25.299500, 37.71630859375, 25906637, 1, TriggerDetected, "80dd1642 0100 cd4d8b01"
25.299550, 33.6722831726074, 25906688, 0, 0, "6bb00642 0000 004e8b01"
25.299600, 18.7728443145752, 25906739, 0, 0, "c92e9641 0000 334e8b01"
25.299650, 33.2926483154297, 25906790, 1, TriggerDetected, "ac2b0542 0100 664e8b01"
25.299700, 37.9784774780273, 25906841, 0, 0, "f6e91742 0000 994e8b01"
25.299750, 20.1631240844727, 25906893, 0, 0, "144ea141 0000 cd4e8b01"
25.299800, 28.0090351104736, 25906944, 0, 0, "8112e041 0000 004f8b01"
25.299850, 40.3072204589844, 25906995, 1, TriggerDetected, "983a2142 0100 334f8b01"
25.299900, 23.8079624176025, 25907046, 0, 0, "b576be41 0000 664f8b01"
25.299950, 23.1162548065186, 25907097, 0, 0, "17eeb841 0000 994f8b01"
25.300000, 40.0999298095703, 25907149, 1, TriggerDetected, "54662042 0100 cd4f8b01"
25.300050, 28.8458118438721, 25907200, 0, 0, "39c4e641 0000 00508b01"
25.300100, 19.7748775482178, 25907251, 0, 0, "f3329e41 0000 33508b01"
25.300150, 37.4135437011719, 25907302, 1, TriggerDetected, "78a71542 0100 66508b01"
25.300200, 34.0736770629883, 25907353, 0, 0, "724b0842 0000 99508b01"
25.300250, 18.7825679779053, 25907405, 0, 0, "b3429641 0000 cd508b01"
25.300300, 32.8751564025879, 25907456, 1, TriggerDetected, "29800342 0100 00518b01"
25.300350, 38.2582588195801, 25907507, 0, 0, "75081942 0000 33518b01"
25.300400, 20.3802070617676, 25907558, 0, 0, "aa0aa341 0000 66518b01"
25.300450, 27.5702247619629, 25907609, 0, 0, "d28fdc41 0000 99518b01"
25.300500, 40.3852767944336, 25907661, 1, TriggerDetected, "868a2142 0100 cd518b01"
25.300550, 24.1818523406982, 25907712, 0, 0, "6f74c141 0000 00528b01"
25.300600, 22.7635612487793, 25907763, 0, 0, "c61bb641 0000 33528b01"
25.300650, 39.9654769897461, 25907814, 1, TriggerDetected, "a6dc1f42 0100 66528b01"
25.300700, 29.2797183990479, 25907865, 0, 0, "dd3cea41 0000 99528b01"
25.300750, 19.5972805023193, 25907917, 0, 0, "3bc79c41 0000 cd528b01"
25.300800, 37.0951042175293, 25907968, 1, TriggerDetected, "63611442 0100 00538b01"
25.300850, 34.4773139953613, 25908019, 0, 0, "c5e80942 0000 33538b01"
25.300900, 18.8224620819092, 25908070, 0, 0, "67949641 0000 66538b01"
25.300950, 32.4534492492676, 25908121, 1, TriggerDetected, "55d00142 0100 99538b01"
25.301000, 38.5137519836426, 25908173, 0, 0, "150e1a42 0000 cd538b01"
25.301050, 20.6206150054932, 25908224, 0, 0, "05f7a441 0000 00548b01"
25.301100, 27.1420745849609, 25908275, 0, 0, "f822d941 0000 33548b01"
25.301150, 40.4535598754883, 25908326, 1, TriggerDetected, "72d02142 0100 66548b01"
25.301200, 24.570556640625, 25908377, 0, 0, "8090c441 0000 99548b01"
25.301250, 22.4354248046875, 25908429, 0, 0, "c07bb341 0000 cd548b01"
25.301300, 39.8183784484863, 25908480, 1, TriggerDetected, "05461f42 0100 00558b01"
25.301350, 29.7235832214355, 25908531, 0, 0, "e6c9ed41 0000 33558b01"
25.301400, 19.4373569488525, 25908582, 0, 0, "b57f9b41 0000 66558b01"
25.301450, 36.7745323181152, 25908633, 1, TriggerDetected, "1f191342 0100 99558b01"
25.301500, 34.8675346374512, 25908685, 0, 0, "5b780b42 0000 cd558b01"
25.301550, 18.8730010986328, 25908736, 0, 0, "e8fb9641 0000 00568b01"
25.301600, 32.0246505737305, 25908787, 1, TriggerDetected, "3e190042 0100 33568b01"
25.301650, 38.7715148925781, 25908838, 0, 0, "08161b42 0000 66568b01"
25.301700, 20.8786640167236, 25908889, 0, 0, "8107a741 0000 99568b01"
25.301750, 26.719575881958, 25908941, 0, 0, "b1c1d541 0000 cd568b01"
25.301800, 40.498348236084, 25908992, 1, TriggerDetected, "4ffe2142 0100 00578b01"
25.301850, 24.9620113372803, 25909043, 0, 0, "33b2c741 0000 33578b01"
25.301900, 22.1105308532715, 25909094, 0, 0, "5ee2b041 0000 66578b01"
25.301950, 39.6552734375, 25909145, 1, TriggerDetected, "009f1e42 0100 99578b01"
25.302000, 30.1657028198242, 25909197, 0, 0, "5c53f141 0000 cd578b01"
25.302050, 19.2975902557373, 25909248, 0, 0, "77619a41 0000 00588b01"
25.302100, 36.4320487976074, 25909299, 1, TriggerDetected, "6bba1142 0100 33588b01"
25.302150, 35.2491035461426, 25909350, 0, 0, "15ff0c42 0000 66588b01"
25.302200, 18.9474105834961, 25909401, 0, 0, "4c949741 0000 99588b01"
25.302250, 31.5963153839111, 25909453, 1, TriggerDetected, "41c5fc41 0100 cd588b01"
25.302300, 39.0005416870117, 25909504, 0, 0, "8e001c42 0000 00598b01"
25.302350, 21.1422271728516, 25909555, 0, 0, "4823a941 0000 33598b01"
25.302400, 26.300464630127, 25909606, 0, 0, "5a67d241 0000 66598b01"
25.302450, 40.5309104919434, 25909657, 1, TriggerDetected, "a71f2242 0100 99598b01"
25.302500, 25.3663234710693, 25909709, 0, 0, "3beeca41 0000 cd598b01"
25.302550, 21.7992534637451, 25909760, 0, 0, "df64ae41 0000 005a8b01"
25.302600, 39.473087310791, 25909811, 1, TriggerDetected, "71e41d42 0100 335a8b01"
25.302650, 30.6035099029541, 25909862, 0, 0, "fdd3f441 0000 665a8b01"
25.302700, 19.1705455780029, 25909913, 0, 0, "475d9941 0000 995a8b01"
25.302750, 36.0827903747559, 25909965, 1, TriggerDetected, "c7541042 0100 cd5a8b01"
25.302800, 35.6213645935059, 25910016, 0, 0, "477c0e42 0000 005b8b01"
25.302850, 19.0345268249512, 25910067, 0, 0, "b6469841 0000 335b8b01"
25.302900, 31.163013458252, 25910118, 1, TriggerDetected, "da4df941 0100 665b8b01"
25.302950, 39.2149963378906, 25910169, 0, 0, "28dc1c42 0000 995b8b01"
25.303000, 21.418529510498, 25910221, 0, 0, "2659ab41 0000 cd5b8b01"
25.303050, 25.8829364776611, 25910272, 0, 0, "4110cf41 0000 005c8b01"
25.303100, 40.5421104431152, 25910323, 1, TriggerDetected, "1f2b2242 0100 335c8b01"
25.303150, 25.7700977325439, 25910374, 0, 0, "2929ce41 0000 665c8b01"
25.303200, 21.4993019104004, 25910425, 0, 0, "92feab41 0000 995c8b01"
25.303250, 39.2724342346191, 25910477, 1, TriggerDetected, "f9161d42 0100 cd5c8b01"
25.303300, 31.0386714935303, 25910528, 0, 0, "334ff841 0000 005d8b01"
25.303350, 19.056640625, 25910579, 0, 0, "00749841 0000 335d8b01"
25.303400, 35.7172164916992, 25910630, 1, TriggerDetected, "6ede0e42 0100 665d8b01"
25.303450, 35.9792823791504, 25910681, 0, 0, "c9ea0f42 0000 995d8b01"
25.303500, 19.1371936798096, 25910733, 0, 0, "f9189941 0000 cd5d8b01"
25.303550, 30.723258972168, 25910784, 1, TriggerDetected, "3cc9f541 0100 005e8b01"
25.303600, 39.4200325012207, 25910835, 0, 0, "1dae1d42 0000 335e8b01"
25.303650, 21.7187938690186, 25910886, 0, 0, "17c0ad41 0000 665e8b01"
25.303700, 25.4723300933838, 25910937, 0, 0, "55c7cb41 0000 995e8b01"
25.303750, 40.534740447998, 25910989, 1, TriggerDetected, "93232242 0100 cd5e8b01"
25.303800, 26.1834850311279, 25911040, 0, 0, "c777d141 0000 005f8b01"
25.303850, 21.2135543823242, 25911091, 0, 0, "5cb5a941 0000 335f8b01"
25.303900, 39.0637054443359, 25911142, 1, TriggerDetected, "3c411c42 0100 665f8b01"
25.303950, 31.4729862213135, 25911193, 0, 0, "adc8fb41 0000 995f8b01"
25.304000, 18.9647769927979, 25911245, 0, 0, "ddb79741 0000 cd5f8b01"
25.304050, 35.3479270935059, 25911296, 1, TriggerDetected, "47640d42 0100 00608b01"
25.304100, 36.335205078125, 25911347, 0, 0, "40571142 0000 33608b01"
25.304150, 19.2595634460449, 25911398, 0, 0, "96139a41 0000 66608b01"
25.304200, 30.2850914001465, 25911449, 1, TriggerDetected, "de47f241 0100 99608b01"
25.304250, 39.6043319702148, 25911501, 0, 0, "d66a1e42 0000 cd608b01"
25.304300, 22.0287170410156, 25911552, 0, 0, "d03ab041 0000 00618b01"
25.304350, 25.0741653442383, 25911603, 0, 0, "e497c841 0000 33618b01"
25.304400, 40.5111274719238, 25911654, 1, TriggerDetected, "650b2242 0100 66618b01"
25.304450, 26.6034984588623, 25911705, 0, 0, "f7d3d441 0000 99618b01"
25.304500, 20.9404411315918, 25911757, 0, 0, "0686a741 0000 cd618b01"
25.304550, 38.8321075439453, 25911808, 1, TriggerDetected, "14541b42 0100 00628b01"
25.304600, 31.9090270996094, 25911859, 0, 0, "b045ff41 0000 33628b01"
25.304650, 18.8955898284912, 25911910, 0, 0, "2b2a9741 0000 66628b01"
25.304700, 34.973705291748, 25911961, 1, TriggerDetected, "13e50b42 0100 99628b01"
25.304750, 36.6754837036133, 25912013, 0, 0, "b2b31242 0000 cd628b01"
25.304800, 19.3986492156982, 25912064, 0, 0, "6f309b41 0000 00638b01"
25.304850, 29.8462524414063, 25912115, 0, 0, "20c5ee41 0000 33638b01"
25.304900, 39.7774505615234, 25912166, 1, TriggerDetected, "1c1c1f42 0100 66638b01"
25.304950, 22.3431453704834, 25912217, 0, 0, "c3beb241 0000 99638b01"
25.305000, 24.6770877838135, 25912269, 0, 0, "ad6ac541 0000 cd638b01"
25.305050, 40.4665298461914, 25912320, 1, TriggerDetected, "badd2142 0100 00648b01"
25.305100, 27.0335693359375, 25912371, 0, 0, "c044d841 0000 33648b01"
25.305150, 20.6895351409912, 25912422, 0, 0, "2b84a541 0000 66648b01"
25.305200, 38.5882987976074, 25912473, 1, TriggerDetected, "6b5a1a42 0100 99648b01"
25.305250, 32.3360328674316, 25912525, 0, 0, "19580142 0000 cd648b01"
25.305300, 18.8334579467773, 25912576, 0, 0, "ecaa9641 0000 00658b01"
25.305350, 34.5822868347168, 25912627, 1, TriggerDetected, "43540a42 0100 33658b01"
25.305400, 37.0124359130859, 25912678, 0, 0, "bc0c1442 0000 66658b01"
25.305450, 19.5563468933105, 25912729, 0, 0, "66739c41 0000 99658b01"
25.305500, 29.4033489227295, 25912781, 0, 0, "0f3aeb41 0000 cd658b01"
25.305550, 39.9289817810059, 25912832, 1, TriggerDetected, "47b71f42 0100 00668b01"
25.305600, 22.676721572876, 25912883, 0, 0, "ed69b541 0000 33668b01"
25.305650, 24.2884998321533, 25912934, 0, 0, "d94ec241 0000 66668b01"
25.305700, 40.4122695922852, 25912985, 1, TriggerDetected, "2aa62142 0100 99668b01"
25.305750, 27.4557113647461, 25913037, 0, 0, "4ca5db41 0000 cd668b01"
25.305800, 20.4423885345459, 25913088, 0, 0, "038aa341 0000 00678b01"
25.305850, 38.326717376709, 25913139, 1, TriggerDetected, "8f4e1942 0100 33678b01"
25.305900, 32.760196685791, 25913190, 0, 0, "710a0342 0000 66678b01"
25.305950, 18.7965812683105, 25913241, 0, 0, "665f9641 0000 99678b01"
25.306000, 34.1901206970215, 25913293, 1, TriggerDetected, "afc20842 0100 cd678b01"
25.306050, 37.3264770507813, 25913344, 0, 0, "504e1542 0000 00688b01"
25.306100, 19.7295551300049, 25913395, 0, 0, "21d69d41 0000 33688b01"
25.306150, 28.9655876159668, 25913446, 0, 0, "86b9e741 0000 66688b01"
25.306200, 40.0662727355957, 25913497, 1, TriggerDetected, "dd432042 0100 99688b01"
25.306250, 23.0216827392578, 25913549, 0, 0, "682cb841 0000 cd688b01"
25.306300, 23.9116287231445, 25913600, 0, 0, "044bbf41 0000 00698b01"
25.306350, 40.3270416259766, 25913651, 1, TriggerDetected, "e44e2142 0100 33698b01"
25.306400, 27.8840675354004, 25913702, 0, 0, "9212df41 0000 66698b01"
25.306450, 20.2175140380859, 25913753, 0, 0, "78bda141 0000 99698b01"
25.306500, 38.0584182739258, 25913805, 1, TriggerDetected, "d23b1842 0100 cd698b01"
25.306550, 33.1772651672363, 25913856, 0, 0, "85b50442 0000 006a8b01"
25.306600, 18.7722949981689, 25913907, 0, 0, "a92d9641 0000 336a8b01"
25.306650, 33.7841567993164, 25913958, 1, TriggerDetected, "fa220742 0100 666a8b01"
25.306700, 37.632396697998, 25914009, 0, 0, "93871642 0000 996a8b01"
25.306750, 19.9156455993652, 25914061, 0, 0, "3e539f41 0000 cd6a8b01"
25.306800, 28.5300979614258, 25914112, 0, 0, "a43de441 0000 006b8b01"
25.306850, 40.1832885742188, 25914163, 1, TriggerDetected, "b0bb2042 0100 336b8b01"
25.306900, 23.3706455230713, 25914214, 0, 0, "15f7ba41 0000 666b8b01"
25.306950, 23.53857421875, 25914265, 0, 0, "004fbc41 0000 996b8b01"
25.307000, 40.2349967956543, 25914317, 1, TriggerDetected, "a3f02042 0100 cd6b8b01"
25.307050, 28.3220844268799, 25914368, 0, 0, "a193e241 0000 006c8b01"
25.307100, 20.0035362243652, 25914419, 0, 0, "3e07a041 0000 336c8b01"
25.307150, 37.7674674987793, 25914470, 1, TriggerDetected, "e3111742 0100 666c8b01"
25.307200, 33.5912704467773, 25914521, 0, 0, "765d0642 0000 996c8b01"
25.307250, 18.7681293487549, 25914573, 0, 0, "21259641 0000 cd6c8b01"
25.307300, 33.3751335144043, 25914624, 1, TriggerDetected, "23800542 0100 006d8b01"
25.307350, 37.9234886169434, 25914675, 0, 0, "a7b11742 0000 336d8b01"
25.307400, 20.1198062896729, 25914726, 0, 0, "5df5a041 0000 666d8b01"
25.307450, 28.0911483764648, 25914777, 0, 0, "acbae041 0000 996d8b01"
25.307500, 40.2886924743652, 25914829, 1, TriggerDetected, "9f272142 0100 cd6d8b01"
25.307550, 23.7384929656982, 25914880, 0, 0, "6fe8bd41 0000 006e8b01"
25.307600, 23.1826782226563, 25914931, 0, 0, "2076b941 0000 336e8b01"
25.307650, 40.1244964599609, 25914982, 1, TriggerDetected, "7c7f2042 0100 666e8b01"
25.307700, 28.7634944915771, 25915033, 0, 0, "a31be641 0000 996e8b01"
25.307750, 19.811315536499, 25915085, 0, 0, "937d9e41 0000 cd6e8b01"
25.307800, 37.4723739624023, 25915136, 1, TriggerDetected, "b6e31542 0100 006f8b01"
25.307850, 33.9960289001465, 25915187, 0, 0, "effb0742 0000 336f8b01"
25.307900, 18.7781028747559, 25915238, 0, 0, "8e399641 0000 666f8b01"
25.307950, 32.9568557739258, 25915289, 1, TriggerDetected, "d2d30342 0100 996f8b01"
25.308000, 38.1942405700684, 25915341, 0, 0, "e7c61842 0000 cd6f8b01"
25.308050, 20.3412780761719, 25915392, 0, 0, "f0baa241 0000 00708b01"
25.308100, 27.6568431854248, 25915443, 0, 0, "3741dd41 0000 33708b01"
25.308150, 40.3761177062988, 25915494, 1, TriggerDetected, "25812142 0100 66708b01"
25.308200, 24.1092796325684, 25915545, 0, 0, "cedfc041 0000 99708b01"
25.308250, 22.8321571350098, 25915597, 0, 0, "42a8b641 0000 cd708b01"
25.308300, 39.9921340942383, 25915648, 1, TriggerDetected, "f2f71f42 0100 00718b01"
25.308350, 29.1982841491699, 25915699, 0, 0, "1696e941 0000 33718b01"
25.308400, 19.6303195953369, 25915750, 0, 0, "e50a9d41 0000 66718b01"
25.308450, 37.1614418029785, 25915801, 1, TriggerDetected, "51a51442 0100 99718b01"
25.308500, 34.3956680297852, 25915853, 0, 0, "2a950942 0000 cd718b01"
25.308550, 18.8162384033203, 25915904, 0, 0, "a8879641 0000 00728b01"
25.308600, 32.5347213745117, 25915955, 1, TriggerDetected, "8e230242 0100 33728b01"
25.308650, 38.467700958252, 25916006, 0, 0, "edde1942 0000 66728b01"
25.308700, 20.5728988647461, 25916057, 0, 0, "4c95a441 0000 99728b01"
25.308750, 27.2285652160645, 25916109, 0, 0, "1ad4d941 0000 cd728b01"
25.308800, 40.4402656555176, 25916160, 1, TriggerDetected, "d5c22142 0100 00738b01"
25.308850, 24.494270324707, 25916211, 0, 0, "44f4c341 0000 33738b01"
25.308900, 22.4975852966309, 25916262, 0, 0, "0efbb341 0000 66738b01"
25.308950, 39.8509750366211, 25916313, 1, TriggerDetected, "66671f42 0100 99738b01"
25.309000, 29.6406860351563, 25916365, 0, 0, "2020ed41 0000 cd738b01"
25.309050, 19.4649639129639, 25916416, 0, 0, "3fb89b41 0000 00748b01"
25.309100, 36.8320350646973, 25916467, 1, TriggerDetected, "01541342 0100 33748b01"
25.309150, 34.7896194458008, 25916518, 0, 0, "92280b42 0000 66748b01"
25.309200, 18.8635692596436, 25916569, 0, 0, "97e89641 0000 99748b01"
25.309250, 32.1090621948242, 25916621, 1, TriggerDetected, "ae6f0042 0100 cd748b01"
25.309300, 38.7184677124023, 25916672, 0, 0, "b6df1a42 0000 00758b01"
25.309350, 20.8218536376953, 25916723, 0, 0, "2893a641 0000 33758b01"
25.309400, 26.7996501922607, 25916774, 0, 0, "af65d641 0000 66758b01"
25.309450, 40.4892425537109, 25916825, 1, TriggerDetected, "fcf42142 0100 99758b01"
25.309500, 24.8839950561523, 25916877, 0, 0, "6c12c741 0000 cd758b01"
25.309550, 22.1685276031494, 25916928, 0, 0, "2559b141 0000 00768b01"
25.309600, 39.6815223693848, 25916979, 1, TriggerDetected, "e1b91e42 0100 33768b01"
25.309650, 30.0783100128174, 25917030, 0, 0, "61a0f041 0000 66768b01"
25.309700, 19.3178787231445, 25917081, 0, 0, "048b9a41 0000 99768b01"
25.309750, 36.4942207336426, 25917133, 1, TriggerDetected, "15fa1142 0100 cd768b01"
25.309800, 35.1728820800781, 25917184, 0, 0, "08b10c42 0000 00778b01"
25.309850, 18.935302734375, 25917235, 0, 0, "807b9741 0000 33778b01"
25.309900, 31.6795558929443, 25917286, 1, TriggerDetected, "bb6ffd41 0100 66778b01"
25.309950, 38.9592933654785, 25917337, 0, 0, "51d61b42 0000 99778b01"
25.310000, 21.0876121520996, 25917389, 0, 0, "6eb3a841 0000 cd778b01"
25.310050, 26.3786602020264, 25917440, 0, 0, "7f07d341 0000 00788b01"
25.310100, 40.5231628417969, 25917491, 1, TriggerDetected, "b8172242 0100 33788b01"
25.310150, 25.285213470459, 25917542, 0, 0, "1e48ca41 0000 66788b01"
25.310200, 21.8571224212646, 25917593, 0, 0, "63dbae41 0000 99788b01"
25.310250, 39.5093078613281, 25917645, 1, TriggerDetected, "88091e42 0100 cd788b01"
25.310300, 30.5132923126221, 25917696, 0, 0, "391bf441 0000 00798b01"
25.310350, 19.1908226013184, 25917747, 0, 0, "ce869941 0000 33798b01"
25.310400, 36.1429710388184, 25917798, 1, TriggerDetected, "67921042 0100 66798b01"
25.310450, 35.5478172302246, 25917849, 0, 0, "f7300e42 0000 99798b01"
25.310500, 19.0121917724609, 25917901, 0, 0, "f8189841 0000 cd798b01"
25.310550, 31.2414684295654, 25917952, 1, TriggerDetected, "87eef941 0100 007a8b01"
25.310600, 39.1699676513672, 25918003, 0, 0, "0cae1c42 0000 337a8b01"
25.310650, 21.3644504547119, 25918054, 0, 0, "65eaaa41 0000 667a8b01"
25.310700, 25.9609241485596, 25918105, 0, 0, "f9afcf41 0000 997a8b01"
25.310750, 40.5391807556152, 25918157, 1, TriggerDetected, "1f282242 0100 cd7a8b01"
25.310800, 25.691780090332, 25918208, 0, 0, "c488cd41 0000 007b8b01"
25.310850, 21.5508689880371, 25918259, 0, 0, "2e68ac41 0000 337b8b01"
25.310900, 39.310489654541, 25918310, 1, TriggerDetected, "f13d1d42 0100 667b8b01"
25.310950, 30.9552459716797, 25918361, 0, 0, "58a4f741 0000 997b8b01"
25.311000, 19.0764541625977, 25918413, 0, 0, "949c9841 0000 cd7b8b01"
25.311050, 35.7878570556641, 25918464, 1, TriggerDetected, "c4260f42 0100 007c8b01"
25.311100, 35.9087791442871, 25918515, 0, 0, "97a20f42 0000 337c8b01"
25.311150, 19.1154193878174, 25918566, 0, 0, "61ec9841 0000 667c8b01"
25.311200, 30.807689666748, 25918617, 1, TriggerDetected, "2676f641 0100 997c8b01"
25.311250, 39.3795318603516, 25918669, 0, 0, "a4841d42 0000 cd7c8b01"
25.311300, 21.6539249420166, 25918720, 0, 0, "3d3bad41 0000 007d8b01"
25.311350, 25.5487575531006, 25918771, 0, 0, "db63cc41 0000 337d8b01"
25.311400, 40.5294532775879, 25918822, 1, TriggerDetected, "291e2242 0100 667d8b01"
25.311450, 26.0931053161621, 25918873, 0, 0, "aebed041 0000 997d8b01"
25.311500, 21.2615547180176, 25918925, 0, 0, "aa17aa41 0000 cd7d8b01"
25.311550, 39.0983581542969, 25918976, 1, TriggerDetected, "b8641c42 0100 007e8b01"
25.311600, 31.392032623291, 25919027, 0, 0, "e222fb41 0000 337e8b01"
25.311650, 18.9824161529541, 25919078, 0, 0, "fddb9741 0000 667e8b01"
25.311700, 35.4206504821777, 25919129, 1, TriggerDetected, "bfae0d42 0100 997e8b01"
25.311750, 36.2619552612305, 25919181, 0, 0, "3e0c1142 0000 cd7e8b01"
25.311800, 19.2296485900879, 25919232, 0, 0, "52d69941 0000 007f8b01"
25.311850, 30.3668766021729, 25919283, 1, TriggerDetected, "5deff241 0100 337f8b01"
25.311900, 39.5692863464355, 25919334, 0, 0, "f3461e42 0000 667f8b01"
25.311950, 21.9595260620117, 25919385, 0, 0, "1cadaf41 0000 997f8b01"
25.312000, 25.1441860198975, 25919437, 0, 0, "4b27c941 0000 cd7f8b01"
25.312050, 40.5112571716309, 25919488, 1, TriggerDetected, "870b2242 0100 00808b01"
25.312100, 26.5186862945557, 25919539, 0, 0, "4526d441 0000 33808b01"
25.312150, 20.9908542633057, 25919590, 0, 0, "45eda741 0000 66808b01"
25.312200, 38.8747863769531, 25919641, 1, TriggerDetected, "c87f1b42 0100 99808b01"
25.312250, 31.8208656311035, 25919693, 0, 0, "2291fe41 0000 cd808b01"
25.312300, 18.9058933258057, 25919744, 0, 0, "453f9741 0000 00818b01"
25.312350, 35.0414733886719, 25919795, 1, TriggerDetected, "782a0c42 0100 33818b01"
25.312400, 36.6077270507813, 25919846, 0, 0, "506e1242 0000 66818b01"
25.312450, 19.3663063049316, 25919897, 0, 0, "32ee9a41 0000 99818b01"
25.312500, 29.9276676177979, 25919949, 0, 0, "dd6bef41 0000 cd818b01"
25.312550, 39.7437019348145, 25920000, 1, TriggerDetected, "8df91e42 0100 00828b01"
25.312600, 22.2803249359131, 25920051, 0, 0, "1b3eb241 0000 33828b01"
25.312650, 24.7497253417969, 25920102, 0, 0, "70ffc541 0000 66828b01"
25.312700, 40.4758567810059, 25920153, 1, TriggerDetected, "47e72142 0100 99828b01"
25.312750, 26.9431972503662, 25920205, 0, 0, "ab8bd741 0000 cd828b01"
25.312800, 20.7354774475098, 25920256, 0, 0, "42e2a541 0000 00838b01"
25.312850, 38.6326713562012, 25920307, 1, TriggerDetected, "db871a42 0100 33838b01"
25.312900, 32.2525482177734, 25920358, 0, 0, "9c020142 0000 66838b01"
25.312950, 18.8397769927979, 25920409, 0, 0, "ddb79641 0000 99838b01"
25.313000, 34.6553649902344, 25920461, 1, TriggerDetected, "189f0a42 0100 cd838b01"
25.313050, 36.9385108947754, 25920512, 0, 0, "09c11342 0000 00848b01"
25.313100, 19.5173053741455, 25920563, 0, 0, "71239c41 0000 33848b01"
25.313150, 29.4880466461182, 25920614, 0, 0, "85e7eb41 0000 66848b01"
25.313200, 39.8976669311523, 25920665, 1, TriggerDetected, "36971f42 0100 99848b01"
25.313250, 22.6021976470947, 25920717, 0, 0, "4dd1b441 0000 cd848b01"
25.313300, 24.3582344055176, 25920768, 0, 0, "aaddc241 0000 00858b01"
25.313350, 40.41748046875, 25920819, 1, TriggerDetected, "80ab2142 0100 33858b01"
25.313400, 27.3717021942139, 25920870, 0, 0, "3ff9da41 0000 66858b01"
25.313450, 20.4878177642822, 25920921, 0, 0, "0de7a341 0000 99858b01"
25.313500, 38.3803024291992, 25920973, 1, TriggerDetected, "6e851942 0100 cd858b01"
25.313550, 32.6751747131348, 25921024, 0, 0, "61b30242 0000 00868b01"
25.313600, 18.797061920166, 25921075, 0, 0, "62609641 0000 33868b01"
25.313650, 34.261547088623, 25921126, 1, TriggerDetected, "d30b0942 0100 66868b01"
25.313700, 37.2642936706543, 25921177, 0, 0, "a30e1542 0000 99868b01"
25.313750, 19.6914615631104, 25921229, 0, 0, "1d889d41 0000 cd868b01"
25.313800, 29.0513954162598, 25921280, 0, 0, "4269e841 0000 00878b01"
25.313850, 40.036506652832, 25921331, 1, TriggerDetected, "62252042 0100 33878b01"
25.313900, 22.9460506439209, 25921382, 0, 0, "8391b741 0000 66878b01"
25.313950, 23.978515625, 25921433, 0, 0, "00d4bf41 0000 99878b01"
25.314000, 40.345157623291, 25921485, 1, TriggerDetected, "71612142 0100 cd878b01"
25.314050, 27.8015689849854, 25921536, 0, 0, "9d69de41 0000 00888b01"
25.314100, 20.2594909667969, 25921587, 0, 0, "7013a241 0000 33888b01"
25.314150, 38.1036720275879, 25921638, 1, TriggerDetected, "296a1842 0100 66888b01"
25.314200, 33.0938301086426, 25921689, 0, 0, "15600442 0000 99888b01"
25.314250, 18.7752323150635, 25921741, 0, 0, "ad339641 0000 cd888b01"
25.314300, 33.8594512939453, 25921792, 1, TriggerDetected, "14700742 0100 00898b01"
25.314350, 37.5707473754883, 25921843, 0, 0, "72481642 0000 33898b01"
25.314400, 19.8757400512695, 25921894, 0, 0, "84019f41 0000 66898b01"
25.314450, 28.6093406677246, 25921945, 0, 0, "eedfe441 0000 99898b01"
25.314500, 40.163143157959, 25921997, 1, TriggerDetected, "0fa72042 0100 cd898b01"
25.314550, 23.3039569854736, 25922048, 0, 0, "816eba41 0000 008a8b01"
25.314600, 23.6113052368164, 25922099, 0, 0, "f4e3bc41 0000 338a8b01"
25.314650, 40.2535552978516, 25922150, 1, TriggerDetected, "a4032142 0100 668a8b01"
25.314700, 28.241096496582, 25922201, 0, 0, "c4ede141 0000 998a8b01"
25.314750, 20.0448913574219, 25922253, 0, 0, "f05ba041 0000 cd8a8b01"
25.314800, 37.8282623291016, 25922304, 1, TriggerDetected, "24501742 0100 008b8b01"
25.314850, 33.5112419128418, 25922355, 0, 0, "830b0642 0000 338b8b01"
25.314900, 18.7694969177246, 25922406, 0, 0, "ee279641 0000 668b8b01"
25.314950, 33.4507675170898, 25922457, 1, TriggerDetected, "96cd0542 0100 998b8b01"
25.315000, 37.8682022094727, 25922509, 0, 0, "0a791742 0000 cd8b8b01"
25.315050, 20.0832595825195, 25922560, 0, 0, "84aaa041 0000 008c8b01"
25.315100, 28.1770858764648, 25922611, 0, 0, "ac6ae141 0000 338c8b01"
25.315150, 40.2741241455078, 25922662, 1, TriggerDetected, "b4182142 0100 668c8b01"
25.315200, 23.6679344177246, 25922713, 0, 0, "ee57bd41 0000 998c8b01"
25.315250, 23.2519111633301, 25922765, 0, 0, "ea03ba41 0000 cd8c8b01"
25.315300, 40.1442031860352, 25922816, 1, TriggerDetected, "aa932042 0100 008d8b01"
25.315350, 28.6762523651123, 25922867, 0, 0, "f768e541 0000 338d8b01"
25.315400, 19.8491535186768, 25922918, 0, 0, "11cb9e41 0000 668d8b01"
25.315450, 37.5305709838867, 25922969, 1, TriggerDetected, "4e1f1642 0100 998d8b01"
25.315500, 33.9204750061035, 25923021, 0, 0, "91ae0742 0000 cd8d8b01"
25.315550, 18.7757434844971, 25923072, 0, 0, "b9349641 0000 008e8b01"
25.315600, 33.0393409729004, 25923123, 1, TriggerDetected, "49280442 0100 338e8b01"
25.315650, 38.1528968811035, 25923174, 0, 0, "919c1842 0000 668e8b01"
25.315700, 20.2957649230957, 25923225, 0, 0, "ba5da241 0000 998e8b01"
25.315750, 27.7389545440674, 25923277, 0, 0, "61e9dd41 0000 cd8e8b01"
25.315800, 40.3557891845703, 25923328, 1, TriggerDetected, "546c2142 0100 008f8b01"
25.315850, 24.0372219085693, 25923379, 0, 0, "3b4cc041 0000 338f8b01"
25.315900, 22.9042682647705, 25923430, 0, 0, "f13bb741 0000 668f8b01"
25.315950, 40.0229835510254, 25923481, 1, TriggerDetected, "89172042 0100 998f8b01"
25.316000, 29.1139907836914, 25923533, 0, 0, "74e9e841 0000 cd8f8b01"
25.316050, 19.6660442352295, 25923584, 0, 0, "0f549d41 0000 00908b01"
25.316100, 37.2197341918945, 25923635, 1, TriggerDetected, "02e11442 0100 33908b01"
25.316150, 34.3234901428223, 25923686, 0, 0, "414b0942 0000 66908b01"
25.316200, 18.8081912994385, 25923737, 0, 0, "2d779641 0000 99908b01"
25.316250, 32.6199722290039, 25923789, 1, TriggerDetected, "da7a0242 0100 cd908b01"
25.316300, 38.4224128723145, 25923840, 0, 0, "8db01942 0000 00918b01"
25.316350, 20.5326042175293, 25923891, 0, 0, "c642a441 0000 33918b01"
25.316400, 27.3114070892334, 25923942, 0, 0, "c37dda41 0000 66918b01"
25.316450, 40.4299583435059, 25923993, 1, TriggerDetected, "47b82142 0100 99918b01"
25.316500, 24.4223213195801, 25924045, 0, 0, "ea60c341 0000 cd918b01"
25.316550, 22.559814453125, 25924096, 0, 0, "807ab441 0000 00928b01"
25.316600, 39.8764152526855, 25924147, 1, TriggerDetected, "73811f42 0100 33928b01"
25.316650, 29.5579643249512, 25924198, 0, 0, "b676ec41 0000 66928b01"
25.316700, 19.4978523254395, 25924249, 0, 0, "9afb9b41 0000 99928b01"
25.316750, 36.8961029052734, 25924301, 1, TriggerDetected, "9c951342 0100 cd928b01"
25.316800, 34.7115287780762, 25924352, 0, 0, "9bd80a42 0000 00938b01"
25.316850, 18.8503952026367, 25924403, 0, 0, "9ccd9641 0000 33938b01"
25.316900, 32.192081451416, 25924454, 1, TriggerDetected, "b1c40042 0100 66938b01"
25.316950, 38.6734199523926, 25924505, 0, 0, "95b11a42 0000 99938b01"
25.317000, 20.7756290435791, 25924557, 0, 0, "7d34a641 0000 cd938b01"
25.317050, 26.8816184997559, 25924608, 0, 0, "8e0dd741 0000 00948b01"
25.317100, 40.482048034668, 25924659, 1, TriggerDetected, "9eed2142 0100 33948b01"
25.317150, 24.8102912902832, 25924710, 0, 0, "7a7bc641 0000 66948b01"
25.317200, 22.2321338653564, 25924761, 0, 0, "69dbb141 0000 99948b01"
25.317250, 39.7199935913086, 25924813, 1, TriggerDetected, "46e11e42 0100 cd948b01"
25.317300, 29.9901676177979, 25924864, 0, 0, "ddebef41 0000 00958b01"
25.317350, 19.3447818756104, 25924915, 0, 0, "1dc29a41 0000 33958b01"
25.317400, 36.557975769043, 25924966, 1, TriggerDetected, "5e3b1242 0100 66958b01"
25.317450, 35.097541809082, 25925017, 0, 0, "e2630c42 0000 99958b01"
25.317500, 18.9133148193359, 25925069, 0, 0, "784e9741 0000 cd958b01"
25.317550, 31.7605991363525, 25925120, 1, TriggerDetected, "b515fe41 0100 00968b01"
25.317600, 38.9082565307617, 25925171, 0, 0, "0ea21b42 0000 33968b01"
25.317650, 21.0371265411377, 25925222, 0, 0, "094ca841 0000 66968b01"
25.317700, 26.4606189727783, 25925273, 0, 0, "59afd341 0000 99968b01"
25.317750, 40.5217895507813, 25925325, 1, TriggerDetected, "50162242 0100 cd968b01"
25.317800, 25.200475692749, 25925376, 0, 0, "939ac941 0000 00978b01"
25.317850, 21.911642074585, 25925427, 0, 0, "0b4baf41 0000 33978b01"
25.317900, 39.5393104553223, 25925478, 1, TriggerDetected, "41281e42 0100 66978b01"
25.317950, 30.4297828674316, 25925529, 0, 0, "3270f341 0000 99978b01"
25.318000, 19.2142066955566, 25925581, 0, 0, "b2b69941 0000 cd978b01"
25.318050, 36.2156181335449, 25925632, 1, TriggerDetected, "cbdc1042 0100 00988b01"
25.318100, 35.4724464416504, 25925683, 0, 0, "c9e30d42 0000 33988b01"
25.318150, 18.9934902191162, 25925734, 0, 0, "abf29741 0000 66988b01"
25.318200, 31.323902130127, 25925785, 1, TriggerDetected, "5a97fa41 0100 99988b01"
25.318250, 39.1318206787109, 25925837, 0, 0, "fc861c42 0000 cd988b01"
25.318300, 21.3061904907227, 25925888, 0, 0, "1473aa41 0000 00998b01"
25.318350, 26.0449810028076, 25925939, 0, 0, "1f5cd041 0000 33998b01"
25.318400, 40.533863067627, 25925990, 1, TriggerDetected, "ad222242 0100 66998b01"
25.318450, 25.6081199645996, 25926041, 0, 0, "6eddcc41 0000 99998b01"
25.318500, 21.6081256866455, 25926093, 0, 0, "71ddac41 0000 cd998b01"
25.318550, 39.3523254394531, 25926144, 1, TriggerDetected, "c8681d42 0100 009a8b01"
25.318600, 30.8689193725586, 25926195, 0, 0, "8cf3f641 0000 339a8b01"
25.318650, 19.0964107513428, 25926246, 0, 0, "73c59841 0000 669a8b01"
25.318700, 35.8595771789551, 25926297, 1, TriggerDetected, "35700f42 0100 999a8b01"
25.318750, 35.8426704406738, 25926349, 0, 0, "e55e0f42 0000 cd9a8b01"
25.318800, 19.0933780670166, 25926400, 0, 0, "3dbf9841 0000 009b8b01"
25.318850, 30.8866004943848, 25926451, 1, TriggerDetected, "c217f741 0100 339b8b01"
25.318900, 39.3351020812988, 25926502, 0, 0, "25571d42 0000 669b8b01"
25.318950, 21.5919971466064, 25926553, 0, 0, "69bcac41 0000 999b8b01"
25.319000, 25.6215591430664, 25926605, 0, 0, "f4f8cc41 0000 cd9b8b01"
25.319050, 40.5317001342773, 25926656, 1, TriggerDetected, "76202242 0100 009c8b01"
25.319100, 26.0202369689941, 25926707, 0, 0, "7229d041 0000 339c8b01"
25.319150, 21.3196411132813, 25926758, 0, 0, "a08eaa41 0000 669c8b01"
25.319200, 39.1384544372559, 25926809, 1, TriggerDetected, "c78d1c42 0100 999c8b01"
25.319250, 31.2974548339844, 25926861, 0, 0, "3061fa41 0000 cd9c8b01"
25.319300, 18.9932270050049, 25926912, 0, 0, "21f29741 0000 009d8b01"
25.319350, 35.4915657043457, 25926963, 1, TriggerDetected, "5df70d42 0100 339d8b01"
25.319400, 36.1941833496094, 25927014, 0, 0, "d8c61042 0000 669d8b01"
25.319450, 19.2050018310547, 25927065, 0, 0, "d8a39941 0000 999d8b01"
25.319500, 30.4484844207764, 25927117, 1, TriggerDetected, "7f96f341 0100 cd9d8b01"
25.319550, 39.5319175720215, 25927168, 0, 0, "af201e42 0000 009e8b01"
25.319600, 21.9036254882813, 25927219, 0, 0, "a03aaf41 0000 339e8b01"
25.319650, 25.2251205444336, 25927270, 0, 0, "0ccdc941 0000 669e8b01"
25.319700, 40.5178871154785, 25927321, 1, TriggerDetected, "51122242 0100 999e8b01"
25.319750, 26.4383296966553, 25927373, 0, 0, "b381d341 0000 cd9e8b01"
25.319800, 21.0479850769043, 25927424, 0, 0, "4662a841 0000 009f8b01"
25.319850, 38.9231643676758, 25927475, 1, TriggerDetected, "52b11b42 0100 339f8b01"
25.319900, 31.7392616271973, 25927526, 0, 0, "02eafd41 0000 669f8b01"
25.319950, 18.9162216186523, 25927577, 0, 0, "6c549741 0000 999f8b01"
25.320000, 35.1141624450684, 25927629, 1, TriggerDetected, "e7740c42 0100 cd9f8b01"
25.320050, 36.5369834899902, 25927680, 0, 0, "df251242 0000 00a08b01"
25.320100, 19.3380241394043, 25927731, 0, 0, "46b49a41 0000 33a08b01"
25.320150, 30.0114135742188, 25927782, 0, 0, "6017f041 0000 66a08b01"
25.320200, 39.707347869873, 25927833, 1, TriggerDetected, "53d41e42 0100 99a08b01"
25.320250, 22.2163772583008, 25927885, 0, 0, "24bbb141 0000 cda08b01"
25.320300, 24.8226108551025, 25927936, 0, 0, "b594c641 0000 00a18b01"
25.320350, 40.4799728393555, 25927987, 1, TriggerDetected, "7eeb2142 0100 33a18b01"
25.320400, 26.8545951843262, 25928038, 0, 0, "36d6d641 0000 66a18b01"
25.320450, 20.7823638916016, 25928089, 0, 0, "4842a641 0000 99a18b01"
25.320500, 38.6756629943848, 25928141, 1, TriggerDetected, "e1b31a42 0100 cda18b01"
25.320550, 32.1669044494629, 25928192, 0, 0, "e9aa0042 0000 00a28b01"
25.320600, 18.8525733947754, 25928243, 0, 0, "12d29641 0000 33a28b01"
25.320650, 34.7295417785645, 25928294, 1, TriggerDetected, "0deb0a42 0100 66a28b01"
25.320700, 36.8787040710449, 25928345, 0, 0, "cb831342 0000 99a28b01"
25.320750, 19.4885215759277, 25928397, 0, 0, "7ee89b41 0000 cda28b01"
25.320800, 29.5727767944336, 25928448, 0, 0, "0c95ec41 0000 00a38b01"
25.320850, 39.8652954101563, 25928499, 1, TriggerDetected, "10761f42 0100 33a38b01"
25.320900, 22.5406265258789, 25928550, 0, 0, "3453b441 0000 66a38b01"
25.320950, 24.4328365325928, 25928601, 0, 0, "7376c341 0000 99a38b01"
25.321000, 40.4329605102539, 25928653, 1, TriggerDetected, "5abb2142 0100 cda38b01"
25.321050, 27.2820472717285, 25928704, 0, 0, "a241da41 0000 00a48b01"
25.321100, 20.5322017669678, 25928755, 0, 0, "f341a441 0000 33a48b01"
25.321150, 38.4240379333496, 25928806, 1, TriggerDetected, "37b21942 0100 66a48b01"
25.321200, 32.5916633605957, 25928857, 0, 0, "dd5d0242 0000 99a48b01"
25.321250, 18.8007946014404, 25928909, 0, 0, "07689641 0000 cda48b01"
25.321300, 34.3345413208008, 25928960, 1, TriggerDetected, "92560942 0100 00a58b01"
25.321350, 37.1963157653809, 25929011, 0, 0, "07c91442 0000 33a58b01"
25.321400, 19.6539840698242, 25929062, 0, 0, "5c3b9d41 0000 66a58b01"
25.321450, 29.1325359344482, 25929113, 0, 0, "6f0fe941 0000 99a58b01"
25.321500, 40.0103607177734, 25929165, 1, TriggerDetected, "9c0a2042 0100 cda58b01"
25.321550, 22.8780498504639, 25929216, 0, 0, "3f06b741 0000 00a68b01"
25.321600, 24.0494518280029, 25929267, 0, 0, "4765c041 0000 33a68b01"
25.321650, 40.3566360473633, 25929318, 1, TriggerDetected, "326d2142 0100 66a68b01"
25.321700, 27.7176723480225, 25929369, 0, 0, "cbbddd41 0000 99a68b01"
25.321750, 20.3011093139648, 25929421, 0, 0, "ac68a241 0000 cda68b01"
25.321800, 38.1586494445801, 25929472, 1, TriggerDetected, "75a21842 0100 00a78b01"
25.321850, 33.0112953186035, 25929523, 0, 0, "910b0442 0000 33a78b01"
25.321900, 18.7783012390137, 25929574, 0, 0, "f6399641 0000 66a78b01"
25.321950, 33.9387054443359, 25929625, 1, TriggerDetected, "3cc10742 0100 99a78b01"
25.322000, 37.5119400024414, 25929677, 0, 0, "3a0c1642 0000 cda78b01"
25.322050, 19.8370704650879, 25929728, 0, 0, "52b29e41 0000 00a88b01"
25.322100, 28.694055557251, 25929779, 0, 0, "6d8de541 0000 33a88b01"
25.322150, 40.1346588134766, 25929830, 1, TriggerDetected, "e4892042 0100 66a88b01"
25.322200, 23.231761932373, 25929881, 0, 0, "a6dab941 0000 99a88b01"
25.322250, 23.6810550689697, 25929933, 0, 0, "cd72bd41 0000 cda88b01"
25.322300, 40.2714309692383, 25929984, 1, TriggerDetected, "f2152142 0100 00a98b01"
25.322350, 28.1497478485107, 25930035, 0, 0, "af32e141 0000 33a98b01"
25.322400, 20.0813217163086, 25930086, 0, 0, "8ca6a041 0000 66a98b01"
25.322450, 37.8779945373535, 25930137, 1, TriggerDetected, "11831742 0100 99a98b01"
25.322500, 33.4321975708008, 25930189, 0, 0, "92ba0542 0000 cda98b01"
25.322550, 18.7651271820068, 25930240, 0, 0, "fb1e9641 0000 00aa8b01"
25.322600, 33.529182434082, 25930291, 1, TriggerDetected, "e21d0642 0100 33aa8b01"
25.322650, 37.8086395263672, 25930342, 0, 0, "0c3c1742 0000 66aa8b01"
25.322700, 20.0358028411865, 25930393, 0, 0, "5349a041 0000 99aa8b01"
25.322750, 28.2538318634033, 25930445, 0, 0, "d907e241 0000 cdaa8b01"
25.322800, 40.2508926391602, 25930496, 1, TriggerDetected, "ea002142 0100 00ab8b01"
25.322850, 23.5931282043457, 25930547, 0, 0, "babebc41 0000 33ab8b01"
25.322900, 23.3199062347412, 25930598, 0, 0, "2b8fba41 0000 66ab8b01"
25.322950, 40.1637382507324, 25930649, 1, TriggerDetected, "aba72042 0100 99ab8b01"
25.323000, 28.5886554718018, 25930701, 0, 0, "91b5e441 0000 cdab8b01"
25.323050, 19.8819332122803, 25930752, 0, 0, "330e9f41 0000 00ac8b01"
25.323100, 37.5833511352539, 25930803, 1, TriggerDetected, "5a551642 0100 33ac8b01"
25.323150, 33.8365325927734, 25930854, 0, 0, "9c580742 0000 66ac8b01"
25.323200, 18.7694244384766, 25930905, 0, 0, "c8279641 0000 99ac8b01"
25.323250, 33.1085739135742, 25930957, 1, TriggerDetected, "2e6f0442 0100 cdac8b01"
25.323300, 38.0934181213379, 25931008, 0, 0, "a95f1842 0000 00ad8b01"
25.323350, 20.246000289917, 25931059, 0, 0, "cff7a141 0000 33ad8b01"
25.323400, 27.8245067596436, 25931110, 0, 0, "9798de41 0000 66ad8b01"
25.323450, 40.3419189453125, 25931161, 1, TriggerDetected, "205e2142 0100 99ad8b01"
25.323500, 23.9617958068848, 25931213, 0, 0, "c2b1bf41 0000 cdad8b01"
25.323550, 22.9600734710693, 25931264, 0, 0, "3baeb741 0000 00ae8b01"
25.323600, 40.0456008911133, 25931315, 1, TriggerDetected, "b22e2042 0100 33ae8b01"
25.323650, 29.0288486480713, 25931366, 0, 0, "153be841 0000 66ae8b01"
25.323700, 19.695182800293, 25931417, 0, 0, "bc8f9d41 0000 99ae8b01"
25.323750, 37.2739105224609, 25931469, 1, TriggerDetected, "7c181542 0100 cdae8b01"
25.323800, 34.2375755310059, 25931520, 0, 0, "47f30842 0000 00af8b01"
25.323850, 18.7953414916992, 25931571, 0, 0, "dc5c9641 0000 33af8b01"
25.323900, 32.6937141418457, 25931622, 1, TriggerDetected, "5dc60242 0100 66af8b01"
25.323950, 38.3599433898926, 25931673, 0, 0, "95701942 0000 99af8b01"
25.324000, 20.4773750305176, 25931725, 0, 0, "aad1a341 0000 cdaf8b01"
25.324050, 27.3881702423096, 25931776, 0, 0, "f91adb41 0000 00b08b01"
25.324100, 40.4143447875977, 25931827, 1, TriggerDetected, "4aa82142 0100 33b08b01"
25.324150, 24.341121673584, 25931878, 0, 0, "9ebac241 0000 66b08b01"
25.324200, 22.6214694976807, 25931929, 0, 0, "c5f8b441 0000 99b08b01"
25.324250, 39.903923034668, 25931981, 1, TriggerDetected, "9e9d1f42 0100 cdb08b01"
25.324300, 29.4633617401123, 25932032, 0, 0, "f7b4eb41 0000 00b18b01"
25.324350, 19.5251159667969, 25932083, 0, 0, "70339c41 0000 33b18b01"
25.324400, 36.9560623168945, 25932134, 1, TriggerDetected, "02d31342 0100 66b18b01"
25.324450, 34.6377067565918, 25932185, 0, 0, "038d0a42 0000 99b18b01"
25.324500, 18.8390617370605, 25932237, 0, 0, "66b69641 0000 cdb18b01"
25.324550, 32.2695732116699, 25932288, 1, TriggerDetected, "0b140142 0100 00b28b01"
25.324600, 38.6186866760254, 25932339, 0, 0, "89791a42 0000 33b28b01"
25.324650, 20.7217807769775, 25932390, 0, 0, "35c6a541 0000 66b28b01"
25.324700, 26.9620952606201, 25932441, 0, 0, "5fb2d741 0000 99b28b01"
25.324750, 40.4690475463867, 25932493, 1, TriggerDetected, "4ee02142 0100 cdb28b01"
25.324800, 24.7247943878174, 25932544, 0, 0, "61ccc541 0000 00b38b01"
25.324850, 22.287899017334, 25932595, 0, 0, "9e4db241 0000 33b38b01"
25.324900, 39.7472915649414, 25932646, 1, TriggerDetected, "3afd1e42 0100 66b38b01"
25.324950, 29.902702331543, 25932697, 0, 0, "bc38ef41 0000 99b38b01"
25.325000, 19.3664855957031, 25932749, 0, 0, "90ee9a41 0000 cdb38b01"
25.325050, 36.6207695007324, 25932800, 1, TriggerDetected, "ab7b1242 0100 00b48b01"
25.325100, 35.0164985656738, 25932851, 0, 0, "e5100c42 0000 33b48b01"
25.325150, 18.8956851959229, 25932902, 0, 0, "5d2a9741 0000 66b48b01"
25.325200, 31.8391742706299, 25932953, 1, TriggerDetected, "a1b6fe41 0100 99b48b01"
25.325250, 38.8623237609863, 25933005, 0, 0, "05731b42 0000 cdb48b01"
25.325300, 20.9766674041748, 25933056, 0, 0, "37d0a741 0000 00b58b01"
25.325350, 26.5367259979248, 25933107, 0, 0, "374bd441 0000 33b58b01"
25.325400, 40.5093383789063, 25933158, 1, TriggerDetected, "90092242 0100 66b58b01"
25.325450, 25.1238555908203, 25933209, 0, 0, "a8fdc841 0000 99b58b01"
25.325500, 21.9691753387451, 25933261, 0, 0, "dfc0af41 0000 cdb58b01"
25.325550, 39.5775566101074, 25933312, 1, TriggerDetected, "6b4f1e42 0100 00b68b01"
25.325600, 30.3415126800537, 25933363, 0, 0, "6bbbf241 0000 33b68b01"
25.325650, 19.2314739227295, 25933414, 0, 0, "0fda9941 0000 66b68b01"
25.325700, 36.2803611755371, 25933465, 1, TriggerDetected, "171f1142 0100 99b68b01"
25.325750, 35.4034614562988, 25933517, 0, 0, "259d0d42 0000 cdb68b01"
25.325800, 18.9723281860352, 25933568, 0, 0, "54c79741 0000 00b78b01"
25.325850, 31.4078330993652, 25933619, 1, TriggerDetected, "3e43fb41 0100 33b78b01"
25.325900, 39.0872917175293, 25933670, 0, 0, "63591c42 0000 66b78b01"
25.325950, 21.2501239776611, 25933721, 0, 0, "4100aa41 0000 99b78b01"
25.326000, 26.1159114837646, 25933773, 0, 0, "63edd041 0000 cdb78b01"
25.326050, 40.5323829650879, 25933824, 1, TriggerDetected, "29212242 0100 00b88b01"
25.326100, 25.5245323181152, 25933875, 0, 0, "3e32cc41 0000 33b88b01"
25.326150, 21.665714263916, 25933926, 0, 0, "6253ad41 0000 66b88b01"
25.326200, 39.3883857727051, 25933977, 1, TriggerDetected, "b58d1d42 0100 99b88b01"
25.326250, 30.7813396453857, 25934029, 0, 0, "2f40f641 0000 cdb88b01"
25.326300, 19.1204929351807, 25934080, 0, 0, "c5f69841 0000 00b98b01"
25.326350, 35.9266624450684, 25934131, 1, TriggerDetected, "e7b40f42 0100 33b98b01"
25.326400, 35.7687225341797, 25934182, 0, 0, "2c130f42 0000 66b98b01"
25.326450, 19.0700130462646, 25934233, 0, 0, "638f9841 0000 99b98b01"
25.326500, 30.9721775054932, 25934285, 1, TriggerDetected, "05c7f741 0100 cdb98b01"
25.326550, 39.2991714477539, 25934336, 0, 0, "5a321d42 0000 00ba8b01"
25.326600, 21.536792755127, 25934387, 0, 0, "5a4bac41 0000 33ba8b01"
25.326650, 25.7040233612061, 25934438, 0, 0, "d7a1cd41 0000 66ba8b01"
25.326700, 40.5316619873047, 25934489, 1, TriggerDetected, "6c202242 0100 99ba8b01"
25.326750, 25.9382495880127, 25934541, 0, 0, "8981cf41 0000 cdba8b01"
25.326800, 21.3754405975342, 25934592, 0, 0, "e700ab41 0000 00bb8b01"
25.326850, 39.1812477111816, 25934643, 1, TriggerDetected, "99b91c42 0100 33bb8b01"
25.326900, 31.2197895050049, 25934694, 0, 0, "21c2f941 0000 66bb8b01"
25.326950, 19.0118370056152, 25934745, 0, 0, "3e189841 0000 99bb8b01"
25.327000, 35.5567474365234, 25934797, 1, TriggerDetected, "1c3a0e42 0100 cdbb8b01"
25.327050, 36.1261177062988, 25934848, 0, 0, "25811042 0000 00bc8b01"
25.327100, 19.1834011077881, 25934899, 0, 0, "9b779941 0000 33bc8b01"
25.327150, 30.5365867614746, 25934950, 1, TriggerDetected, "ee4af441 0100 66bc8b01"
25.327200, 39.4934234619141, 25935001, 0, 0, "44f91d42 0000 99bc8b01"
25.327250, 21.843563079834, 25935053, 0, 0, "9ebfae41 0000 cdbc8b01"
25.327300, 25.2999057769775, 25935104, 0, 0, "3566ca41 0000 00bd8b01"
25.327350, 40.5221900939941, 25935155, 1, TriggerDetected, "b9162242 0100 33bd8b01"
25.327400, 26.3587379455566, 25935206, 0, 0, "b2ded241 0000 66bd8b01"
25.327450, 21.0968265533447, 25935257, 0, 0, "4dc6a841 0000 99bd8b01"
25.327500, 38.963508605957, 25935309, 1, TriggerDetected, "a2da1b42 0100 cdbd8b01"
25.327550, 31.6567878723145, 25935360, 0, 0, "1a41fd41 0000 00be8b01"
25.327600, 18.9290294647217, 25935411, 0, 0, "a76e9741 0000 33be8b01"
25.327650, 35.1950569152832, 25935462, 1, TriggerDetected, "bdc70c42 0100 66be8b01"
25.327700, 36.4812431335449, 25935513, 0, 0, "cbec1142 0000 99be8b01"
25.327750, 19.3169994354248, 25935565, 0, 0, "37899a41 0000 cdbe8b01"
25.327800, 30.0995273590088, 25935616, 1, TriggerDetected, "d5cbf041 0100 00bf8b01"
25.327850, 39.6794586181641, 25935667, 0, 0, "c4b71e42 0000 33bf8b01"
25.327900, 22.1564235687256, 25935718, 0, 0, "5b40b141 0000 66bf8b01"
25.327950, 24.9020824432373, 25935769, 0, 0, "7737c741 0000 99bf8b01"
25.328000, 40.4897880554199, 25935821, 1, TriggerDetected, "8bf52142 0100 cdbf8b01"
25.328050, 26.7777709960938, 25935872, 0, 0, "e038d641 0000 00c08b01"
25.328100, 20.8325443267822, 25935923, 0, 0, "0da9a641 0000 33c08b01"
25.328150, 38.727596282959, 25935974, 1, TriggerDetected, "0fe91a42 0100 66c08b01"
25.328200, 32.0839042663574, 25936025, 0, 0, "eb550042 0000 99c08b01"
25.328250, 18.8621063232422, 25936077, 0, 0, "98e59641 0000 cdc08b01"
25.328300, 34.8040199279785, 25936128, 1, TriggerDetected, "51370b42 0100 00c18b01"
25.328350, 36.8131904602051, 25936179, 0, 0, "b5401342 0000 33c18b01"
25.328400, 19.4546298980713, 25936230, 0, 0, "15a39b41 0000 66c18b01"
25.328450, 29.6610622406006, 25936281, 0, 0, "db49ed41 0000 99c18b01"
25.328500, 39.8381309509277, 25936333, 1, TriggerDetected, "3f5a1f42 0100 cdc18b01"
25.328550, 22.4761352539063, 25936384, 0, 0, "20cfb341 0000 00c28b01"
25.328600, 24.5094604492188, 25936435, 0, 0, "6013c441 0000 33c28b01"
25.328650, 40.4423980712891, 25936486, 1, TriggerDetected, "04c52142 0100 66c28b01"
25.328700, 27.2028884887695, 25936537, 0, 0, "849fd941 0000 99c28b01"
25.328750, 20.5791778564453, 25936589, 0, 0, "28a2a441 0000 cdc28b01"
25.328800, 38.4749145507813, 25936640, 1, TriggerDetected, "50e61942 0100 00c38b01"
25.328850, 32.5104522705078, 25936691, 0, 0, "b40a0242 0000 33c38b01"
25.328900, 18.8119468688965, 25936742, 0, 0, "de7e9641 0000 66c38b01"
25.328950, 34.415584564209, 25936793, 1, TriggerDetected, "8fa90942 0100 99c38b01"
25.329000, 37.1420974731445, 25936845, 0, 0, "82911442 0000 cdc38b01"
25.329050, 19.6220550537109, 25936896, 0, 0, "f8f99c41 0000 00c48b01"
25.329100, 29.2185363769531, 25936947, 0, 0, "90bfe941 0000 33c48b01"
25.329150, 39.9861946105957, 25936998, 1, TriggerDetected, "ddf11f42 0100 66c48b01"
25.329200, 22.8146419525146, 25937049, 0, 0, "6384b641 0000 99c48b01"
25.329250, 24.1243915557861, 25937101, 0, 0, "c1fec041 0000 cdc48b01"
25.329300, 40.3763771057129, 25937152, 1, TriggerDetected, "69812142 0100 00c58b01"
25.329350, 27.6313591003418, 25937203, 0, 0, "060ddd41 0000 33c58b01"
25.329400, 20.3423862457275, 25937254, 0, 0, "35bda241 0000 66c58b01"
25.329450, 38.2152137756348, 25937305, 1, TriggerDetected, "61dc1842 0100 99c58b01"
25.329500, 32.9361381530762, 25937357, 0, 0, "9bbe0342 0000 cdc58b01"
25.329550, 18.7802391052246, 25937408, 0, 0, "ee3d9641 0000 00c68b01"
25.329600, 34.0120086669922, 25937459, 1, TriggerDetected, "4c0c0842 0100 33c68b01"
25.329650, 37.4487342834473, 25937510, 0, 0, "81cb1542 0000 66c68b01"
25.329700, 19.8008670806885, 25937561, 0, 0, "2d689e41 0000 99c68b01"
25.329750, 28.7813091278076, 25937613, 0, 0, "1f40e641 0000 cdc68b01"
25.329800, 40.1155166625977, 25937664, 1, TriggerDetected, "4a762042 0100 00c78b01"
25.329850, 23.1609916687012, 25937715, 0, 0, "b649b941 0000 33c78b01"
25.329900, 23.749044418335, 25937766, 0, 0, "0bfebd41 0000 66c78b01"
25.329950, 40.2879829406738, 25937817, 1, TriggerDetected, "e5262142 0100 99c78b01"
25.330000, 28.0665760040283, 25937869, 0, 0, "5988e041 0000 cdc78b01"
25.330050, 20.1230564117432, 25937920, 0, 0, "05fca041 0000 00c88b01"
25.330100, 37.9342842102051, 25937971, 1, TriggerDetected, "b5bc1742 0100 33c88b01"
25.330150, 33.3455581665039, 25938022, 0, 0, "da610542 0000 66c88b01"
25.330200, 18.7656860351563, 25938073, 0, 0, "20209641 0000 99c88b01"
25.330250, 33.6056938171387, 25938125, 1, TriggerDetected, "3b6c0642 0100 cdc88b01"
25.330300, 37.7524299621582, 25938176, 0, 0, "7d021742 0000 00c98b01"
25.330350, 19.9928531646729, 25938227, 0, 0, "5df19f41 0000 33c98b01"
25.330400, 28.3397731781006, 25938278, 0, 0, "dbb7e241 0000 66c98b01"
25.330450, 40.2226371765137, 25938329, 1, TriggerDetected, "fbe32042 0100 99c98b01"
25.330500, 23.5208892822266, 25938381, 0, 0, "c82abc41 0000 cdc98b01"
25.330550, 23.3873233795166, 25938432, 0, 0, "3d19bb41 0000 00ca8b01"
25.330600, 40.1879348754883, 25938483, 1, TriggerDetected, "72c02042 0100 33ca8b01"
25.330650, 28.5004138946533, 25938534, 0, 0, "d900e441 0000 66ca8b01"
25.330700, 19.917781829834, 25938585, 0, 0, "9e579f41 0000 99ca8b01"
25.330750, 37.6400146484375, 25938637, 1, TriggerDetected, "608f1642 0100 cdca8b01"
25.330800, 33.7566986083984, 25938688, 0, 0, "dc060742 0000 00cb8b01"
25.330850, 18.7677803039551, 25938739, 0, 0, "6a249641 0000 33cb8b01"
25.330900, 33.1960258483887, 25938790, 1, TriggerDetected, "bbc80442 0100 66cb8b01"
25.330950, 38.0395317077637, 25938841, 0, 0, "7b281842 0000 99cb8b01"
25.331000, 20.2008247375488, 25938893, 0, 0, "4a9ba141 0000 cdcb8b01"
25.331050, 27.9023361206055, 25938944, 0, 0, "fc37df41 0000 00cc8b01"
25.331100, 40.3219871520996, 25938995, 1, TriggerDetected, "b7492142 0100 33cc8b01"
25.331150, 23.8878002166748, 25939046, 0, 0, "371abf41 0000 66cc8b01"
25.331200, 23.0317630767822, 25939097, 0, 0, "0d41b841 0000 99cc8b01"
25.331250, 40.068172454834, 25939149, 1, TriggerDetected, "cf452042 0100 cdcc8b01"
25.331300, 28.9420471191406, 25939200, 0, 0, "5089e741 0000 00cd8b01"
25.331350, 19.730297088623, 25939251, 0, 0, "a6d79d41 0000 33cd8b01"
25.331400, 37.3384704589844, 25939302, 1, TriggerDetected, "985a1542 0100 66cd8b01"
25.331450, 34.1654853820801, 25939353, 0, 0, "75a90842 0000 99cd8b01"
25.331500, 18.7909469604492, 25939405, 0, 0, "dc539641 0000 cdcd8b01"
25.331550, 32.7726402282715, 25939456, 1, TriggerDetected, "2f170342 0100 00ce8b01"
25.331600, 38.3124694824219, 25939507, 0, 0, "f83f1942 0000 33ce8b01"
25.331650, 20.4309635162354, 25939558, 0, 0, "9d72a341 0000 66ce8b01"
25.331700, 27.4727821350098, 25939609, 0, 0, "42c8db41 0000 99ce8b01"
25.331750, 40.3947486877441, 25939661, 1, TriggerDetected, "39942142 0100 cdce8b01"
25.331800, 24.2602291107178, 25939712, 0, 0, "f314c241 0000 00cf8b01"
25.331850, 22.6875858306885, 25939763, 0, 0, "2d80b541 0000 33cf8b01"
25.331900, 39.9351615905762, 25939814, 1, TriggerDetected, "9bbd1f42 0100 66cf8b01"
25.331950, 29.3825969696045, 25939865, 0, 0, "8f0feb41 0000 99cf8b01"
25.332000, 19.5604343414307, 25939917, 0, 0, "c57b9c41 0000 cdcf8b01"
25.332050, 37.0201263427734, 25939968, 1, TriggerDetected, "9c141442 0100 00d08b01"
25.332100, 34.5620498657227, 25940019, 0, 0, "8a3f0a42 0000 33d08b01"
25.332150, 18.8307552337646, 25940070, 0, 0, "63a59641 0000 66d08b01"
25.332200, 32.3539199829102, 25940121, 1, TriggerDetected, "6a6a0142 0100 99d08b01"
25.332250, 38.5721778869629, 25940173, 0, 0, "e9491a42 0000 cdd08b01"
25.332300, 20.6689167022705, 25940224, 0, 0, "f159a541 0000 00d18b01"
25.332350, 27.0411033630371, 25940275, 0, 0, "2e54d841 0000 33d18b01"
25.332400, 40.4635620117188, 25940326, 1, TriggerDetected, "b0da2142 0100 66d18b01"
25.332450, 24.6585464477539, 25940377, 0, 0, "b444c541 0000 99d18b01"
25.332500, 22.3558807373047, 25940429, 0, 0, "d8d8b241 0000 cdd18b01"
25.332550, 39.7785911560059, 25940480, 1, TriggerDetected, "471d1f42 0100 00d28b01"
25.332600, 29.823881149292, 25940531, 0, 0, "4f97ee41 0000 33d28b01"
25.332650, 19.3994369506836, 25940582, 0, 0, "0c329b41 0000 66d28b01"
25.332700, 36.692024230957, 25940633, 1, TriggerDetected, "a2c41242 0100 99d28b01"
25.332750, 34.9539566040039, 25940685, 0, 0, "dad00b42 0000 cdd28b01"
25.332800, 18.886266708374, 25940736, 0, 0, "13179741 0000 00d38b01"
25.332850, 31.9242248535156, 25940787, 1, TriggerDetected, "d064ff41 0100 33d38b01"
25.332900, 38.8191833496094, 25940838, 0, 0, "d8461b42 0000 66d38b01"
25.332950, 20.9327373504639, 25940889, 0, 0, "3f76a741 0000 99d38b01"
25.333000, 26.6254291534424, 25940941, 0, 0, "e100d541 0000 cdd38b01"
25.333050, 40.5067443847656, 25940992, 1, TriggerDetected, "e8062242 0100 00d48b01"
25.333100, 25.0491161346436, 25941043, 0, 0, "9764c841 0000 33d48b01"
25.333150, 22.034761428833, 25941094, 0, 0, "3147b041 0000 66d48b01"
25.333200, 39.612419128418, 25941145, 1, TriggerDetected, "1e731e42 0100 99d48b01"
25.333250, 30.2625942230225, 25941197, 0, 0, "cb19f241 0000 cdd48b01"
25.333300, 19.2658576965332, 25941248, 0, 0, "7a209a41 0000 00d58b01"
25.333350, 36.351676940918, 25941299, 1, TriggerDetected, "1e681142 0100 33d58b01"
25.333400, 35.3308258056641, 25941350, 0, 0, "c4520d42 0000 66d58b01"
25.333450, 18.9591064453125, 25941401, 0, 0, "40ac9741 0000 99d58b01"
25.333500, 31.4915180206299, 25941453, 1, TriggerDetected, "a1eefb41 0100 cdd58b01"
25.333550, 39.0493278503418, 25941504, 0, 0, "83321c42 0000 00d68b01"
25.333600, 21.2040691375732, 25941555, 0, 0, "efa1a941 0000 33d68b01"
25.333650, 26.202262878418, 25941606, 0, 0, "3c9ed141 0000 66d68b01"
25.333700, 40.5302505493164, 25941657, 1, TriggerDetected, "fa1e2242 0100 99d68b01"
25.333750, 25.4519271850586, 25941709, 0, 0, "8c9dcb41 0000 cdd68b01"
25.333800, 21.7308025360107, 25941760, 0, 0, "afd8ad41 0000 00d78b01"
25.333850, 39.4314308166504, 25941811, 1, TriggerDetected, "c9b91d42 0100 33d78b01"
25.333900, 30.7008323669434, 25941862, 0, 0, "4e9bf541 0000 66d78b01"
25.333950, 19.1454811096191, 25941913, 0, 0, "f2299941 0000 99d78b01"
25.334000, 36.001350402832, 25941965, 1, TriggerDetected, "62011042 0100 cdd78b01"
25.334050, 35.7033538818359, 25942016, 0, 0, "3cd00e42 0000 00d88b01"
25.334100, 19.0537929534912, 25942067, 0, 0, "2b6e9841 0000 33d88b01"
25.334150, 31.0616226196289, 25942118, 1, TriggerDetected, "347ef841 0100 66d88b01"
25.334200, 39.2642860412598, 25942169, 0, 0, "a10e1d42 0000 99d88b01"
25.334250, 21.4880523681641, 25942221, 0, 0, "88e7ab41 0000 cdd88b01"
25.334300, 25.7895431518555, 25942272, 0, 0, "fc50ce41 0000 00d98b01"
25.334350, 40.5439224243164, 25942323, 1, TriggerDetected, "fa2c2242 0100 33d98b01"
25.334400, 25.86256980896, 25942374, 0, 0, "8be6ce41 0000 66d98b01"
25.334450, 21.4329090118408, 25942425, 0, 0, "9976ab41 0000 99d98b01"
25.334500, 39.2267570495605, 25942477, 1, TriggerDetected, "33e81c42 0100 cdd98b01"
25.334550, 31.145824432373, 25942528, 0, 0, "a62af941 0000 00da8b01"
25.334600, 19.042688369751, 25942579, 0, 0, "6d579841 0000 33da8b01"
25.334650, 35.6405715942383, 25942630, 1, TriggerDetected, "f28f0e42 0100 66da8b01"
25.334700, 36.0587692260742, 25942681, 0, 0, "2e3c1042 0000 99da8b01"
25.334750, 19.1613788604736, 25942733, 0, 0, "814a9941 0000 cdda8b01"
25.334800, 30.6234245300293, 25942784, 1, TriggerDetected, "c6fcf441 0100 00db8b01"
25.334850, 39.4639854431152, 25942835, 0, 0, "1fdb1d42 0000 33db8b01"
25.334900, 21.786283493042, 25942886, 0, 0, "4f4aae41 0000 66db8b01"
25.334950, 25.3832664489746, 25942937, 0, 0, "ee10cb41 0000 99db8b01"
25.335000, 40.5289649963379, 25942989, 1, TriggerDetected, "a91d2242 0100 cddb8b01"
25.335050, 26.2768058776855, 25943040, 0, 0, "e636d241 0000 00dc8b01"
25.335100, 21.1563873291016, 25943091, 0, 0, "4840a941 0000 33dc8b01"
25.335150, 39.0122985839844, 25943142, 1, TriggerDetected, "980c1c42 0100 66dc8b01"
25.335200, 31.5707492828369, 25943193, 0, 0, "e590fc41 0000 99dc8b01"
25.335250, 18.9454021453857, 25943245, 0, 0, "2f909741 0000 cddc8b01"
25.335300, 35.2634048461914, 25943296, 1, TriggerDetected, "ba0d0d42 0100 00dd8b01"
25.335350, 36.4123229980469, 25943347, 0, 0, "38a61142 0000 33dd8b01"
25.335400, 19.285514831543, 25943398, 0, 0, "bc489a41 0000 66dd8b01"
25.335450, 30.1857643127441, 25943449, 1, TriggerDetected, "727cf141 0100 99dd8b01"
25.335500, 39.645622253418, 25943501, 0, 0, "1e951e42 0000 cddd8b01"
25.335550, 22.0955924987793, 25943552, 0, 0, "c6c3b041 0000 00de8b01"
25.335600, 24.9765720367432, 25943603, 0, 0, "05d0c741 0000 33de8b01"
25.335650, 40.5018882751465, 25943654, 1, TriggerDetected, "ef012242 0100 66de8b01"
25.335700, 26.6943855285645, 25943705, 0, 0, "1a8ed541 0000 99de8b01"
25.335750, 20.8827037811279, 25943757, 0, 0, "c70fa741 0000 cdde8b01"
25.335800, 38.7739791870117, 25943808, 1, TriggerDetected, "8e181b42 0100 00df8b01"
25.335850, 32.0061111450195, 25943859, 0, 0, "42060042 0000 33df8b01"
25.335900, 18.87526512146, 25943910, 0, 0, "8b009741 0000 66df8b01"
25.335950, 34.8823051452637, 25943961, 1, TriggerDetected, "7b870b42 0100 99df8b01"
25.336000, 36.7517242431641, 25944013, 0, 0, "c4011342 0000 cddf8b01"
25.336050, 19.4310607910156, 25944064, 0, 0, "d0729b41 0000 00e08b01"
25.336100, 29.7419719696045, 25944115, 0, 0, "8fefed41 0000 33e08b01"
25.336150, 39.8103065490723, 25944166, 1, TriggerDetected, "c13d1f42 0100 66e08b01"
25.336200, 22.414701461792, 25944217, 0, 0, "4f51b341 0000 99e08b01"
25.336250, 24.5901012420654, 25944269, 0, 0, "87b8c441 0000 cde08b01"
25.336300, 40.4568367004395, 25944320, 1, TriggerDetected, "cdd32142 0100 00e18b01"
25.336350, 27.1266059875488, 25944371, 0, 0, "4a03d941 0000 33e18b01"
25.336400, 20.6321315765381, 25944422, 0, 0, "9b0ea541 0000 66e18b01"
25.336450, 38.5311088562012, 25944473, 1, TriggerDetected, "db1f1a42 0100 99e18b01"
25.336500, 32.4315567016602, 25944525, 0, 0, "eab90142 0000 cde18b01"
25.336550, 18.822546005249, 25944576, 0, 0, "93949641 0000 00e28b01"
25.336600, 34.4916343688965, 25944627, 1, TriggerDetected, "6ff70942 0100 33e28b01"
25.336650, 37.0754013061523, 25944678, 0, 0, "364d1442 0000 66e28b01"
25.336700, 19.5932712554932, 25944729, 0, 0, "05bf9c41 0000 99e28b01"
25.336750, 29.3098659515381, 25944781, 0, 0, "9b7aea41 0000 cde28b01"
25.336800, 39.9607162475586, 25944832, 1, TriggerDetected, "c6d71f42 0100 00e38b01"
25.336850, 22.7497787475586, 25944883, 0, 0, "8cffb541 0000 33e38b01"
25.336900, 24.199556350708, 25944934, 0, 0, "b198c141 0000 66e38b01"
25.336950, 40.3885879516602, 25944985, 1, TriggerDetected, "ea8d2142 0100 99e38b01"
25.337000, 27.5507125854492, 25945037, 0, 0, "dc67dc41 0000 cde38b01"
25.337050, 20.3857460021973, 25945088, 0, 0, "0216a341 0000 00e48b01"
25.337100, 38.2630805969238, 25945139, 1, TriggerDetected, "650d1942 0100 33e48b01"
25.337150, 32.8495979309082, 25945190, 0, 0, "fd650342 0000 66e48b01"
25.337200, 18.7861080169678, 25945241, 0, 0, "f3499641 0000 99e48b01"
25.337250, 34.092472076416, 25945293, 1, TriggerDetected, "b15e0842 0100 cde48b01"
25.337300, 37.3878211975098, 25945344, 0, 0, "218d1542 0000 00e58b01"
25.337350, 19.7642669677734, 25945395, 0, 0, "381d9e41 0000 33e58b01"
25.337400, 28.8607864379883, 25945446, 0, 0, "e4e2e641 0000 66e58b01"
25.337450, 40.0910339355469, 25945497, 1, TriggerDetected, "385d2042 0100 99e58b01"
25.337500, 23.0895671844482, 25945549, 0, 0, "6fb7b841 0000 cde58b01"
25.337550, 23.8193855285645, 25945600, 0, 0, "1a8ebe41 0000 00e68b01"
25.337600, 40.3075103759766, 25945651, 1, TriggerDetected, "e43a2142 0100 33e68b01"
25.337650, 27.9828605651855, 25945702, 0, 0, "e6dcdf41 0000 66e68b01"
25.337700, 20.1665592193604, 25945753, 0, 0, "1d55a141 0000 99e68b01"
25.337750, 37.9862251281738, 25945805, 1, TriggerDetected, "e5f11742 0100 cde68b01"
25.337800, 33.2694511413574, 25945856, 0, 0, "eb130542 0000 00e78b01"
25.337850, 18.7715301513672, 25945907, 0, 0, "182c9641 0000 33e78b01"
25.337900, 33.6855049133301, 25945958, 1, TriggerDetected, "f5bd0642 0100 66e78b01"
25.337950, 37.6911315917969, 25946009, 0, 0, "b8c31642 0000 99e78b01"
25.338000, 19.9536571502686, 25946061, 0, 0, "17a19f41 0000 cde78b01"
25.338050, 28.424186706543, 25946112, 0, 0, "bc64e341 0000 00e88b01"
25.338100, 40.2082633972168, 25946163, 1, TriggerDetected, "43d52042 0100 33e88b01"
25.338150, 23.4502773284912, 25946214, 0, 0, "2b9abb41 0000 66e88b01"
25.338200, 23.4548587799072, 25946265, 0, 0, "8da3bb41 0000 99e88b01"
25.338250, 40.2104759216309, 25946317, 1, TriggerDetected, "87d72042 0100 cde88b01"
25.338300, 28.4190406799316, 25946368, 0, 0, "325ae341 0000 00e98b01"
25.338350, 19.9567337036133, 25946419, 0, 0, "64a79f41 0000 33e98b01"
25.338400, 37.7021064758301, 25946470, 1, TriggerDetected, "f5ce1642 0100 66e98b01"
25.338450, 33.6778106689453, 25946521, 0, 0, "14b60642 0000 99e98b01"
25.338500, 18.7689609527588, 25946573, 0, 0, "d5269641 0000 cde98b01"
25.338550, 33.2768707275391, 25946624, 1, TriggerDetected, "841b0542 0100 00ea8b01"
25.338600, 37.9880828857422, 25946675, 0, 0, "ccf31742 0000 33ea8b01"
25.338650, 20.1684551239014, 25946726, 0, 0, "ff58a141 0000 66ea8b01"
25.338700, 27.9936218261719, 25946777, 0, 0, "f0f2df41 0000 99ea8b01"
25.338750, 40.3077697753906, 25946829, 1, TriggerDetected, "283b2142 0100 cdea8b01"
25.338800, 23.8238143920898, 25946880, 0, 0, "2c97be41 0000 00eb8b01"
25.338850, 23.101900100708, 25946931, 0, 0, "b1d0b841 0000 33eb8b01"
25.338900, 40.0940589904785, 25946982, 1, TriggerDetected, "51602042 0100 66eb8b01"
25.338950, 28.8575134277344, 25947033, 0, 0, "30dce641 0000 99eb8b01"
25.339000, 19.7660827636719, 25947085, 0, 0, "f0209e41 0000 cdeb8b01"
25.339050, 37.3951301574707, 25947136, 1, TriggerDetected, "9d941542 0100 00ec8b01"
25.339100, 34.0876846313477, 25947187, 0, 0, "ca590842 0000 33ec8b01"
25.339150, 18.7850189208984, 25947238, 0, 0, "b8479641 0000 66ec8b01"
25.339200, 32.8577461242676, 25947289, 1, TriggerDetected, "556e0342 0100 99ec8b01"
25.339250, 38.2608871459961, 25947341, 0, 0, "260b1942 0000 cdec8b01"
25.339300, 20.388219833374, 25947392, 0, 0, "131ba341 0000 00ed8b01"
25.339350, 27.558177947998, 25947443, 0, 0, "2677dc41 0000 33ed8b01"
25.339400, 40.3887634277344, 25947494, 1, TriggerDetected, "188e2142 0100 66ed8b01"
25.339450, 24.1919174194336, 25947545, 0, 0, "0c89c141 0000 99ed8b01"
25.339500, 22.7548999786377, 25947597, 0, 0, "090ab641 0000 cded8b01"
25.339550, 39.9616966247559, 25947648, 1, TriggerDetected, "c7d81f42 0100 00ee8b01"
25.339600, 29.2956600189209, 25947699, 0, 0, "835dea41 0000 33ee8b01"
25.339650, 19.5892639160156, 25947750, 0, 0, "d0b69c41 0000 66ee8b01"
25.339700, 37.0784683227539, 25947801, 1, TriggerDetected, "5a501442 0100 99ee8b01"
25.339750, 34.4819030761719, 25947853, 0, 0, "78ed0942 0000 cdee8b01"
25.339800, 18.8212928771973, 25947904, 0, 0, "02929641 0000 00ef8b01"
25.339850, 32.4320068359375, 25947955, 1, TriggerDetected, "60ba0142 0100 33ef8b01"
25.339900, 38.5195693969727, 25948006, 0, 0, "0a141a42 0000 66ef8b01"
25.339950, 20.6247024536133, 25948057, 0, 0, "64ffa441 0000 99ef8b01"
25.340000, 27.1258182525635, 25948109, 0, 0, "ad01d941 0000 cdef8b01"
25.340050, 40.4487342834473, 25948160, 1, TriggerDetected, "81cb2142 0100 00f08b01"
25.340100, 24.5776538848877, 25948211, 0, 0, "099fc441 0000 33f08b01"
25.340150, 22.4181747436523, 25948262, 0, 0, "6c58b341 0000 66f08b01"
25.340200, 39.8124122619629, 25948313, 1, TriggerDetected, "e93f1f42 0100 99f08b01"
25.340250, 29.7379817962646, 25948365, 0, 0, "63e7ed41 0000 cdf08b01"
25.340300, 19.4281902313232, 25948416, 0, 0, "ef6c9b41 0000 00f18b01"
25.340350, 36.7520484924316, 25948467, 1, TriggerDetected, "19021342 0100 33f18b01"
25.340400, 34.8720359802246, 25948518, 0, 0, "f77c0b42 0000 66f18b01"
25.340450, 18.8671340942383, 25948569, 0, 0, "e4ef9641 0000 99f18b01"
25.340500, 32.0047721862793, 25948621, 1, TriggerDetected, "e3040042 0100 cdf18b01"
25.340550, 38.7685394287109, 25948672, 0, 0, "fc121b42 0000 00f28b01"
25.340600, 20.8808250427246, 25948723, 0, 0, "ee0ba741 0000 33f28b01"
25.340650, 26.7002849578857, 25948774, 0, 0, "2f9ad541 0000 66f28b01"
25.340700, 40.4974594116211, 25948825, 1, TriggerDetected, "66fd2142 0100 99f28b01"
25.340750, 24.9747886657715, 25948877, 0, 0, "5eccc741 0000 cdf28b01"
25.340800, 22.0954303741455, 25948928, 0, 0, "71c3b041 0000 00f38b01"
25.340850, 39.641960144043, 25948979, 1, TriggerDetected, "5e911e42 0100 33f38b01"
25.340900, 30.177074432373, 25949030, 0, 0, "a66af141 0000 66f38b01"
25.340950, 19.2840461730957, 25949081, 0, 0, "ba459a41 0000 99f38b01"
25.341000, 36.4117698669434, 25949133, 1, TriggerDetected, "a7a51142 0100 cdf38b01"
25.341050, 35.2569847106934, 25949184, 0, 0, "27070d42 0000 00f48b01"
25.341100, 18.9445705413818, 25949235, 0, 0, "7b8e9741 0000 33f48b01"
25.341150, 31.57958984375, 25949286, 1, TriggerDetected, "00a3fc41 0100 66f48b01"
25.341200, 39.0061874389648, 25949337, 0, 0, "56061c42 0000 99f48b01"
25.341250, 21.1469802856445, 25949389, 0, 0, "042da941 0000 cdf48b01"
25.341300, 26.2826118469238, 25949440, 0, 0, "ca42d241 0000 00f58b01"
25.341350, 40.5239868164063, 25949491, 1, TriggerDetected, "90182242 0100 33f58b01"
25.341400, 25.3726119995117, 25949542, 0, 0, "1cfbca41 0000 66f58b01"
25.341450, 21.7898502349854, 25949593, 0, 0, "9d51ae41 0000 99f58b01"
25.341500, 39.4663696289063, 25949645, 1, TriggerDetected, "90dd1d42 0100 cdf58b01"
25.341550, 30.6138439178467, 25949696, 0, 0, "27e9f441 0000 00f68b01"
25.341600, 19.1604022979736, 25949747, 0, 0, "81489941 0000 33f68b01"
25.341650, 36.0621032714844, 25949798, 1, TriggerDetected, "983f1042 0100 66f68b01"
25.341700, 35.6276397705078, 25949849, 0, 0, "b4820e42 0000 99f68b01"
25.341750, 19.0328426361084, 25949901, 0, 0, "43439841 0000 cdf68b01"
25.341800, 31.1450729370117, 25949952, 1, TriggerDetected, "1c29f941 0100 00f78b01"
25.341850, 39.2223701477051, 25950003, 0, 0, "b5e31c42 0000 33f78b01"
25.341900, 21.4271831512451, 25950054, 0, 0, "df6aab41 0000 66f78b01"
25.341950, 25.8661861419678, 25950105, 0, 0, "f3edce41 0000 99f78b01"
25.342000, 40.5354232788086, 25950157, 1, TriggerDetected, "46242242 0100 cdf78b01"
25.342050, 25.7821350097656, 25950208, 0, 0, "d041ce41 0000 00f88b01"
25.342100, 21.4913864135742, 25950259, 0, 0, "5ceeab41 0000 33f88b01"
25.342150, 39.2665786743164, 25950310, 1, TriggerDetected, "fa101d42 0100 66f88b01"
25.342200, 31.0519256591797, 25950361, 0, 0, "586af841 0000 99f88b01"
25.342250, 19.0559349060059, 25950413, 0, 0, "8e729841 0000 cdf88b01"
25.342300, 35.7061042785645, 25950464, 1, TriggerDetected, "0dd30e42 0100 00f98b01"
25.342350, 35.991382598877, 25950515, 0, 0, "2df70f42 0000 33f98b01"
25.342400, 19.1409206390381, 25950566, 0, 0, "9b209941 0000 66f98b01"
25.342450, 30.7063999176025, 25950617, 1, TriggerDetected, "b5a6f541 0100 99f98b01"
25.342500, 39.421199798584, 25950669, 0, 0, "4faf1d42 0000 cdf98b01"
25.342550, 21.7234573364258, 25950720, 0, 0, "a4c9ad41 0000 00fa8b01"
25.342600, 25.4546661376953, 25950771, 0, 0, "28a3cb41 0000 33fa8b01"
25.342650, 40.5313301086426, 25950822, 1, TriggerDetected, "15202242 0100 66fa8b01"
25.342700, 26.1915016174316, 25950873, 0, 0, "3288d141 0000 99fa8b01"
25.342750, 21.2010402679443, 25950925, 0, 0, "bb9ba941 0000 cdfa8b01"
25.342800, 39.0503273010254, 25950976, 1, TriggerDetected, "89331c42 0100 00fb8b01"
25.342850, 31.4860725402832, 25951027, 0, 0, "7ae3fb41 0000 33fb8b01"
25.342900, 18.9640522003174, 25951078, 0, 0, "61b69741 0000 66fb8b01"
25.342950, 35.3376426696777, 25951129, 1, TriggerDetected, "bf590d42 0100 99fb8b01"
25.343000, 36.344783782959, 25951181, 0, 0, "0f611142 0000 cdfb8b01"
25.343050, 19.2633724212646, 25951232, 0, 0, "631b9a41 0000 00fc8b01"
25.343100, 30.2685298919678, 25951283, 1, TriggerDetected, "f325f241 0100 33fc8b01"
25.343150, 39.6098365783691, 25951334, 0, 0, "79701e42 0000 66fc8b01"
25.343200, 22.0300178527832, 25951385, 0, 0, "7a3db041 0000 99fc8b01"
25.343250, 25.0547790527344, 25951437, 0, 0, "3070c841 0000 cdfc8b01"
25.343300, 40.5029449462891, 25951488, 1, TriggerDetected, "04032242 0100 00fd8b01"
25.343350, 26.613941192627, 25951539, 0, 0, "5ae9d441 0000 33fd8b01"
25.343400, 20.9387073516846, 25951590, 0, 0, "7982a741 0000 66fd8b01"
25.343450, 38.8196716308594, 25951641, 1, TriggerDetected, "58471b42 0100 99fd8b01"
25.343500, 31.917797088623, 25951693, 0, 0, "a657ff41 0000 cdfd8b01"
25.343550, 18.8851890563965, 25951744, 0, 0, "de149741 0000 00fe8b01"
25.343600, 34.9526062011719, 25951795, 1, TriggerDetected, "78cf0b42 0100 33fe8b01"
25.343650, 36.6862373352051, 25951846, 0, 0, "b5be1242 0000 66fe8b01"
25.343700, 19.4033870697021, 25951897, 0, 0, "233a9b41 0000 99fe8b01"
25.343750, 29.8320293426514, 25951949, 0, 0, "ffa7ee41 0000 cdfe8b01"
25.343800, 39.7809600830078, 25952000, 1, TriggerDetected, "b41f1f42 0100 00ff8b01"
25.343850, 22.3553276062012, 25952051, 0, 0, "b6d7b241 0000 33ff8b01"
25.343900, 24.6651477813721, 25952102, 0, 0, "3952c541 0000 66ff8b01"
25.343950, 40.465576171875, 25952153, 1, TriggerDetected, "c0dc2142 0100 99ff8b01"
25.344000, 27.0397853851318, 25952205, 0, 0, "7b51d841 0000 cdff8b01"
25.344050, 20.6760425567627, 25952256, 0, 0, "8968a541 0000 00008c01"
25.344100, 38.5733985900879, 25952307, 1, TriggerDetected, "294b1a42 0100 33008c01"
25.344150, 32.3505630493164, 25952358, 0, 0, "fa660142 0000 66008c01"
25.344200, 18.8320789337158, 25952409, 0, 0, "19a89641 0000 99008c01"
25.344250, 34.5650672912598, 25952461, 1, TriggerDetected, "a1420a42 0100 cd008c01"
25.344300, 37.0095100402832, 25952512, 0, 0, "bd091442 0000 00018c01"
25.344350, 19.5587482452393, 25952563, 0, 0, "51789c41 0000 33018c01"
25.344400, 29.385871887207, 25952614, 0, 0, "4416eb41 0000 66018c01"
25.344450, 39.9322204589844, 25952665, 1, TriggerDetected, "98ba1f42 0100 99018c01"
25.344500, 22.6850757598877, 25952717, 0, 0, "097bb541 0000 cd018c01"
25.344550, 24.2733268737793, 25952768, 0, 0, "c62fc241 0000 00028c01"
25.344600, 40.403377532959, 25952819, 1, TriggerDetected, "0f9d2142 0100 33028c01"
25.344650, 27.4704818725586, 25952870, 0, 0, "8cc3db41 0000 66028c01"
25.344700, 20.4338779449463, 25952921, 0, 0, "9578a341 0000 99028c01"
25.344750, 38.3162803649902, 25952973, 1, TriggerDetected, "df431942 0100 cd028c01"
25.344800, 32.7700080871582, 25953024, 0, 0, "7d140342 0000 00038c01"
25.344850, 18.7886905670166, 25953075, 0, 0, "3d4f9641 0000 33038c01"
25.344900, 34.1652412414551, 25953126, 1, TriggerDetected, "35a90842 0100 66038c01"
25.344950, 37.3371200561523, 25953177, 0, 0, "36591542 0000 99038c01"
25.345000, 19.7310428619385, 25953229, 0, 0, "2dd99d41 0000 cd038c01"
25.345050, 28.9486923217773, 25953280, 0, 0, "ec96e741 0000 00048c01"
25.345100, 40.0631790161133, 25953331, 1, TriggerDetected, "b2402042 0100 33048c01"
25.345150, 23.026611328125, 25953382, 0, 0, "8036b841 0000 66048c01"
25.345200, 23.8947238922119, 25953433, 0, 0, "6528bf41 0000 99048c01"
25.345250, 40.325138092041, 25953485, 1, TriggerDetected, "f14c2142 0100 cd048c01"
25.345300, 27.8986759185791, 25953536, 0, 0, "7d30df41 0000 00058c01"
25.345350, 20.2135848999023, 25953587, 0, 0, "6cb5a141 0000 33058c01"
25.345400, 38.0427131652832, 25953638, 1, TriggerDetected, "bd2b1842 0100 66058c01"
25.345450, 33.1906814575195, 25953689, 0, 0, "42c30442 0000 99058c01"
25.345500, 18.7687816619873, 25953741, 0, 0, "77269641 0000 cd058c01"
25.345550, 33.7692337036133, 25953792, 1, TriggerDetected, "b2130742 0100 00068c01"
25.345600, 37.6388053894043, 25953843, 0, 0, "238e1642 0000 33068c01"
25.345650, 19.9206466674805, 25953894, 0, 0, "7c5d9f41 0000 66068c01"
25.345700, 28.5150814056396, 25953945, 0, 0, "e31ee441 0000 99068c01"
25.345750, 40.1898155212402, 25953997, 1, TriggerDetected, "5fc22042 0100 cd068c01"
25.345800, 23.3849258422852, 25954048, 0, 0, "5414bb41 0000 00078c01"
25.345850, 23.529016494751, 25954099, 0, 0, "6d3bbc41 0000 33078c01"
25.345900, 40.2301216125488, 25954150, 1, TriggerDetected, "a5eb2042 0100 66078c01"
25.345950, 28.3332424163818, 25954201, 0, 0, "7baae241 0000 99078c01"
25.346000, 19.9921531677246, 25954253, 0, 0, "eeef9f41 0000 cd078c01"
25.346050, 37.7582893371582, 25954304, 1, TriggerDetected, "7d081742 0100 00088c01"
25.346100, 33.6039390563965, 25954355, 0, 0, "6f6a0642 0000 33088c01"
25.346150, 18.7642364501953, 25954406, 0, 0, "281d9641 0000 66088c01"
25.346200, 33.3567008972168, 25954457, 1, TriggerDetected, "436d0542 0100 99088c01"
25.346250, 37.9324607849121, 25954509, 0, 0, "d7ba1742 0000 cd088c01"
25.346300, 20.1255359649658, 25954560, 0, 0, "1901a141 0000 00098c01"
25.346350, 28.0772399902344, 25954611, 0, 0, "309ee041 0000 33098c01"
25.346400, 40.2923393249512, 25954662, 1, TriggerDetected, "5b2b2142 0100 66098c01"
25.346450, 23.7424049377441, 25954713, 0, 0, "72f0bd41 0000 99098c01"
25.346500, 23.1662654876709, 25954765, 0, 0, "8354b941 0000 cd098c01"
25.346550, 40.1192970275879, 25954816, 1, TriggerDetected, "297a2042 0100 000a8c01"
25.346600, 28.7770671844482, 25954867, 0, 0, "6f37e641 0000 330a8c01"
25.346650, 19.808744430542, 25954918, 0, 0, "4f789e41 0000 660a8c01"
25.346700, 37.4587249755859, 25954969, 1, TriggerDetected, "bcd51542 0100 990a8c01"
25.346750, 34.0096397399902, 25955021, 0, 0, "df090842 0000 cd0a8c01"
25.346800, 18.7833766937256, 25955072, 0, 0, "5b449641 0000 000b8c01"
25.346850, 32.938777923584, 25955123, 1, TriggerDetected, "4fc10342 0100 330b8c01"
25.346900, 38.2096939086914, 25955174, 0, 0, "bad61842 0000 660b8c01"
25.346950, 20.3423156738281, 25955225, 0, 0, "10bda241 0000 990b8c01"
25.347000, 27.6390552520752, 25955277, 0, 0, "c91cdd41 0000 cd0b8c01"
25.347050, 40.3712615966797, 25955328, 1, TriggerDetected, "2c7c2142 0100 000c8c01"
25.347100, 24.1200828552246, 25955379, 0, 0, "eef5c041 0000 330c8c01"
25.347150, 22.8161544799805, 25955430, 0, 0, "7c87b641 0000 660c8c01"
25.347200, 39.9870529174805, 25955481, 1, TriggerDetected, "bef21f42 0100 990c8c01"
25.347250, 29.2090282440186, 25955533, 0, 0, "17ace941 0000 cd0c8c01"
25.347300, 19.6211929321289, 25955584, 0, 0, "34f89c41 0000 000d8c01"
25.347350, 37.1432418823242, 25955635, 1, TriggerDetected, "ae921442 0100 330d8c01"
25.347400, 34.4101905822754, 25955686, 0, 0, "09a40942 0000 660d8c01"
25.347450, 18.8105201721191, 25955737, 0, 0, "f27b9641 0000 990d8c01"
25.347500, 32.5212898254395, 25955789, 1, TriggerDetected, "cd150242 0100 cd0d8c01"
25.347550, 38.4702644348145, 25955840, 0, 0, "8de11942 0000 000e8c01"
25.347600, 20.5750370025635, 25955891, 0, 0, "ad99a441 0000 330e8c01"
25.347650, 27.2106475830078, 25955942, 0, 0, "68afd941 0000 660e8c01"
25.347700, 40.4404830932617, 25955993, 1, TriggerDetected, "0ec32142 0100 990e8c01"
25.347750, 24.5022068023682, 25956045, 0, 0, "8504c441 0000 cd0e8c01"
25.347800, 22.476713180542, 25956096, 0, 0, "4fd0b341 0000 000f8c01"
25.347850, 39.8355674743652, 25956147, 1, TriggerDetected, "9f571f42 0100 330f8c01"
25.347900, 29.6477165222168, 25956198, 0, 0, "862eed41 0000 660f8c01"
25.347950, 19.4623641967773, 25956249, 0, 0, "ecb29b41 0000 990f8c01"
25.348000, 36.8228187561035, 25956301, 1, TriggerDetected, "914a1342 0100 cd0f8c01"
25.348050, 34.8004188537598, 25956352, 0, 0, "a1330b42 0000 00108c01"
25.348100, 18.8587608337402, 25956403, 0, 0, "bede9641 0000 33108c01"
25.348150, 32.0899085998535, 25956454, 1, TriggerDetected, "115c0042 0100 66108c01"
25.348200, 38.7267036437988, 25956505, 0, 0, "25e81a42 0000 99108c01"
25.348250, 20.8311347961426, 25956557, 0, 0, "2aa6a641 0000 cd108c01"
25.348300, 26.7825317382813, 25956608, 0, 0, "a042d641 0000 00118c01"
25.348350, 40.4858512878418, 25956659, 1, TriggerDetected, "83f12142 0100 33118c01"
25.348400, 24.8980331420898, 25956710, 0, 0, "2c2fc741 0000 66118c01"
25.348450, 22.1573104858398, 25956761, 0, 0, "2c42b141 0000 99118c01"
25.348500, 39.6787414550781, 25956813, 1, TriggerDetected, "08b71e42 0100 cd118c01"
25.348550, 30.0883979797363, 25956864, 0, 0, "0ab5f041 0000 00128c01"
25.348600, 19.3112697601318, 25956915, 0, 0, "7b7d9a41 0000 33128c01"
25.348650, 36.4776725769043, 25956966, 1, TriggerDetected, "23e91142 0100 66128c01"
25.348700, 35.1818733215332, 25957017, 0, 0, "3dba0c42 0000 99128c01"
25.348750, 18.9257011413574, 25957069, 0, 0, "d6679741 0000 cd128c01"
25.348800, 31.6572570800781, 25957120, 1, TriggerDetected, "1042fd41 0100 00138c01"
25.348850, 38.9537353515625, 25957171, 0, 0, "a0d01b42 0000 33138c01"
25.348900, 21.0908260345459, 25957222, 0, 0, "03baa841 0000 66138c01"
25.348950, 26.3598041534424, 25957273, 0, 0, "e1e0d241 0000 99138c01"
25.349000, 40.5227966308594, 25957325, 1, TriggerDetected, "58172242 0100 cd138c01"
25.349050, 25.2930068969727, 25957376, 0, 0, "1458ca41 0000 00148c01"
25.349100, 21.8400115966797, 25957427, 0, 0, "58b8ae41 0000 33148c01"
25.349150, 39.4998817443848, 25957478, 1, TriggerDetected, "e1ff1d42 0100 66148c01"
25.349200, 30.5302429199219, 25957529, 0, 0, "f03df441 0000 99148c01"
25.349250, 19.1843109130859, 25957581, 0, 0, "78799941 0000 cd148c01"
25.349300, 36.1362457275391, 25957632, 1, TriggerDetected, "848b1042 0100 00158c01"
25.349350, 35.5568084716797, 25957683, 0, 0, "2c3a0e42 0000 33158c01"
25.349400, 19.0145626068115, 25957734, 0, 0, "d31d9841 0000 66158c01"
25.349450, 31.2282886505127, 25957785, 1, TriggerDetected, "89d3f941 0100 99158c01"
25.349500, 39.1795120239258, 25957837, 0, 0, "d2b71c42 0000 cd158c01"
25.349550, 21.375560760498, 25957888, 0, 0, "2601ab41 0000 00168c01"
25.349600, 25.9455795288086, 25957939, 0, 0, "8c90cf41 0000 33168c01"
25.349650, 40.5374221801758, 25957990, 1, TriggerDetected, "52262242 0100 66168c01"
25.349700, 25.7008819580078, 25958041, 0, 0, "689bcd41 0000 99168c01"
25.349750, 21.549955368042, 25958093, 0, 0, "4f66ac41 0000 cd168c01"
25.349800, 39.3066329956055, 25958144, 1, TriggerDetected, "fe391d42 0100 00178c01"
25.349850, 30.9684753417969, 25958195, 0, 0, "70bff741 0000 33178c01"
25.349900, 19.075647354126, 25958246, 0, 0, "ed9a9841 0000 66178c01"
25.349950, 35.7740325927734, 25958297, 1, TriggerDetected, "9c180f42 0100 99178c01"
25.350000, 35.9226722717285, 25958349, 0, 0, "d1b00f42 0000 cd178c01"
25.350050, 19.1228637695313, 25958400, 0, 0, "a0fb9841 0000 00188c01"
25.350100, 30.7919635772705, 25958451, 1, TriggerDetected, "f155f641 0100 33188c01"
25.350150, 39.3816375732422, 25958502, 0, 0, "cc861d42 0000 66188c01"
25.350200, 21.6644039154053, 25958553, 0, 0, "b350ad41 0000 99188c01"
25.350250, 25.5357856750488, 25958605, 0, 0, "4a49cc41 0000 cd188c01"
25.350300, 40.5317764282227, 25958656, 1, TriggerDetected, "8a202242 0100 00198c01"
25.350350, 26.1112957000732, 25958707, 0, 0, "efe3d041 0000 33198c01"
25.350400, 21.2610473632813, 25958758, 0, 0, "a016aa41 0000 66198c01"
25.350450, 39.0913887023926, 25958809, 1, TriggerDetected, "955d1c42 0100 99198c01"
25.350500, 31.4002857208252, 25958861, 0, 0, "c933fb41 0000 cd198c01"
25.350550, 18.9761142730713, 25958912, 0, 0, "15cf9741 0000 001a8c01"
25.350600, 35.4044799804688, 25958963, 1, TriggerDetected, "309e0d42 0100 331a8c01"
25.350650, 36.272819519043, 25959014, 0, 0, "5e171142 0000 661a8c01"
25.350700, 19.2332248687744, 25959065, 0, 0, "a5dd9941 0000 991a8c01"
25.350750, 30.3526592254639, 25959117, 1, TriggerDetected, "3fd2f241 0100 cd1a8c01"
25.350800, 39.5734252929688, 25959168, 0, 0, "304b1e42 0000 001b8c01"
25.350850, 21.9676761627197, 25959219, 0, 0, "cdbdaf41 0000 331b8c01"
25.350900, 25.1302070617676, 25959270, 0, 0, "aa0ac941 0000 661b8c01"
25.350950, 40.506534576416, 25959321, 1, TriggerDetected, "b1062242 0100 991b8c01"
25.351000, 26.5263614654541, 25959373, 0, 0, "fd35d441 0000 cd1b8c01"
25.351050, 20.9790992736816, 25959424, 0, 0, "32d5a741 0000 001c8c01"
25.351100, 38.8659057617188, 25959475, 1, TriggerDetected, "b0761b42 0100 331c8c01"
25.351150, 31.8319339752197, 25959526, 0, 0, "cda7fe41 0000 661c8c01"
25.351200, 18.8952465057373, 25959577, 0, 0, "77299741 0000 991c8c01"
25.351250, 35.0261764526367, 25959629, 1, TriggerDetected, "ce1a0c42 0100 cd1c8c01"
25.351300, 36.6182518005371, 25959680, 0, 0, "17791242 0000 001d8c01"
25.351350, 19.3665161132813, 25959731, 0, 0, "a0ee9a41 0000 331d8c01"
25.351400, 29.9088706970215, 25959782, 0, 0, "5e45ef41 0000 661d8c01"
25.351450, 39.7415618896484, 25959833, 1, TriggerDetected, "5cf71e42 0100 991d8c01"
25.351500, 22.2878322601318, 25959885, 0, 0, "7b4db241 0000 cd1d8c01"
25.351550, 24.7337684631348, 25959936, 0, 0, "c2dec541 0000 001e8c01"
25.351600, 40.4686050415039, 25959987, 1, TriggerDetected, "dadf2142 0100 331e8c01"
25.351650, 26.9553909301758, 25960038, 0, 0, "a4a4d741 0000 661e8c01"
25.351700, 20.7242889404297, 25960089, 0, 0, "58cba541 0000 991e8c01"
25.351750, 38.6241455078125, 25960141, 1, TriggerDetected, "207f1a42 0100 cd1e8c01"
25.351800, 32.259937286377, 25960192, 0, 0, "2d0a0142 0000 001f8c01"
25.351850, 18.8393325805664, 25960243, 0, 0, "f4b69641 0000 331f8c01"
25.351900, 34.6393508911133, 25960294, 1, TriggerDetected, "b28e0a42 0100 661f8c01"
25.351950, 36.9512367248535, 25960345, 0, 0, "11ce1342 0000 991f8c01"
25.352000, 19.5196399688721, 25960397, 0, 0, "39289c41 0000 cd1f8c01"
25.352050, 29.4700183868408, 25960448, 0, 0, "99c2eb41 0000 00208c01"
25.352100, 39.8963813781738, 25960499, 1, TriggerDetected, "e5951f42 0100 33208c01"
25.352150, 22.6172027587891, 25960550, 0, 0, "08f0b441 0000 66208c01"
25.352200, 24.3437938690186, 25960601, 0, 0, "17c0c241 0000 99208c01"
25.352250, 40.4158630371094, 25960653, 1, TriggerDetected, "d8a92142 0100 cd208c01"
25.352300, 27.3817729949951, 25960704, 0, 0, "df0ddb41 0000 00218c01"
25.352350, 20.4755516052246, 25960755, 0, 0, "eecda341 0000 33218c01"
25.352400, 38.3611526489258, 25960806, 1, TriggerDetected, "d2711942 0100 66218c01"
25.352450, 32.6890716552734, 25960857, 0, 0, "9cc10242 0000 99218c01"
25.352500, 18.7923202514648, 25960909, 0, 0, "ac569641 0000 cd218c01"
25.352550, 34.2441864013672, 25960960, 1, TriggerDetected, "0cfa0842 0100 00228c01"
25.352600, 37.2686424255371, 25961011, 0, 0, "17131542 0000 33228c01"
25.352650, 19.6906566619873, 25961062, 0, 0, "77869d41 0000 66228c01"
25.352700, 29.0303535461426, 25961113, 0, 0, "2a3ee841 0000 99228c01"
25.352750, 40.0412521362305, 25961165, 1, TriggerDetected, "3e2a2042 0100 cd228c01"
25.352800, 22.9558238983154, 25961216, 0, 0, "87a5b741 0000 00238c01"
25.352850, 23.965238571167, 25961267, 0, 0, "cfb8bf41 0000 33238c01"
25.352900, 40.3394546508789, 25961318, 1, TriggerDetected, "9a5b2142 0100 66238c01"
25.352950, 27.8164310455322, 25961369, 0, 0, "0d88de41 0000 99238c01"
25.353000, 20.2514362335205, 25961421, 0, 0, "f102a241 0000 cd238c01"
25.353050, 38.1006126403809, 25961472, 1, TriggerDetected, "07671842 0100 00248c01"
25.353100, 33.1104393005371, 25961523, 0, 0, "17710442 0000 33248c01"
25.353150, 18.7754135131836, 25961574, 0, 0, "0c349641 0000 66248c01"
25.353200, 33.8447608947754, 25961625, 1, TriggerDetected, "09610742 0100 99248c01"
25.353250, 37.5823402404785, 25961677, 0, 0, "51541642 0000 cd248c01"
25.353300, 19.8782920837402, 25961728, 0, 0, "be069f41 0000 00258c01"
25.353350, 28.6001319885254, 25961779, 0, 0, "12cde441 0000 33258c01"
25.353400, 40.1648063659668, 25961830, 1, TriggerDetected, "c3a82042 0100 66258c01"
25.353450, 23.3111667633057, 25961881, 0, 0, "457dba41 0000 99258c01"
25.353500, 23.5911464691162, 25961933, 0, 0, "abbabc41 0000 cd258c01"
25.353550, 40.2495918273926, 25961984, 1, TriggerDetected, "95ff2042 0100 00268c01"
25.353600, 28.2487754821777, 25962035, 0, 0, "7efde141 0000 33268c01"
25.353650, 20.0407199859619, 25962086, 0, 0, "6553a041 0000 66268c01"
25.353700, 37.8131942749023, 25962137, 1, TriggerDetected, "b6401742 0100 99268c01"
25.353750, 33.5175476074219, 25962189, 0, 0, "f8110642 0000 cd268c01"
25.353800, 18.7631893157959, 25962240, 0, 0, "031b9641 0000 00278c01"
25.353850, 33.4389877319336, 25962291, 1, TriggerDetected, "86c10542 0100 33278c01"
25.353900, 37.8742752075195, 25962342, 0, 0, "427f1742 0000 66278c01"
25.353950, 20.0819320678711, 25962393, 0, 0, "cca7a041 0000 99278c01"
25.354000, 28.1560325622559, 25962445, 0, 0, "8e3fe141 0000 cd278c01"
25.354050, 40.2698554992676, 25962496, 1, TriggerDetected, "55142142 0100 00288c01"
25.354100, 23.6734485626221, 25962547, 0, 0, "3963bd41 0000 33288c01"
25.354150, 23.2332229614258, 25962598, 0, 0, "a4ddb941 0000 66288c01"
25.354200, 40.1394500732422, 25962649, 1, TriggerDetected, "cc8e2042 0100 99288c01"
25.354250, 28.6879768371582, 25962701, 0, 0, "fa80e541 0000 cd288c01"
25.354300, 19.8363399505615, 25962752, 0, 0, "d3b09e41 0000 00298c01"
25.354350, 37.5150909423828, 25962803, 1, TriggerDetected, "740f1642 0100 33298c01"
25.354400, 33.9342041015625, 25962854, 0, 0, "a0bc0742 0000 66298c01"
25.354450, 18.7786388397217, 25962905, 0, 0, "a73a9641 0000 99298c01"
25.354500, 33.0206909179688, 25962957, 1, TriggerDetected, "30150442 0100 cd298c01"
25.354550, 38.1562919616699, 25963008, 0, 0, "0ba01842 0000 002a8c01"
25.354600, 20.3000564575195, 25963059, 0, 0, "8466a241 0000 332a8c01"
25.354650, 27.7240524291992, 25963110, 0, 0, "dccadd41 0000 662a8c01"
25.354700, 40.3548164367676, 25963161, 1, TriggerDetected, "556b2142 0100 992a8c01"
25.354750, 24.0493869781494, 25963213, 0, 0, "2565c041 0000 cd2a8c01"
25.354800, 22.8854522705078, 25963264, 0, 0, "6815b741 0000 002b8c01"
25.354850, 40.0137634277344, 25963315, 1, TriggerDetected, "180e2042 0100 332b8c01"
25.354900, 29.1239528656006, 25963366, 0, 0, "dbfde841 0000 662b8c01"
25.354950, 19.6560916900635, 25963417, 0, 0, "ad3f9d41 0000 992b8c01"
25.355000, 37.2062950134277, 25963469, 1, TriggerDetected, "3fd31442 0100 cd2b8c01"
25.355050, 34.3325004577637, 25963520, 0, 0, "7b540942 0000 002c8c01"
25.355100, 18.809232711792, 25963571, 0, 0, "4f799641 0000 332c8c01"
25.355150, 32.6038360595703, 25963622, 1, TriggerDetected, "546a0242 0100 662c8c01"
25.355200, 38.426929473877, 25963673, 0, 0, "2db51942 0000 992c8c01"
25.355250, 20.5313625335693, 25963725, 0, 0, "3b40a441 0000 cd2c8c01"
25.355300, 27.2950839996338, 25963776, 0, 0, "555cda41 0000 002d8c01"
25.355350, 40.4286270141602, 25963827, 1, TriggerDetected, "eab62142 0100 332d8c01"
25.355400, 24.4286651611328, 25963878, 0, 0, "e86dc341 0000 662d8c01"
25.355450, 22.5485286712646, 25963929, 0, 0, "6363b441 0000 992d8c01"
25.355500, 39.8715553283691, 25963981, 1, TriggerDetected, "797c1f42 0100 cd2d8c01"
25.355550, 29.5636825561523, 25964032, 0, 0, "6c82ec41 0000 002e8c01"
25.355600, 19.4905014038086, 25964083, 0, 0, "8cec9b41 0000 332e8c01"
25.355650, 36.8837471008301, 25964134, 1, TriggerDetected, "f5881342 0100 662e8c01"
25.355700, 34.7201957702637, 25964185, 0, 0, "7be10a42 0000 992e8c01"
25.355750, 18.8500576019287, 25964237, 0, 0, "ebcc9641 0000 cd2e8c01"
25.355800, 32.1771392822266, 25964288, 1, TriggerDetected, "64b50042 0100 002f8c01"
25.355850, 38.6743545532227, 25964339, 0, 0, "8ab21a42 0000 332f8c01"
25.355900, 20.7772369384766, 25964390, 0, 0, "c837a641 0000 662f8c01"
25.355950, 26.8622379302979, 25964441, 0, 0, "dde5d641 0000 992f8c01"
25.356000, 40.4816207885742, 25964493, 1, TriggerDetected, "2eed2142 0100 cd2f8c01"
25.356050, 24.8154010772705, 25964544, 0, 0, "f185c641 0000 00308c01"
25.356100, 22.2175273895264, 25964595, 0, 0, "7fbdb141 0000 33308c01"
25.356150, 39.707347869873, 25964646, 1, TriggerDetected, "53d41e42 0100 66308c01"
25.356200, 30.0049781799316, 25964697, 0, 0, "320af041 0000 99308c01"
25.356250, 19.3408527374268, 25964749, 0, 0, "11ba9a41 0000 cd308c01"
25.356300, 36.5465469360352, 25964800, 1, TriggerDetected, "aa2f1242 0100 00318c01"
25.356350, 35.1042404174805, 25964851, 0, 0, "be6a0c42 0000 33318c01"
25.356400, 18.9155120849609, 25964902, 0, 0, "f8529741 0000 66318c01"
25.356450, 31.7429943084717, 25964953, 1, TriggerDetected, "a7f1fd41 0100 99318c01"
25.356500, 38.9145545959473, 25965005, 0, 0, "81a81b42 0000 cd318c01"
25.356550, 21.0390644073486, 25965056, 0, 0, "0150a841 0000 00328c01"
25.356600, 26.4411659240723, 25965107, 0, 0, "8287d341 0000 33328c01"
25.356650, 40.5135116577148, 25965158, 1, TriggerDetected, "d60d2242 0100 66328c01"
25.356700, 25.2182369232178, 25965209, 0, 0, "f3bec941 0000 99328c01"
25.356750, 21.9029922485352, 25965261, 0, 0, "5439af41 0000 cd328c01"
25.356800, 39.5363426208496, 25965312, 1, TriggerDetected, "37251e42 0100 00338c01"
25.356850, 30.4453601837158, 25965363, 0, 0, "1990f341 0000 33338c01"
25.356900, 19.2073192596436, 25965414, 0, 0, "97a89941 0000 66338c01"
25.356950, 36.1975440979004, 25965465, 1, TriggerDetected, "49ca1042 0100 99338c01"
25.357000, 35.4846076965332, 25965517, 0, 0, "3df00d42 0000 cd338c01"
25.357050, 18.9955730438232, 25965568, 0, 0, "eff69741 0000 00348c01"
25.357100, 31.3104724884033, 25965619, 1, TriggerDetected, "d97bfa41 0100 33348c01"
25.357150, 39.1372032165527, 25965670, 0, 0, "7f8c1c42 0000 66348c01"
25.357200, 21.3141574859619, 25965721, 0, 0, "6583aa41 0000 99348c01"
25.357250, 26.0234870910645, 25965773, 0, 0, "1a30d041 0000 cd348c01"
25.357300, 40.5349311828613, 25965824, 1, TriggerDetected, "c5232242 0100 00358c01"
25.357350, 25.6190738677979, 25965875, 0, 0, "ddf3cc41 0000 33358c01"
25.357400, 21.5982208251953, 25965926, 0, 0, "28c9ac41 0000 66358c01"
25.357450, 39.3376884460449, 25965977, 1, TriggerDetected, "cb591d42 0100 99358c01"
25.357500, 30.8857898712158, 25966029, 0, 0, "1916f741 0000 cd358c01"
25.357550, 19.0893821716309, 25966080, 0, 0, "0eb79841 0000 00368c01"
25.357600, 35.8417625427246, 25966131, 1, TriggerDetected, "f75d0f42 0100 33368c01"
25.357650, 35.8520088195801, 25966182, 0, 0, "75680f42 0000 66368c01"
25.357700, 19.0925731658936, 25966233, 0, 0, "97bd9841 0000 99368c01"
25.357750, 30.8707065582275, 25966285, 1, TriggerDetected, "35f7f641 0100 cd368c01"
25.357800, 39.3427696228027, 25966336, 0, 0, "ff5e1d42 0000 00378c01"
25.357850, 21.6061153411865, 25966387, 0, 0, "53d9ac41 0000 33378c01"
25.357900, 25.6142959594727, 25966438, 0, 0, "14eacc41 0000 66378c01"
25.357950, 40.5330200195313, 25966489, 1, TriggerDetected, "d0212242 0100 99378c01"
25.358000, 26.0322933197021, 25966541, 0, 0, "2342d041 0000 cd378c01"
25.358050, 21.3059558868408, 25966592, 0, 0, "9972aa41 0000 00388c01"
25.358100, 39.1351127624512, 25966643, 1, TriggerDetected, "5b8a1c42 0100 33388c01"
25.358150, 31.3188152313232, 25966694, 0, 0, "ef8cfa41 0000 66388c01"
25.358200, 18.9949359893799, 25966745, 0, 0, "a1f59741 0000 99388c01"
25.358250, 35.4739723205566, 25966797, 1, TriggerDetected, "59e50d42 0100 cd388c01"
25.358300, 36.2074813842773, 25966848, 0, 0, "76d41042 0000 00398c01"
25.358350, 19.2138919830322, 25966899, 0, 0, "0db69941 0000 33398c01"
25.358400, 30.435754776001, 25966950, 1, TriggerDetected, "6d7cf341 0100 66398c01"
25.358450, 39.5382843017578, 25967001, 0, 0, "34271e42 0000 99398c01"
25.358500, 21.9114856719971, 25967053, 0, 0, "b94aaf41 0000 cd398c01"
25.358550, 25.2078895568848, 25967104, 0, 0, "c2a9c941 0000 003a8c01"
25.358600, 40.516185760498, 25967155, 1, TriggerDetected, "93102242 0100 333a8c01"
25.358650, 26.4513740539551, 25967206, 0, 0, "6a9cd341 0000 663a8c01"
25.358700, 21.0367164611816, 25967257, 0, 0, "324ba841 0000 993a8c01"
25.358750, 38.9087791442871, 25967309, 1, TriggerDetected, "97a21b42 0100 cd3a8c01"
25.358800, 31.7464141845703, 25967360, 0, 0, "a8f8fd41 0000 003b8c01"
25.358850, 18.9113903045654, 25967411, 0, 0, "874a9741 0000 333b8c01"
25.358900, 35.1039085388184, 25967462, 1, TriggerDetected, "676a0c42 0100 663b8c01"
25.358950, 36.5532646179199, 25967513, 0, 0, "8b361242 0000 993b8c01"
25.359000, 19.3397789001465, 25967565, 0, 0, "deb79a41 0000 cd3b8c01"
25.359050, 30.0001525878906, 25967616, 0, 0, "5000f041 0000 003c8c01"
25.359100, 39.7096061706543, 25967667, 1, TriggerDetected, "a3d61e42 0100 333c8c01"
25.359150, 22.2286853790283, 25967718, 0, 0, "59d4b141 0000 663c8c01"
25.359200, 24.8110313415527, 25967769, 0, 0, "fe7cc641 0000 993c8c01"
25.359250, 40.4777984619141, 25967821, 1, TriggerDetected, "44e92142 0100 cd3c8c01"
25.359300, 26.8690757751465, 25967872, 0, 0, "def3d641 0000 003d8c01"
25.359350, 20.7753658294678, 25967923, 0, 0, "f333a641 0000 333d8c01"
25.359400, 38.6741142272949, 25967974, 1, TriggerDetected, "4bb21a42 0100 663d8c01"
25.359450, 32.1787643432617, 25968025, 0, 0, "0eb70042 0000 993d8c01"
25.359500, 18.8462772369385, 25968077, 0, 0, "2dc59641 0000 cd3d8c01"
25.359550, 34.7177963256836, 25968128, 1, TriggerDetected, "06df0a42 0100 003e8c01"
25.359600, 36.8876457214355, 25968179, 0, 0, "f38c1342 0000 333e8c01"
25.359650, 19.4919109344482, 25968230, 0, 0, "6fef9b41 0000 663e8c01"
25.359700, 29.5572490692139, 25968281, 0, 0, "3f75ec41 0000 993e8c01"
25.359750, 39.8730735778809, 25968333, 1, TriggerDetected, "077e1f42 0100 cd3e8c01"
25.359800, 22.55397605896, 25968384, 0, 0, "8b6eb441 0000 003f8c01"
25.359850, 24.4221286773682, 25968435, 0, 0, "8560c341 0000 333f8c01"
25.359900, 40.428897857666, 25968486, 1, TriggerDetected, "31b72142 0100 663f8c01"
25.359950, 27.3016490936279, 25968537, 0, 0, "c769da41 0000 993f8c01"
25.360000, 20.5250682830811, 25968589, 0, 0, "5733a441 0000 cd3f8c01"
25.360050, 38.4165840148926, 25968640, 1, TriggerDetected, "95aa1942 0100 00408c01"
25.360100, 32.604305267334, 25968691, 0, 0, "cf6a0242 0000 33408c01"
25.360150, 18.8040504455566, 25968742, 0, 0, "b26e9641 0000 66408c01"
25.360200, 34.3222541809082, 25968793, 1, TriggerDetected, "fd490942 0100 99408c01"
25.360250, 37.211799621582, 25968845, 0, 0, "e2d81442 0000 cd408c01"
25.360300, 19.6584854125977, 25968896, 0, 0, "94449d41 0000 00418c01"
25.360350, 29.1134262084961, 25968947, 0, 0, "4ce8e841 0000 33418c01"
25.360400, 40.0147895812988, 25968998, 1, TriggerDetected, "250f2042 0100 66418c01"
25.360450, 22.8917846679688, 25969049, 0, 0, "6022b741 0000 99418c01"
25.360500, 24.0330333709717, 25969101, 0, 0, "a743c041 0000 cd418c01"
25.360550, 40.3560180664063, 25969152, 1, TriggerDetected, "906c2142 0100 00428c01"
25.360600, 27.7305641174316, 25969203, 0, 0, "32d8dd41 0000 33428c01"
25.360650, 20.2936954498291, 25969254, 0, 0, "7d59a241 0000 66428c01"
25.360700, 38.1472396850586, 25969305, 1, TriggerDetected, "c6961842 0100 99428c01"
25.360750, 33.0270195007324, 25969357, 0, 0, "ab1b0442 0000 cd428c01"
25.360800, 18.771764755249, 25969408, 0, 0, "932c9641 0000 00438c01"
25.360850, 33.9258079528809, 25969459, 1, TriggerDetected, "07b40742 0100 33438c01"
25.360900, 37.5151863098145, 25969510, 0, 0, "8d0f1642 0000 66438c01"
25.360950, 19.8416500091553, 25969561, 0, 0, "b3bb9e41 0000 99438c01"
25.361000, 28.6768951416016, 25969613, 0, 0, "486ae541 0000 cd438c01"
25.361050, 40.1424522399902, 25969664, 1, TriggerDetected, "df912042 0100 00448c01"
25.361100, 23.238208770752, 25969715, 0, 0, "dae7b941 0000 33448c01"
25.361150, 23.6625137329102, 25969766, 0, 0, "d44cbd41 0000 66448c01"
25.361200, 40.263916015625, 25969817, 1, TriggerDetected, "400e2142 0100 99448c01"
25.361250, 28.1636142730713, 25969869, 0, 0, "154fe141 0000 cd448c01"
25.361300, 20.0742874145508, 25969920, 0, 0, "2498a041 0000 00458c01"
25.361350, 37.8660125732422, 25969971, 1, TriggerDetected, "cc761742 0100 33458c01"
25.361400, 33.4379234313965, 25970022, 0, 0, "6fc00542 0000 66458c01"
25.361450, 18.7651386260986, 25970073, 0, 0, "011f9641 0000 99458c01"
25.361500, 33.5131721496582, 25970125, 1, TriggerDetected, "7d0d0642 0100 cd458c01"
25.361550, 37.8200454711914, 25970176, 0, 0, "ba471742 0000 00468c01"
25.361600, 20.0414848327637, 25970227, 0, 0, "f654a041 0000 33468c01"
25.361650, 28.2431354522705, 25970278, 0, 0, "f1f1e141 0000 66468c01"
25.361700, 40.2498359680176, 25970329, 1, TriggerDetected, "d5ff2042 0100 99468c01"
25.361750, 23.6028118133545, 25970381, 0, 0, "8fd2bc41 0000 cd468c01"
25.361800, 23.308084487915, 25970432, 0, 0, "f576ba41 0000 00478c01"
25.361850, 40.1625366210938, 25970483, 1, TriggerDetected, "70a62042 0100 33478c01"
25.361900, 28.6020946502686, 25970534, 0, 0, "17d1e441 0000 66478c01"
25.361950, 19.8695640563965, 25970585, 0, 0, "def49e41 0000 99478c01"
25.362000, 37.5751075744629, 25970637, 1, TriggerDetected, "e94c1642 0100 cd478c01"
25.362050, 33.8540458679199, 25970688, 0, 0, "8b6a0742 0000 00488c01"
25.362100, 18.7729034423828, 25970739, 0, 0, "e82e9641 0000 33488c01"
25.362150, 33.1008491516113, 25970790, 1, TriggerDetected, "45670442 0100 66488c01"
25.362200, 38.0999488830566, 25970841, 0, 0, "59661842 0000 99488c01"
25.362250, 20.2557411193848, 25970893, 0, 0, "c20ba241 0000 cd488c01"
25.362300, 27.8079738616943, 25970944, 0, 0, "bb76de41 0000 00498c01"
25.362350, 40.3411903381348, 25970995, 1, TriggerDetected, "615d2142 0100 33498c01"
25.362400, 23.9717693328857, 25971046, 0, 0, "2fc6bf41 0000 66498c01"
25.362450, 22.9536819458008, 25971097, 0, 0, "24a1b741 0000 99498c01"
25.362500, 40.0377922058105, 25971149, 1, TriggerDetected, "b3262042 0100 cd498c01"
25.362550, 29.0421199798584, 25971200, 0, 0, "4356e841 0000 004a8c01"
25.362600, 19.689079284668, 25971251, 0, 0, "3c839d41 0000 334a8c01"
25.362650, 37.2670211791992, 25971302, 1, TriggerDetected, "6e111542 0100 664a8c01"
25.362700, 34.2563629150391, 25971353, 0, 0, "84060942 0000 994a8c01"
25.362750, 18.799222946167, 25971405, 0, 0, "cf649641 0000 cd4a8c01"
25.362800, 32.6785621643066, 25971456, 1, TriggerDetected, "d9b60242 0100 004b8c01"
25.362850, 38.3722457885742, 25971507, 0, 0, "2e7d1942 0000 334b8c01"
25.362900, 20.4837379455566, 25971558, 0, 0, "b2dea341 0000 664b8c01"
25.362950, 27.3763256072998, 25971609, 0, 0, "b702db41 0000 994b8c01"
25.363000, 40.417724609375, 25971661, 1, TriggerDetected, "c0ab2142 0100 cd4b8c01"
25.363050, 24.3529605865479, 25971712, 0, 0, "ddd2c241 0000 004c8c01"
25.363100, 22.6121292114258, 25971763, 0, 0, "a4e5b441 0000 334c8c01"
25.363150, 39.9025917053223, 25971814, 1, TriggerDetected, "419c1f42 0100 664c8c01"
25.363200, 29.4827251434326, 25971865, 0, 0, "9fdceb41 0000 994c8c01"
25.363250, 19.5225162506104, 25971917, 0, 0, "1d2e9c41 0000 cd4c8c01"
25.363300, 36.948127746582, 25971968, 1, TriggerDetected, "e2ca1342 0100 004d8c01"
25.363350, 34.646484375, 25972019, 0, 0, "00960a42 0000 334d8c01"
25.363400, 18.8353958129883, 25972070, 0, 0, "e4ae9641 0000 664d8c01"
25.363450, 32.2590065002441, 25972121, 1, TriggerDetected, "39090142 0100 994d8c01"
25.363500, 38.6309280395508, 25972173, 0, 0, "12861a42 0000 cd4d8c01"
25.363550, 20.7281837463379, 25972224, 0, 0, "52d3a541 0000 004e8c01"
25.363600, 26.9496192932129, 25972275, 0, 0, "d298d741 0000 334e8c01"
25.363650, 40.4742584228516, 25972326, 1, TriggerDetected, "a4e52142 0100 664e8c01"
25.363700, 24.7436943054199, 25972377, 0, 0, "16f3c541 0000 994e8c01"
25.363750, 22.283655166626, 25972429, 0, 0, "ed44b241 0000 cd4e8c01"
25.363800, 39.7456321716309, 25972480, 1, TriggerDetected, "87fb1e42 0100 004f8c01"
25.363850, 29.9230461120605, 25972531, 0, 0, "6662ef41 0000 334f8c01"
25.363900, 19.3735866546631, 25972582, 0, 0, "1bfd9a41 0000 664f8c01"
25.363950, 36.6166343688965, 25972633, 1, TriggerDetected, "6f771242 0100 994f8c01"
25.364000, 35.0408134460449, 25972685, 0, 0, "cb290c42 0000 cd4f8c01"
25.364050, 18.9049263000488, 25972736, 0, 0, "4a3d9741 0000 00508c01"
25.364100, 31.8293762207031, 25972787, 1, TriggerDetected, "90a2fe41 0100 33508c01"
25.364150, 38.8699226379395, 25972838, 0, 0, "cd7a1b42 0000 66508c01"
25.364200, 20.9944286346436, 25972889, 0, 0, "97f4a741 0000 99508c01"
25.364250, 26.525463104248, 25972941, 0, 0, "2634d441 0000 cd508c01"
25.364300, 40.514347076416, 25972992, 1, TriggerDetected, "b10e2242 0100 00518c01"
25.364350, 25.139497756958, 25973043, 0, 0, "b11dc941 0000 33518c01"
25.364400, 21.9640407562256, 25973094, 0, 0, "5bb6af41 0000 66518c01"
25.364450, 39.5691032409668, 25973145, 1, TriggerDetected, "c3461e42 0100 99518c01"
25.364500, 30.361307144165, 25973197, 0, 0, "f5e3f241 0000 cd518c01"
25.364550, 19.2320499420166, 25973248, 0, 0, "3ddb9941 0000 00528c01"
25.364600, 36.2714309692383, 25973299, 1, TriggerDetected, "f2151142 0100 33528c01"
25.364650, 35.4134368896484, 25973350, 0, 0, "5ca70d42 0000 66528c01"
25.364700, 18.9840068817139, 25973401, 0, 0, "3fdf9741 0000 99528c01"
25.364750, 31.3971977233887, 25973453, 1, TriggerDetected, "762dfb41 0100 cd528c01"
25.364800, 39.0984306335449, 25973504, 0, 0, "cb641c42 0000 00538c01"
25.364850, 21.260139465332, 25973555, 0, 0, "c414aa41 0000 33538c01"
25.364900, 26.1065101623535, 25973606, 0, 0, "22dad041 0000 66538c01"
25.364950, 40.5310363769531, 25973657, 1, TriggerDetected, "c81f2242 0100 99538c01"
25.365000, 25.5398006439209, 25973709, 0, 0, "8351cc41 0000 cd538c01"
25.365050, 21.6545791625977, 25973760, 0, 0, "943cad41 0000 00548c01"
25.365100, 39.379997253418, 25973811, 1, TriggerDetected, "1e851d42 0100 33548c01"
25.365150, 30.7960319519043, 25973862, 0, 0, "465ef641 0000 66548c01"
25.365200, 19.112434387207, 25973913, 0, 0, "44e69841 0000 99548c01"
25.365250, 35.9117317199707, 25973965, 1, TriggerDetected, "9da50f42 0100 cd548c01"
25.365300, 35.7831192016602, 25974016, 0, 0, "ea210f42 0000 00558c01"
25.365350, 19.0745220184326, 25974067, 0, 0, "9f989841 0000 33558c01"
25.365400, 30.9636001586914, 25974118, 1, TriggerDetected, "74b5f741 0100 66558c01"
25.365450, 39.3070373535156, 25974169, 0, 0, "683a1d42 0000 99558c01"
25.365500, 21.5480422973633, 25974221, 0, 0, "6462ac41 0000 cd558c01"
25.365550, 25.694206237793, 25974272, 0, 0, "bc8dcd41 0000 00568c01"
25.365600, 40.5368728637695, 25974323, 1, TriggerDetected, "c2252242 0100 33568c01"
25.365650, 25.9534225463867, 25974374, 0, 0, "9ca0cf41 0000 66568c01"
25.365700, 21.3632640838623, 25974425, 0, 0, "f7e7aa41 0000 99568c01"
25.365750, 39.1713371276855, 25974477, 1, TriggerDetected, "73af1c42 0100 cd568c01"
25.365800, 31.2358531951904, 25974528, 0, 0, "07e3f941 0000 00578c01"
25.365850, 19.0149478912354, 25974579, 0, 0, "9d1e9841 0000 33578c01"
25.365900, 35.551570892334, 25974630, 1, TriggerDetected, "cf340e42 0100 66578c01"
25.365950, 36.1415138244629, 25974681, 0, 0, "e9901042 0000 99578c01"
25.366000, 19.1902141571045, 25974733, 0, 0, "8f859941 0000 cd578c01"
25.366050, 30.520263671875, 25974784, 1, TriggerDetected, "8029f441 0100 00588c01"
25.366100, 39.5073890686035, 25974835, 0, 0, "91071e42 0000 33588c01"
25.366150, 21.850658416748, 25974886, 0, 0, "26ceae41 0000 66588c01"
25.366200, 25.2854976654053, 25974937, 0, 0, "b348ca41 0000 99588c01"
25.366250, 40.5208930969238, 25974989, 1, TriggerDetected, "65152242 0100 cd588c01"
25.366300, 26.3713779449463, 25975040, 0, 0, "95f8d241 0000 00598c01"
25.366350, 21.0897846221924, 25975091, 0, 0, "e1b7a841 0000 33598c01"
25.366400, 38.955940246582, 25975142, 1, TriggerDetected, "e2d21b42 0100 66598c01"
25.366450, 31.6701011657715, 25975193, 0, 0, "5e5cfd41 0000 99598c01"
25.366500, 18.9263095855713, 25975245, 0, 0, "15699741 0000 cd598c01"
25.366550, 35.1745452880859, 25975296, 1, TriggerDetected, "bcb20c42 0100 005a8c01"
25.366600, 36.4906539916992, 25975347, 0, 0, "6ef61142 0000 335a8c01"
25.366650, 19.318920135498, 25975398, 0, 0, "268d9a41 0000 665a8c01"
25.366700, 30.0870132446289, 25975449, 1, TriggerDetected, "34b2f041 0100 995a8c01"
25.366750, 39.6798934936523, 25975501, 0, 0, "36b81e42 0000 cd5a8c01"
25.366800, 22.1614875793457, 25975552, 0, 0, "ba4ab141 0000 005b8c01"
25.366850, 24.8902854919434, 25975603, 0, 0, "4e1fc741 0000 335b8c01"
25.366900, 40.4914207458496, 25975654, 1, TriggerDetected, "37f72142 0100 665b8c01"
25.366950, 26.7894287109375, 25975705, 0, 0, "c050d641 0000 995b8c01"
25.367000, 20.8247547149658, 25975757, 0, 0, "1999a641 0000 cd5b8c01"
25.367050, 38.7174186706543, 25975808, 1, TriggerDetected, "a3de1a42 0100 005c8c01"
25.367100, 32.0926551818848, 25975859, 0, 0, "e15e0042 0000 335c8c01"
25.367150, 18.8585090637207, 25975910, 0, 0, "3ade9641 0000 665c8c01"
25.367200, 34.7926406860352, 25975961, 1, TriggerDetected, "aa2b0b42 0100 995c8c01"
25.367250, 36.8246383666992, 25976013, 0, 0, "6e4c1342 0000 cd5c8c01"
25.367300, 19.4638404846191, 25976064, 0, 0, "f2b59b41 0000 005d8c01"
25.367350, 29.6379070281982, 25976115, 0, 0, "6f1aed41 0000 335d8c01"
25.367400, 39.847412109375, 25976166, 1, TriggerDetected, "c0631f42 0100 665d8c01"
25.367450, 22.4890384674072, 25976217, 0, 0, "8de9b341 0000 995d8c01"
25.367500, 24.4946365356445, 25976269, 0, 0, "04f5c341 0000 cd5d8c01"
25.367550, 40.4364318847656, 25976320, 1, TriggerDetected, "e8be2142 0100 005e8c01"
25.367600, 27.2153663635254, 25976371, 0, 0, "12b9d941 0000 335e8c01"
25.367650, 20.5714416503906, 25976422, 0, 0, "5092a441 0000 665e8c01"
25.367700, 38.4684600830078, 25976473, 1, TriggerDetected, "b4df1942 0100 995e8c01"
25.367750, 32.5238304138184, 25976525, 0, 0, "67180242 0000 cd5e8c01"
25.367800, 18.8103694915771, 25976576, 0, 0, "a37b9641 0000 005f8c01"
25.367850, 34.4006576538086, 25976627, 1, TriggerDetected, "469a0942 0100 335f8c01"
25.367900, 37.1468391418457, 25976678, 0, 0, "5d961442 0000 665f8c01"
25.367950, 19.6270313262939, 25976729, 0, 0, "29049d41 0000 995f8c01"
25.368000, 29.2024803161621, 25976781, 0, 0, "ae9ee941 0000 cd5f8c01"
25.368050, 39.9910850524902, 25976832, 1, TriggerDetected, "dff61f42 0100 00608c01"
25.368100, 22.8222637176514, 25976883, 0, 0, "ff93b641 0000 33608c01"
25.368150, 24.1102123260498, 25976934, 0, 0, "b7e1c041 0000 66608c01"
25.368200, 40.3683280944824, 25976985, 1, TriggerDetected, "2b792142 0100 99608c01"
25.368250, 27.6431732177734, 25977037, 0, 0, "3825dd41 0000 cd608c01"
25.368300, 20.3348560333252, 25977088, 0, 0, "c9ada241 0000 00618c01"
25.368350, 38.2034187316895, 25977139, 1, TriggerDetected, "4dd01842 0100 33618c01"
25.368400, 32.9467353820801, 25977190, 0, 0, "75c90342 0000 66618c01"
25.368450, 18.7819976806641, 25977241, 0, 0, "88419641 0000 99618c01"
25.368500, 34.0019836425781, 25977293, 1, TriggerDetected, "08020842 0100 cd618c01"
25.368550, 37.4611282348633, 25977344, 0, 0, "32d81542 0000 00628c01"
25.368600, 19.8024368286133, 25977395, 0, 0, "646b9e41 0000 33628c01"
25.368650, 28.763500213623, 25977446, 0, 0, "a61be641 0000 66628c01"
25.368700, 40.1151809692383, 25977497, 1, TriggerDetected, "f2752042 0100 99628c01"
25.368750, 23.1702136993408, 25977549, 0, 0, "995cb941 0000 cd628c01"
25.368800, 23.7302284240723, 25977600, 0, 0, "82d7bd41 0000 00638c01"
25.368850, 40.2828674316406, 25977651, 1, TriggerDetected, "a8212142 0100 33638c01"
25.368900, 28.0812549591064, 25977702, 0, 0, "69a6e041 0000 66638c01"
25.368950, 20.1213359832764, 25977753, 0, 0, "7ff8a041 0000 99638c01"
25.369000, 37.9268531799316, 25977805, 1, TriggerDetected, "19b51742 0100 cd638c01"
25.369050, 33.3650856018066, 25977856, 0, 0, "d9750542 0000 00648c01"
25.369100, 18.7660827636719, 25977907, 0, 0, "f0209641 0000 33648c01"
25.369150, 33.5957679748535, 25977958, 1, TriggerDetected, "11620642 0100 66648c01"
25.369200, 37.7613868713379, 25978009, 0, 0, "a90b1742 0000 99648c01"
25.369250, 19.9995098114014, 25978061, 0, 0, "fffe9f41 0000 cd648c01"
25.369300, 28.3225173950195, 25978112, 0, 0, "8494e241 0000 00658c01"
25.369350, 40.231258392334, 25978163, 1, TriggerDetected, "cfec2042 0100 33658c01"
25.369400, 23.5302085876465, 25978214, 0, 0, "de3dbc41 0000 66658c01"
25.369450, 23.3730640411377, 25978265, 0, 0, "09fcba41 0000 99658c01"
25.369500, 40.1846542358398, 25978317, 1, TriggerDetected, "16bd2042 0100 cd658c01"
25.369550, 28.5195713043213, 25978368, 0, 0, "1528e441 0000 00668c01"
25.369600, 19.9149208068848, 25978419, 0, 0, "c2519f41 0000 33668c01"
25.369650, 37.6322479248047, 25978470, 1, TriggerDetected, "6c871642 0100 66668c01"
25.369700, 33.7723045349121, 25978521, 0, 0, "d7160742 0000 99668c01"
25.369750, 18.7711582183838, 25978573, 0, 0, "552b9641 0000 cd668c01"
25.369800, 33.1817588806152, 25978624, 1, TriggerDetected, "1fba0442 0100 00678c01"
25.369850, 38.0481491088867, 25978675, 0, 0, "4e311842 0000 33678c01"
25.369900, 20.2175750732422, 25978726, 0, 0, "98bda141 0000 66678c01"
25.369950, 27.8931751251221, 25978777, 0, 0, "3925df41 0000 99678c01"
25.370000, 40.3254737854004, 25978829, 1, TriggerDetected, "494d2142 0100 cd678c01"
25.370050, 23.9013004302979, 25978880, 0, 0, "dd35bf41 0000 00688c01"
25.370100, 23.0129013061523, 25978931, 0, 0, "6c1ab841 0000 33688c01"
25.370150, 40.0691261291504, 25978982, 1, TriggerDetected, "c9462042 0100 66688c01"
25.370200, 28.9580688476563, 25979033, 0, 0, "20aae741 0000 99688c01"
25.370250, 19.7253837585449, 25979085, 0, 0, "96cd9d41 0000 cd688c01"
25.370300, 37.3250160217285, 25979136, 1, TriggerDetected, "d14c1542 0100 00698c01"
25.370350, 34.1800880432129, 25979187, 0, 0, "69b80842 0000 33698c01"
25.370400, 18.7927837371826, 25979238, 0, 0, "9f579641 0000 66698c01"
25.370450, 32.7622718811035, 25979289, 1, TriggerDetected, "910c0342 0100 99698c01"
25.370500, 38.3172378540039, 25979341, 0, 0, "da441942 0000 cd698c01"
25.370550, 20.4352798461914, 25979392, 0, 0, "747ba341 0000 006a8c01"
25.370600, 27.4600830078125, 25979443, 0, 0, "40aedb41 0000 336a8c01"
25.370650, 40.4085655212402, 25979494, 1, TriggerDetected, "5fa22142 0100 666a8c01"
25.370700, 24.2787799835205, 25979545, 0, 0, "f13ac241 0000 996a8c01"
25.370750, 22.6781616210938, 25979597, 0, 0, "e06cb541 0000 cd6a8c01"
25.370800, 39.9300346374512, 25979648, 1, TriggerDetected, "5bb81f42 0100 006b8c01"
25.370850, 29.3958797454834, 25979699, 0, 0, "c32aeb41 0000 336b8c01"
25.370900, 19.5515327453613, 25979750, 0, 0, "8a699c41 0000 666b8c01"
25.370950, 37.0102005004883, 25979801, 1, TriggerDetected, "720a1442 0100 996b8c01"
25.371000, 34.5752754211426, 25979853, 0, 0, "154d0a42 0000 cd6b8c01"
25.371050, 18.830696105957, 25979904, 0, 0, "44a59641 0000 006c8c01"
25.371100, 32.340934753418, 25979955, 1, TriggerDetected, "1e5d0142 0100 336c8c01"
25.371150, 38.5833015441895, 25980006, 0, 0, "4d551a42 0000 666c8c01"
25.371200, 20.6806468963623, 25980057, 0, 0, "f771a541 0000 996c8c01"
25.371250, 27.033224105835, 25980109, 0, 0, "0b44d841 0000 cd6c8c01"
25.371300, 40.4653396606445, 25980160, 1, TriggerDetected, "82dc2142 0100 006d8c01"
25.371350, 24.671178817749, 25980211, 0, 0, "935ec541 0000 336d8c01"
25.371400, 22.3462791442871, 25980262, 0, 0, "2ec5b241 0000 666d8c01"
25.371450, 39.7754974365234, 25980313, 1, TriggerDetected, "1c1a1f42 0100 996d8c01"
25.371500, 29.8342800140381, 25980365, 0, 0, "9bacee41 0000 cd6d8c01"
25.371550, 19.394868850708, 25980416, 0, 0, "b1289b41 0000 006e8c01"
25.371600, 36.6776008605957, 25980467, 1, TriggerDetected, "ddb51242 0100 336e8c01"
25.371650, 34.9581451416016, 25980518, 0, 0, "24d50b42 0000 666e8c01"
25.371700, 18.886344909668, 25980569, 0, 0, "3c179741 0000 996e8c01"
25.371750, 31.9123439788818, 25980621, 1, TriggerDetected, "7b4cff41 0100 cd6e8c01"
25.371800, 38.8267440795898, 25980672, 0, 0, "964e1b42 0000 006f8c01"
25.371850, 20.9426612854004, 25980723, 0, 0, "928aa741 0000 336f8c01"
25.371900, 26.6022567749023, 25980774, 0, 0, "6cd1d441 0000 666f8c01"
25.371950, 40.5002479553223, 25980825, 1, TriggerDetected, "41002242 0100 996f8c01"
25.372000, 25.0613708496094, 25980877, 0, 0, "b07dc841 0000 cd6f8c01"
25.372050, 22.018871307373, 25980928, 0, 0, "a626b041 0000 00708c01"
25.372100, 39.6004829406738, 25980979, 1, TriggerDetected, "e5661e42 0100 33708c01"
25.372150, 30.2740783691406, 25981030, 0, 0, "5031f241 0000 66708c01"
25.372200, 19.2582263946533, 25981081, 0, 0, "d9109a41 0000 99708c01"
25.372250, 36.3352470397949, 25981133, 1, TriggerDetected, "4b571142 0100 cd708c01"
25.372300, 35.3427047729492, 25981184, 0, 0, "ee5e0d42 0000 00718c01"
25.372350, 18.9603939056396, 25981235, 0, 0, "e3ae9741 0000 33718c01"
25.372400, 31.4849872589111, 25981286, 1, TriggerDetected, "41e1fb41 0100 66718c01"
25.372450, 39.057804107666, 25981337, 0, 0, "313b1c42 0000 99718c01"
25.372500, 21.2104911804199, 25981389, 0, 0, "16afa941 0000 cd718c01"
25.372550, 26.1866436004639, 25981440, 0, 0, "3f7ed141 0000 00728c01"
25.372600, 40.5311317443848, 25981491, 1, TriggerDetected, "e11f2242 0100 33728c01"
25.372650, 25.4647350311279, 25981542, 0, 0, "c7b7cb41 0000 66728c01"
25.372700, 21.7199554443359, 25981593, 0, 0, "78c2ad41 0000 99728c01"
25.372750, 39.4203071594238, 25981645, 1, TriggerDetected, "65ae1d42 0100 cd728c01"
25.372800, 30.715217590332, 25981696, 0, 0, "c4b8f541 0000 00738c01"
25.372850, 19.1340045928955, 25981747, 0, 0, "71129941 0000 33738c01"
25.372900, 35.9862823486328, 25981798, 1, TriggerDetected, "f4f10f42 0100 66738c01"
25.372950, 35.7076721191406, 25981849, 0, 0, "a8d40e42 0000 99738c01"
25.373000, 19.051607131958, 25981901, 0, 0, "b1699841 0000 cd738c01"
25.373050, 31.0447387695313, 25981952, 1, TriggerDetected, "a05bf841 0100 00748c01"
25.373100, 39.2670021057129, 25982003, 0, 0, "69111d42 0000 33748c01"
25.373150, 21.4951782226563, 25982054, 0, 0, "20f6ab41 0000 66748c01"
25.373200, 25.772180557251, 25982105, 0, 0, "6d2dce41 0000 99748c01"
25.373250, 40.5312004089355, 25982157, 1, TriggerDetected, "f31f2242 0100 cd748c01"
25.373300, 25.8698101043701, 25982208, 0, 0, "5ff5ce41 0000 00758c01"
25.373350, 21.4220561981201, 25982259, 0, 0, "5f60ab41 0000 33758c01"
25.373400, 39.2168121337891, 25982310, 1, TriggerDetected, "04de1c42 0100 66758c01"
25.373450, 31.1469326019287, 25982361, 0, 0, "eb2cf941 0000 99758c01"
25.373500, 19.0276222229004, 25982413, 0, 0, "92389841 0000 cd758c01"
25.373550, 35.6206359863281, 25982464, 1, TriggerDetected, "887b0e42 0100 00768c01"
25.373600, 36.0692749023438, 25982515, 0, 0, "f0461042 0000 33768c01"
25.373650, 19.1609401702881, 25982566, 0, 0, "9b499941 0000 66768c01"
25.373700, 30.6043395996094, 25982617, 1, TriggerDetected, "b0d5f441 0100 99768c01"
25.373750, 39.4614219665527, 25982669, 0, 0, "7fd81d42 0000 cd768c01"
25.373800, 21.7911701202393, 25982720, 0, 0, "5154ae41 0000 00778c01"
25.373850, 25.3639526367188, 25982771, 0, 0, "60e9ca41 0000 33778c01"
25.373900, 40.5241279602051, 25982822, 1, TriggerDetected, "b5182242 0100 66778c01"
25.373950, 26.2874641418457, 25982873, 0, 0, "ba4cd241 0000 99778c01"
25.374000, 21.1382541656494, 25982925, 0, 0, "251ba941 0000 cd778c01"
25.374050, 38.9923515319824, 25982976, 1, TriggerDetected, "2bf81b42 0100 00788c01"
25.374100, 31.5842914581299, 25983027, 0, 0, "a1acfc41 0000 33788c01"
25.374150, 18.9411640167236, 25983078, 0, 0, "81879741 0000 66788c01"
25.374200, 35.2476806640625, 25983129, 1, TriggerDetected, "a0fd0c42 0100 99788c01"
25.374250, 36.4165306091309, 25983181, 0, 0, "87aa1142 0000 cd788c01"
25.374300, 19.2866840362549, 25983232, 0, 0, "214b9a41 0000 00798c01"
25.374350, 30.1654090881348, 25983283, 1, TriggerDetected, "c252f141 0100 33798c01"
25.374400, 39.6486206054688, 25983334, 0, 0, "30981e42 0000 66798c01"
25.374450, 22.0965251922607, 25983385, 0, 0, "afc5b041 0000 99798c01"
25.374500, 24.962438583374, 25983437, 0, 0, "13b3c741 0000 cd798c01"
25.374550, 40.4947242736816, 25983488, 1, TriggerDetected, "99fa2142 0100 007a8c01"
25.374600, 26.7064189910889, 25983539, 0, 0, "bfa6d541 0000 337a8c01"
25.374650, 20.8719234466553, 25983590, 0, 0, "b3f9a641 0000 667a8c01"
25.374700, 38.7665672302246, 25983641, 1, TriggerDetected, "f7101b42 0100 997a8c01"
25.374750, 32.0126304626465, 25983693, 0, 0, "ef0c0042 0000 cd7a8c01"
25.374800, 18.8721160888672, 25983744, 0, 0, "18fa9641 0000 007b8c01"
25.374850, 34.8648986816406, 25983795, 1, TriggerDetected, "a8750b42 0100 337b8c01"
25.374900, 36.7581443786621, 25983846, 0, 0, "57081342 0000 667b8c01"
25.374950, 19.4281368255615, 25983897, 0, 0, "d36c9b41 0000 997b8c01"
25.375000, 29.7246685028076, 25983949, 0, 0, "1fcced41 0000 cd7b8c01"
25.375050, 39.8073081970215, 25984000, 1, TriggerDetected, "af3a1f42 0100 007c8c01"
25.375100, 22.4208831787109, 25984051, 0, 0, "f85db341 0000 337c8c01"
25.375150, 24.569299697876, 25984102, 0, 0, "ed8dc441 0000 667c8c01"
25.375200, 40.4465980529785, 25984153, 1, TriggerDetected, "51c92142 0100 997c8c01"
25.375250, 27.1328907012939, 25984205, 0, 0, "2910d941 0000 cd7c8c01"
25.375300, 20.6160469055176, 25984256, 0, 0, "aaeda441 0000 007d8c01"
25.375350, 38.5130882263184, 25984307, 1, TriggerDetected, "670d1a42 0100 337d8c01"
25.375400, 32.4365692138672, 25984358, 0, 0, "0cbf0142 0000 667d8c01"
25.375450, 18.8193016052246, 25984409, 0, 0, "ee8d9641 0000 997d8c01"
25.375500, 34.4760780334473, 25984461, 1, TriggerDetected, "81e70942 0100 cd7d8c01"
25.375550, 37.0825309753418, 25984512, 0, 0, "83541442 0000 007e8c01"
25.375600, 19.5884208679199, 25984563, 0, 0, "16b59c41 0000 337e8c01"
25.375650, 29.2865791320801, 25984614, 0, 0, "ea4aea41 0000 667e8c01"
25.375700, 39.9612464904785, 25984665, 1, TriggerDetected, "51d81f42 0100 997e8c01"
25.375750, 22.7576026916504, 25984717, 0, 0, "920fb641 0000 cd7e8c01"
25.375800, 24.1833038330078, 25984768, 0, 0, "6877c141 0000 007f8c01"
25.375850, 40.381965637207, 25984819, 1, TriggerDetected, "22872142 0100 337f8c01"
25.375900, 27.5604763031006, 25984870, 0, 0, "db7bdc41 0000 667f8c01"
25.375950, 20.3772888183594, 25984921, 0, 0, "b004a341 0000 997f8c01"
25.376000, 38.2569160461426, 25984973, 1, TriggerDetected, "15071942 0100 cd7f8c01"
25.376050, 32.8669281005859, 25985024, 0, 0, "bc770342 0000 00808c01"
25.376100, 18.7819499969482, 25985075, 0, 0, "6f419641 0000 33808c01"
25.376150, 34.0768241882324, 25985126, 1, TriggerDetected, "ab4e0842 0100 66808c01"
25.376200, 37.4040565490723, 25985177, 0, 0, "c19d1542 0000 99808c01"
25.376250, 19.7685947418213, 25985229, 0, 0, "15269e41 0000 cd808c01"
25.376300, 28.8539009094238, 25985280, 0, 0, "cad4e641 0000 00818c01"
25.376350, 40.0937652587891, 25985331, 1, TriggerDetected, "04602042 0100 33818c01"
25.376400, 23.1055889129639, 25985382, 0, 0, "3fd8b841 0000 66818c01"
25.376450, 23.8075828552246, 25985433, 0, 0, "ee75be41 0000 99818c01"
25.376500, 40.3067359924316, 25985485, 1, TriggerDetected, "193a2142 0100 cd818c01"
25.376550, 28.0001640319824, 25985536, 0, 0, "5600e041 0000 00828c01"
25.376600, 20.1609268188477, 25985587, 0, 0, "9449a141 0000 33828c01"
25.376650, 37.982105255127, 25985638, 1, TriggerDetected, "aded1742 0100 66828c01"
25.376700, 33.2796325683594, 25985689, 0, 0, "581e0542 0000 99828c01"
25.376750, 18.7646999359131, 25985741, 0, 0, "1b1e9641 0000 cd828c01"
25.376800, 33.6718978881836, 25985792, 1, TriggerDetected, "06b00642 0100 00838c01"
25.376850, 37.7043342590332, 25985843, 0, 0, "3dd11642 0000 33838c01"
25.376900, 19.9589138031006, 25985894, 0, 0, "dbab9f41 0000 66838c01"
25.376950, 28.4116191864014, 25985945, 0, 0, "ff4ae341 0000 99838c01"
25.377000, 40.212890625, 25985997, 1, TriggerDetected, "00da2042 0100 cd838c01"
25.377050, 23.4661331176758, 25986048, 0, 0, "a4babb41 0000 00848c01"
25.377100, 23.4430446624756, 25986099, 0, 0, "5b8bbb41 0000 33848c01"
25.377150, 40.2067718505859, 25986150, 1, TriggerDetected, "bcd32042 0100 66848c01"
25.377200, 28.4338817596436, 25986201, 0, 0, "9778e341 0000 99848c01"
25.377250, 19.9532070159912, 25986253, 0, 0, "2ba09f41 0000 cd848c01"
25.377300, 37.6891555786133, 25986304, 1, TriggerDetected, "b2c11642 0100 00858c01"
25.377350, 33.6921768188477, 25986355, 0, 0, "cac40642 0000 33858c01"
25.377400, 18.7664031982422, 25986406, 0, 0, "98219641 0000 66858c01"
25.377450, 33.2596321105957, 25986457, 1, TriggerDetected, "dd090542 0100 99858c01"
25.377500, 37.9882965087891, 25986509, 0, 0, "04f41742 0000 cd858c01"
25.377550, 20.1673984527588, 25986560, 0, 0, "d556a141 0000 00868c01"
25.377600, 27.9760971069336, 25986611, 0, 0, "0ccfdf41 0000 33868c01"
25.377650, 40.3096923828125, 25986662, 1, TriggerDetected, "203d2142 0100 66868c01"
25.377700, 23.8293895721436, 25986713, 0, 0, "97a2be41 0000 99868c01"
25.377750, 23.0854625701904, 25986765, 0, 0, "07afb841 0000 cd868c01"
25.377800, 40.0857849121094, 25986816, 1, TriggerDetected, "d8572042 0100 00878c01"
25.377850, 28.8760166168213, 25986867, 0, 0, "1502e741 0000 33878c01"
25.377900, 19.7612628936768, 25986918, 0, 0, "11179e41 0000 66878c01"
25.377950, 37.3880500793457, 25986969, 1, TriggerDetected, "5d8d1542 0100 99878c01"
25.378000, 34.0981521606445, 25987021, 0, 0, "82640842 0000 cd878c01"
25.378050, 18.7885036468506, 25987072, 0, 0, "db4e9641 0000 00888c01"
25.378100, 32.8427658081055, 25987123, 1, TriggerDetected, "fe5e0342 0100 33888c01"
25.378150, 38.2694129943848, 25987174, 0, 0, "e1131942 0000 66888c01"
25.378200, 20.3967361450195, 25987225, 0, 0, "842ca341 0000 99888c01"
25.378250, 27.538854598999, 25987277, 0, 0, "934fdc41 0000 cd888c01"
25.378300, 40.3847961425781, 25987328, 1, TriggerDetected, "088a2142 0100 00898c01"
25.378350, 24.2047557830811, 25987379, 0, 0, "57a3c141 0000 33898c01"
25.378400, 22.7424049377441, 25987430, 0, 0, "72f0b541 0000 66898c01"
25.378450, 39.9571151733398, 25987481, 1, TriggerDetected, "16d41f42 0100 99898c01"
25.378500, 29.3088550567627, 25987533, 0, 0, "8978ea41 0000 cd898c01"
25.378550, 19.5824871063232, 25987584, 0, 0, "efa89c41 0000 008a8c01"
25.378600, 37.0704727172852, 25987635, 1, TriggerDetected, "2a481442 0100 338a8c01"
25.378650, 34.496940612793, 25987686, 0, 0, "defc0942 0000 668a8c01"
25.378700, 18.8189945220947, 25987737, 0, 0, "4d8d9641 0000 998a8c01"
25.378750, 32.419605255127, 25987789, 1, TriggerDetected, "adad0142 0100 cd8a8c01"
25.378800, 38.5279083251953, 25987840, 0, 0, "941c1a42 0000 008b8c01"
25.378850, 20.6315517425537, 25987891, 0, 0, "6b0da541 0000 338b8c01"
25.378900, 27.110143661499, 25987942, 0, 0, "93e1d841 0000 668b8c01"
25.378950, 40.451473236084, 25987993, 1, TriggerDetected, "4fce2142 0100 998b8c01"
25.379000, 24.589672088623, 25988045, 0, 0, "a6b7c441 0000 cd8b8c01"
25.379050, 22.4076175689697, 25988096, 0, 0, "cd42b341 0000 008c8c01"
25.379100, 39.8024063110352, 25988147, 1, TriggerDetected, "aa351f42 0100 338c8c01"
25.379150, 29.7498912811279, 25988198, 0, 0, "c7ffed41 0000 668c8c01"
25.379200, 19.4274387359619, 25988249, 0, 0, "656b9b41 0000 998c8c01"
25.379250, 36.7417907714844, 25988301, 1, TriggerDetected, "98f71242 0100 cd8c8c01"
25.379300, 34.8865051269531, 25988352, 0, 0, "c88b0b42 0000 008d8c01"
25.379350, 18.8736400604248, 25988403, 0, 0, "37fd9641 0000 338d8c01"
25.379400, 31.9932422637939, 25988454, 1, TriggerDetected, "29f2ff41 0100 668d8c01"
25.379450, 38.7795028686523, 25988505, 0, 0, "361e1b42 0000 998d8c01"
25.379500, 20.8918514251709, 25988557, 0, 0, "8322a741 0000 cd8d8c01"
25.379550, 26.6893310546875, 25988608, 0, 0, "c083d541 0000 008e8c01"
25.379600, 40.4981536865234, 25988659, 1, TriggerDetected, "1cfe2142 0100 338e8c01"
25.379650, 24.9874229431152, 25988710, 0, 0, "3ee6c741 0000 668e8c01"
25.379700, 22.0803050994873, 25988761, 0, 0, "77a4b041 0000 998e8c01"
25.379750, 39.6426696777344, 25988813, 1, TriggerDetected, "18921e42 0100 cd8e8c01"
25.379800, 30.1956768035889, 25988864, 0, 0, "bf90f141 0000 008f8c01"
25.379850, 19.2875862121582, 25988915, 0, 0, "fa4c9a41 0000 338f8c01"
25.379900, 36.4027786254883, 25988966, 1, TriggerDetected, "729c1142 0100 668f8c01"
25.379950, 35.2732543945313, 25989017, 0, 0, "d0170d42 0000 998f8c01"
25.380000, 18.9513282775879, 25989069, 0, 0, "529c9741 0000 cd8f8c01"
25.380050, 31.5684432983398, 25989120, 1, TriggerDetected, "2c8cfc41 0100 00908c01"
25.380100, 39.0169334411621, 25989171, 0, 0, "57111c42 0000 33908c01"
25.380150, 21.1591567993164, 25989222, 0, 0, "f445a941 0000 66908c01"
25.380200, 26.2722110748291, 25989273, 0, 0, "7d2dd241 0000 99908c01"
25.380250, 40.5325508117676, 25989325, 1, TriggerDetected, "55212242 0100 cd908c01"
25.380300, 25.3932609558105, 25989376, 0, 0, "6625cb41 0000 00918c01"
25.380350, 21.7771949768066, 25989427, 0, 0, "b237ae41 0000 33918c01"
25.380400, 39.4611701965332, 25989478, 1, TriggerDetected, "3dd81d42 0100 66918c01"
25.380450, 30.6302433013916, 25989529, 0, 0, "bd0af541 0000 99918c01"
25.380500, 19.158182144165, 25989581, 0, 0, "f5439941 0000 cd918c01"
25.380550, 36.0568389892578, 25989632, 1, TriggerDetected, "343a1042 0100 00928c01"
25.380600, 35.6420631408691, 25989683, 0, 0, "79910e42 0000 33928c01"
25.380650, 19.0373134613037, 25989734, 0, 0, "6b4c9841 0000 66928c01"
25.380700, 31.1318664550781, 25989785, 1, TriggerDetected, "100ef941 0100 99928c01"
25.380750, 39.2298469543457, 25989837, 0, 0, "5deb1c42 0000 cd928c01"
25.380800, 21.4404983520508, 25989888, 0, 0, "2486ab41 0000 00938c01"
25.380850, 25.8549137115479, 25989939, 0, 0, "ddd6ce41 0000 33938c01"
25.380900, 40.5380706787109, 25989990, 1, TriggerDetected, "fc262242 0100 66938c01"
25.380950, 25.796049118042, 25990041, 0, 0, "4f5ece41 0000 99938c01"
25.381000, 21.4781761169434, 25990093, 0, 0, "4ed3ab41 0000 cd938c01"
25.381050, 39.2621574401855, 25990144, 1, TriggerDetected, "730c1d42 0100 00948c01"
25.381100, 31.0694522857666, 25990195, 0, 0, "3d8ef841 0000 33948c01"
25.381150, 19.0499782562256, 25990246, 0, 0, "5b669841 0000 66948c01"
25.381200, 35.6961669921875, 25990297, 1, TriggerDetected, "e0c80e42 0100 99948c01"
25.381250, 36.0029640197754, 25990349, 0, 0, "09031042 0000 cd948c01"
25.381300, 19.1424007415771, 25990400, 0, 0, "a3239941 0000 00958c01"
25.381350, 30.6939525604248, 25990451, 1, TriggerDetected, "378df541 0100 33958c01"
25.381400, 39.4307403564453, 25990502, 0, 0, "14b91d42 0000 66958c01"
25.381450, 21.7313423156738, 25990553, 0, 0, "cad9ad41 0000 99958c01"
25.381500, 25.4431037902832, 25990605, 0, 0, "7a8bcb41 0000 cd958c01"
25.381550, 40.5284461975098, 25990656, 1, TriggerDetected, "211d2242 0100 00968c01"
25.381600, 26.2086429595947, 25990707, 0, 0, "4dabd141 0000 33968c01"
25.381650, 21.1957340240479, 25990758, 0, 0, "dd90a941 0000 66968c01"
25.381700, 39.0462417602539, 25990809, 1, TriggerDetected, "5a2f1c42 0100 99968c01"
25.381750, 31.5011119842529, 25990861, 0, 0, "4702fc41 0000 cd968c01"
25.381800, 18.9566135406494, 25990912, 0, 0, "25a79741 0000 00978c01"
25.381850, 35.3198204040527, 25990963, 1, TriggerDetected, "7f470d42 0100 33978c01"
25.381900, 36.3585929870605, 25991014, 0, 0, "336f1142 0000 66978c01"
25.381950, 19.2688674926758, 25991065, 0, 0, "a4269a41 0000 99978c01"
25.382000, 30.2573280334473, 25991117, 1, TriggerDetected, "020ff241 0100 cd978c01"
25.382050, 39.6139831542969, 25991168, 0, 0, "b8741e42 0000 00988c01"
25.382100, 22.0440616607666, 25991219, 0, 0, "3d5ab041 0000 33988c01"
25.382150, 25.0407009124756, 25991270, 0, 0, "5b53c841 0000 66988c01"
25.382200, 40.5072021484375, 25991321, 1, TriggerDetected, "60072242 0100 99988c01"
25.382250, 26.6308898925781, 25991373, 0, 0, "100cd541 0000 cd988c01"
25.382300, 20.9256286621094, 25991424, 0, 0, "b067a741 0000 00998c01"
25.382350, 38.8126182556152, 25991475, 1, TriggerDetected, "1f401b42 0100 33998c01"
25.382400, 31.9341144561768, 25991526, 0, 0, "1179ff41 0000 66998c01"
25.382450, 18.8852310180664, 25991577, 0, 0, "f4149741 0000 99998c01"
25.382500, 34.9418907165527, 25991629, 1, TriggerDetected, "7fc40b42 0100 cd998c01"
25.382550, 36.6937103271484, 25991680, 0, 0, "5cc61242 0000 009a8c01"
25.382600, 19.4034099578857, 25991731, 0, 0, "2f3a9b41 0000 339a8c01"
25.382650, 29.8141288757324, 25991782, 0, 0, "5683ee41 0000 669a8c01"
25.382700, 39.7842407226563, 25991833, 1, TriggerDetected, "10231f42 0100 999a8c01"
25.382750, 22.3583469390869, 25991885, 0, 0, "e5ddb241 0000 cd9a8c01"
25.382800, 24.6441917419434, 25991936, 0, 0, "4e27c541 0000 009b8c01"
25.382850, 40.4609336853027, 25991987, 1, TriggerDetected, "ffd72142 0100 339b8c01"
25.382900, 27.0533218383789, 25992038, 0, 0, "346dd841 0000 669b8c01"
25.382950, 20.6656723022461, 25992089, 0, 0, "4c53a541 0000 999b8c01"
25.383000, 38.5683822631836, 25992141, 1, TriggerDetected, "06461a42 0100 cd9b8c01"
25.383050, 32.3580436706543, 25992192, 0, 0, "a36e0142 0000 009c8c01"
25.383100, 18.8256816864014, 25992243, 0, 0, "ff9a9641 0000 339c8c01"
25.383150, 34.5524406433105, 25992294, 1, TriggerDetected, "b3350a42 0100 669c8c01"
25.383200, 37.0261840820313, 25992345, 0, 0, "d01a1442 0000 999c8c01"
25.383250, 19.5632572174072, 25992397, 0, 0, "8d819c41 0000 cd9c8c01"
25.383300, 29.373363494873, 25992448, 0, 0, "a6fcea41 0000 009d8c01"
25.383350, 39.9344673156738, 25992499, 1, TriggerDetected, "e5bc1f42 0100 339d8c01"
25.383400, 22.6949234008789, 25992550, 0, 0, "348fb541 0000 669d8c01"
25.383450, 24.2577571868896, 25992601, 0, 0, "e30fc241 0000 999d8c01"
25.383500, 40.3998222351074, 25992653, 1, TriggerDetected, "6b992142 0100 cd9d8c01"
25.383550, 27.4768199920654, 25992704, 0, 0, "87d0db41 0000 009e8c01"
25.383600, 20.4234409332275, 25992755, 0, 0, "3563a341 0000 339e8c01"
25.383650, 38.3024368286133, 25992806, 1, TriggerDetected, "b2351942 0100 669e8c01"
25.383700, 32.7854499816895, 25992857, 0, 0, "4d240342 0000 999e8c01"
25.383750, 18.7879199981689, 25992909, 0, 0, "a94d9641 0000 cd9e8c01"
25.383800, 34.1555442810059, 25992960, 1, TriggerDetected, "479f0842 0100 009f8c01"
25.383850, 37.3418388366699, 25993011, 0, 0, "0b5e1542 0000 339f8c01"
25.383900, 19.7327880859375, 25993062, 0, 0, "c0dc9d41 0000 669f8c01"
25.383950, 28.9328136444092, 25993113, 0, 0, "6776e741 0000 999f8c01"
25.384000, 40.0709571838379, 25993165, 1, TriggerDetected, "a9482042 0100 cd9f8c01"
25.384050, 23.0358867645264, 25993216, 0, 0, "7f49b841 0000 00a08c01"
25.384100, 23.8808917999268, 25993267, 0, 0, "110cbf41 0000 33a08c01"
25.384150, 40.3173942565918, 25993318, 1, TriggerDetected, "03452142 0100 66a08c01"
25.384200, 27.910436630249, 25993369, 0, 0, "9348df41 0000 99a08c01"
25.384250, 20.2004508972168, 25993421, 0, 0, "869aa141 0000 cda08c01"
25.384300, 38.0359230041504, 25993472, 1, TriggerDetected, "c9241842 0100 00a18c01"
25.384350, 33.2011489868164, 25993523, 0, 0, "facd0442 0000 33a18c01"
25.384400, 18.7672214508057, 25993574, 0, 0, "45239641 0000 66a18c01"
25.384450, 33.750373840332, 25993625, 1, TriggerDetected, "62000742 0100 99a18c01"
25.384500, 37.6415939331055, 25993677, 0, 0, "fe901642 0000 cda18c01"
25.384550, 19.9194774627686, 25993728, 0, 0, "175b9f41 0000 00a28c01"
25.384600, 28.4956893920898, 25993779, 0, 0, "2cf7e341 0000 33a28c01"
25.384650, 40.1874847412109, 25993830, 1, TriggerDetected, "fcbf2042 0100 66a28c01"
25.384700, 23.3900661468506, 25993881, 0, 0, "db1ebb41 0000 99a28c01"
25.384750, 23.5139503479004, 25993933, 0, 0, "921cbc41 0000 cda28c01"
25.384800, 40.2235069274902, 25993984, 1, TriggerDetected, "dfe42042 0100 00a38c01"
25.384850, 28.3492832183838, 25994035, 0, 0, "55cbe241 0000 33a38c01"
25.384900, 19.9910831451416, 25994086, 0, 0, "bded9f41 0000 66a38c01"
25.384950, 37.7474098205566, 25994137, 1, TriggerDetected, "59fd1642 0100 99a38c01"
25.385000, 33.6105079650879, 25994189, 0, 0, "29710642 0000 cda38c01"
25.385050, 18.7627010345459, 25994240, 0, 0, "031a9641 0000 00a48c01"
25.385100, 33.3424682617188, 25994291, 1, TriggerDetected, "b05e0542 0100 33a48c01"
25.385150, 37.9385795593262, 25994342, 0, 0, "1bc11742 0000 66a48c01"
25.385200, 20.1236400604248, 25994393, 0, 0, "37fda041 0000 99a48c01"
25.385250, 28.0533466339111, 25994445, 0, 0, "416de041 0000 cda48c01"
25.385300, 40.2862815856934, 25994496, 1, TriggerDetected, "27252142 0100 00a58c01"
25.385350, 23.7566394805908, 25994547, 0, 0, "990dbe41 0000 33a58c01"
25.385400, 23.1534633636475, 25994598, 0, 0, "4b3ab941 0000 66a58c01"
25.385450, 40.1105575561523, 25994649, 1, TriggerDetected, "36712042 0100 99a58c01"
25.385500, 28.7821407318115, 25994701, 0, 0, "d341e641 0000 cda58c01"
25.385550, 19.7928733825684, 25994752, 0, 0, "ce579e41 0000 00a68c01"
25.385600, 37.4432220458984, 25994803, 1, TriggerDetected, "dcc51542 0100 33a68c01"
25.385650, 34.0207366943359, 25994854, 0, 0, "3c150842 0000 66a68c01"
25.385700, 18.7778987884521, 25994905, 0, 0, "23399641 0000 99a68c01"
25.385750, 32.9220123291016, 25994957, 1, TriggerDetected, "24b00342 0100 cda68c01"
25.385800, 38.2094573974609, 25995008, 0, 0, "7cd61842 0000 00a78c01"
25.385850, 20.351167678833, 25995059, 0, 0, "31cfa241 0000 33a78c01"
25.385900, 27.6233291625977, 25995110, 0, 0, "94fcdc41 0000 66a78c01"
25.385950, 40.3725700378418, 25995161, 1, TriggerDetected, "837d2142 0100 99a78c01"
25.386000, 24.1269912719727, 25995213, 0, 0, "1404c141 0000 cda78c01"
25.386050, 22.8062343597412, 25995264, 0, 0, "2b73b641 0000 00a88c01"
25.386100, 39.9790840148926, 25995315, 1, TriggerDetected, "95ea1f42 0100 33a88c01"
25.386150, 29.2226123809814, 25995366, 0, 0, "e9c7e941 0000 66a88c01"
25.386200, 19.6137180328369, 25995417, 0, 0, "e5e89c41 0000 99a88c01"
25.386250, 37.1317596435547, 25995469, 1, TriggerDetected, "ec861442 0100 cda88c01"
25.386300, 34.4160919189453, 25995520, 0, 0, "14aa0942 0000 00a98c01"
25.386350, 18.8078174591064, 25995571, 0, 0, "69769641 0000 33a98c01"
25.386400, 32.502010345459, 25995622, 1, TriggerDetected, "0f020242 0100 66a98c01"
25.386450, 38.4794616699219, 25995673, 0, 0, "f8ea1942 0000 99a98c01"
25.386500, 20.5876693725586, 25995725, 0, 0, "8cb3a441 0000 cda98c01"
25.386550, 27.1944446563721, 25995776, 0, 0, "398ed941 0000 00aa8c01"
25.386600, 40.4379577636719, 25995827, 1, TriggerDetected, "78c02142 0100 33aa8c01"
25.386650, 24.5103454589844, 25995878, 0, 0, "3015c441 0000 66aa8c01"
25.386700, 22.4694900512695, 25995929, 0, 0, "84c1b341 0000 99aa8c01"
25.386750, 39.8381118774414, 25995981, 1, TriggerDetected, "3a5a1f42 0100 cdaa8c01"
25.386800, 29.6624927520752, 25996032, 0, 0, "c94ced41 0000 00ab8c01"
25.386850, 19.4514942169189, 25996083, 0, 0, "a99c9b41 0000 33ab8c01"
25.386900, 36.8038673400879, 25996134, 1, TriggerDetected, "29371342 0100 66ab8c01"
25.386950, 34.8107452392578, 25996185, 0, 0, "343e0b42 0000 99ab8c01"
25.387000, 18.8598499298096, 25996237, 0, 0, "f9e09641 0000 cdab8c01"
25.387050, 32.0728454589844, 25996288, 1, TriggerDetected, "984a0042 0100 00ac8c01"
25.387100, 38.722412109375, 25996339, 0, 0, "c0e31a42 0000 33ac8c01"
25.387150, 20.8343181610107, 25996390, 0, 0, "afaca641 0000 66ac8c01"
25.387200, 26.7672691345215, 25996441, 0, 0, "5e23d641 0000 99ac8c01"
25.387250, 40.4878311157227, 25996493, 1, TriggerDetected, "8af32142 0100 cdac8c01"
25.387300, 24.9028587341309, 25996544, 0, 0, "0e39c741 0000 00ad8c01"
25.387350, 22.1421966552734, 25996595, 0, 0, "3823b141 0000 33ad8c01"
25.387400, 39.6647872924805, 25996646, 1, TriggerDetected, "bea81e42 0100 66ad8c01"
25.387450, 30.1011581420898, 25996697, 0, 0, "2ccff041 0000 99ad8c01"
25.387500, 19.3045406341553, 25996749, 0, 0, "b36f9a41 0000 cdad8c01"
25.387550, 36.4696617126465, 25996800, 1, TriggerDetected, "efe01142 0100 00ae8c01"
25.387600, 35.1922340393066, 25996851, 0, 0, "d9c40c42 0000 33ae8c01"
25.387650, 18.9261360168457, 25996902, 0, 0, "ba689741 0000 66ae8c01"
25.387700, 31.6373329162598, 25996953, 1, TriggerDetected, "4219fd41 0100 99ae8c01"
25.387750, 38.962703704834, 25997005, 0, 0, "cfd91b42 0000 cdae8c01"
25.387800, 21.1004314422607, 25997056, 0, 0, "afcda841 0000 00af8c01"
25.387850, 26.3420066833496, 25997107, 0, 0, "6ebcd241 0000 33af8c01"
25.387900, 40.518138885498, 25997158, 1, TriggerDetected, "93122242 0100 66af8c01"
25.387950, 25.3036003112793, 25997209, 0, 0, "c66dca41 0000 99af8c01"
25.388000, 21.8360157012939, 25997261, 0, 0, "29b0ae41 0000 cdaf8c01"
25.388050, 39.4948234558105, 25997312, 1, TriggerDetected, "b3fa1d42 0100 00b08c01"
25.388100, 30.5400772094727, 25997363, 0, 0, "1452f441 0000 33b08c01"
25.388150, 19.1755886077881, 25997414, 0, 0, "9b679941 0000 66b08c01"
25.388200, 36.1201171875, 25997465, 1, TriggerDetected, "007b1042 0100 99b08c01"
25.388250, 35.5655899047852, 25997517, 0, 0, "2a430e42 0000 cdb08c01"
25.388300, 19.0141906738281, 25997568, 0, 0, "101d9841 0000 00b18c01"
25.388350, 31.2132530212402, 25997619, 1, TriggerDetected, "beb4f941 0100 33b18c01"
25.388400, 39.180835723877, 25997670, 0, 0, "2db91c42 0000 66b18c01"
25.388450, 21.3770122528076, 25997721, 0, 0, "1f04ab41 0000 99b18c01"
25.388500, 25.9292163848877, 25997773, 0, 0, "096fcf41 0000 cdb18c01"
25.388550, 40.5347709655762, 25997824, 1, TriggerDetected, "9b232242 0100 00b28c01"
25.388600, 25.7114219665527, 25997875, 0, 0, "feb0cd41 0000 33b28c01"
25.388650, 21.5284996032715, 25997926, 0, 0, "5e3aac41 0000 66b28c01"
25.388700, 39.2936248779297, 25997977, 1, TriggerDetected, "ac2c1d42 0100 99b28c01"
25.388750, 30.976541519165, 25998029, 0, 0, "f5cff741 0000 cdb28c01"
25.388800, 19.0653800964355, 25998080, 0, 0, "e6859841 0000 00b38c01"
25.388850, 35.7620697021484, 25998131, 1, TriggerDetected, "5c0c0f42 0100 33b38c01"
25.388900, 35.9286842346191, 25998182, 0, 0, "f9b60f42 0000 66b38c01"
25.388950, 19.1169414520264, 25998233, 0, 0, "7fef9841 0000 99b38c01"
25.389000, 30.7737255096436, 25998285, 1, TriggerDetected, "9730f641 0100 cdb38c01"
25.389050, 39.388313293457, 25998336, 0, 0, "a28d1d42 0000 00b48c01"
25.389100, 21.6704921722412, 25998387, 0, 0, "2b5dad41 0000 33b48c01"
25.389150, 25.5187587738037, 25998438, 0, 0, "6b26cc41 0000 66b48c01"
25.389200, 40.5301666259766, 25998489, 1, TriggerDetected, "e41e2242 0100 99b48c01"
25.389250, 26.1260528564453, 25998541, 0, 0, "2802d141 0000 cdb48c01"
25.389300, 21.2475128173828, 25998592, 0, 0, "e8faa941 0000 00b58c01"
25.389350, 39.0833778381348, 25998643, 1, TriggerDetected, "61551c42 0100 33b58c01"
25.389400, 31.4133033752441, 25998694, 0, 0, "724efb41 0000 66b58c01"
25.389450, 18.9684467315674, 25998745, 0, 0, "61bf9741 0000 99b58c01"
25.389500, 35.3912963867188, 25998797, 1, TriggerDetected, "b0900d42 0100 cdb58c01"
25.389550, 36.2834205627441, 25998848, 0, 0, "39221142 0000 00b68c01"
25.389600, 19.2392597198486, 25998899, 0, 0, "01ea9941 0000 33b68c01"
25.389650, 30.3346462249756, 25998950, 1, TriggerDetected, "5badf241 0100 66b68c01"
25.389700, 39.5757789611816, 25999001, 0, 0, "994d1e42 0000 99b68c01"
25.389750, 21.981481552124, 25999053, 0, 0, "13daaf41 0000 cdb68c01"
25.389800, 25.1179332733154, 25999104, 0, 0, "87f1c841 0000 00b78c01"
25.389850, 40.5071754455566, 25999155, 1, TriggerDetected, "59072242 0100 33b78c01"
25.389900, 26.5449523925781, 25999206, 0, 0, "105cd441 0000 66b78c01"
25.389950, 20.9754524230957, 25999257, 0, 0, "bacda741 0000 99b78c01"
25.390000, 38.8582496643066, 25999309, 1, TriggerDetected, "d96e1b42 0100 cdb78c01"
25.390050, 31.8478469848633, 25999360, 0, 0, "64c8fe41 0000 00b88c01"
25.390100, 18.8964443206787, 25999411, 0, 0, "eb2b9741 0000 33b88c01"
25.390150, 35.0121955871582, 25999462, 1, TriggerDetected, "7d0c0c42 0100 66b88c01"
25.390200, 36.6322479248047, 25999513, 0, 0, "6c871242 0000 99b88c01"
25.390250, 19.3749542236328, 25999565, 0, 0, "e8ff9a41 0000 cdb88c01"
25.390300, 29.8925361633301, 25999616, 0, 0, "ea23ef41 0000 00b98c01"
25.390350, 39.7499542236328, 25999667, 1, TriggerDetected, "f4ff1e42 0100 33b98c01"
25.390400, 22.2988033294678, 25999718, 0, 0, "f363b241 0000 66b98c01"
25.390450, 24.7189254760742, 25999769, 0, 0, "5cc0c541 0000 99b98c01"
25.390500, 40.468448638916, 25999821, 1, TriggerDetected, "b1df2142 0100 cdb98c01"
25.390550, 26.9671859741211, 25999872, 0, 0, "ccbcd741 0000 00ba8c01"
25.390600, 20.7118072509766, 25999923, 0, 0, "c8b1a541 0000 33ba8c01"
25.390650, 38.6119728088379, 25999974, 1, TriggerDetected, "a9721a42 0100 66ba8c01"
25.390700, 32.2768859863281, 26000025, 0, 0, "881b0142 0000 99ba8c01"
25.390750, 18.8312664031982, 26000077, 0, 0, "6fa69641 0000 cdba8c01"
25.390800, 34.6287460327148, 26000128, 1, TriggerDetected, "d6830a42 0100 00bb8c01"
25.390850, 36.9579658508301, 26000179, 0, 0, "f5d41342 0000 33bb8c01"
25.390900, 19.5274505615234, 26000230, 0, 0, "38389c41 0000 66bb8c01"
25.390950, 29.455135345459, 26000281, 0, 0, "1ea4eb41 0000 99bb8c01"
25.391000, 39.9028816223145, 26000333, 1, TriggerDetected, "8d9c1f42 0100 cdbb8c01"
25.391050, 22.6284046173096, 26000384, 0, 0, "f906b541 0000 00bc8c01"
25.391100, 24.3296699523926, 26000435, 0, 0, "2aa3c241 0000 33bc8c01"
25.391150, 40.4053688049316, 26000486, 1, TriggerDetected, "199f2142 0100 66bc8c01"
25.391200, 27.3910579681396, 26000537, 0, 0, "e320db41 0000 99bc8c01"
25.391250, 20.4703941345215, 26000589, 0, 0, "5ec3a341 0000 cdbc8c01"
25.391300, 38.3544311523438, 26000640, 1, TriggerDetected, "f06a1942 0100 00bd8c01"
25.391350, 32.6955833435059, 26000691, 0, 0, "47c80242 0000 33bd8c01"
25.391400, 18.7920684814453, 26000742, 0, 0, "28569641 0000 66bd8c01"
25.391450, 34.2268600463867, 26000793, 1, TriggerDetected, "4ee80842 0100 99bd8c01"
25.391500, 37.2744216918945, 26000845, 0, 0, "02191542 0000 cdbd8c01"
25.391550, 19.6925106048584, 26000896, 0, 0, "438a9d41 0000 00be8c01"
25.391600, 29.0159091949463, 26000947, 0, 0, "9520e841 0000 33be8c01"
25.391650, 40.0401153564453, 26000998, 1, TriggerDetected, "14292042 0100 66be8c01"
25.391700, 22.9682292938232, 26001049, 0, 0, "efbeb741 0000 99be8c01"
25.391750, 23.95241355896, 26001101, 0, 0, "8b9ebf41 0000 cdbe8c01"
25.391800, 40.3369369506836, 26001152, 1, TriggerDetected, "06592142 0100 00bf8c01"
25.391850, 27.8281421661377, 26001203, 0, 0, "09a0de41 0000 33bf8c01"
25.391900, 20.2428359985352, 26001254, 0, 0, "54f1a141 0000 66bf8c01"
25.391950, 38.0840110778809, 26001305, 1, TriggerDetected, "07561842 0100 99bf8c01"
25.392000, 33.1229286193848, 26001357, 0, 0, "e17d0442 0000 cdbf8c01"
25.392050, 18.7650909423828, 26001408, 0, 0, "e81e9641 0000 00c08c01"
25.392100, 33.828182220459, 26001459, 1, TriggerDetected, "0f500742 0100 33c08c01"
25.392150, 37.5874671936035, 26001510, 0, 0, "91591642 0000 66c08c01"
25.392200, 19.8866882324219, 26001561, 0, 0, "f0179f41 0000 99c08c01"
25.392250, 28.5800247192383, 26001613, 0, 0, "e4a3e441 0000 cdc08c01"
25.392300, 40.167839050293, 26001664, 1, TriggerDetected, "deab2042 0100 00c18c01"
25.392350, 23.3233127593994, 26001715, 0, 0, "2596ba41 0000 33c18c01"
25.392400, 23.5800075531006, 26001766, 0, 0, "dba3bc41 0000 66c18c01"
25.392450, 40.244499206543, 26001817, 1, TriggerDetected, "5efa2042 0100 99c18c01"
25.392500, 28.2632312774658, 26001869, 0, 0, "191be241 0000 cdc18c01"
25.392550, 20.0302467346191, 26001920, 0, 0, "f23da041 0000 00c28c01"
25.392600, 37.8056182861328, 26001971, 1, TriggerDetected, "f4381742 0100 33c28c01"
25.392650, 33.533031463623, 26002022, 0, 0, "d3210642 0000 66c28c01"
25.392700, 18.7650489807129, 26002073, 0, 0, "d21e9641 0000 99c28c01"
25.392750, 33.4212379455566, 26002125, 1, TriggerDetected, "59af0542 0100 cdc28c01"
25.392800, 37.8833999633789, 26002176, 0, 0, "9a881742 0000 00c38c01"
25.392850, 20.0873222351074, 26002227, 0, 0, "d6b2a041 0000 33c38c01"
25.392900, 28.1486701965332, 26002278, 0, 0, "7a30e141 0000 66c38c01"
25.392950, 40.2726211547852, 26002329, 1, TriggerDetected, "2a172142 0100 99c38c01"
25.393000, 23.6851596832275, 26002381, 0, 0, "357bbd41 0000 cdc38c01"
25.393050, 23.2226905822754, 26002432, 0, 0, "12c8b941 0000 00c48c01"
25.393100, 40.1387519836426, 26002483, 1, TriggerDetected, "158e2042 0100 33c48c01"
25.393150, 28.701639175415, 26002534, 0, 0, "f59ce541 0000 66c48c01"
25.393200, 19.8330192565918, 26002585, 0, 0, "06aa9e41 0000 99c48c01"
25.393250, 37.506217956543, 26002637, 1, TriggerDetected, "5e061642 0100 cdc48c01"
25.393300, 33.9420051574707, 26002688, 0, 0, "9dc40742 0000 00c58c01"
25.393350, 18.7766761779785, 26002739, 0, 0, "a2369641 0000 33c58c01"
25.393400, 33.007640838623, 26002790, 1, TriggerDetected, "d3070442 0100 66c58c01"
25.393450, 38.1632041931152, 26002841, 0, 0, "1fa71842 0000 99c58c01"
25.393500, 20.3033485412598, 26002893, 0, 0, "426da241 0000 cdc58c01"
25.393550, 27.7070198059082, 26002944, 0, 0, "faa7dd41 0000 00c68c01"
25.393600, 40.3591690063477, 26002995, 1, TriggerDetected, "ca6f2142 0100 33c68c01"
25.393650, 24.0560665130615, 26003046, 0, 0, "d372c041 0000 66c68c01"
25.393700, 22.8717555999756, 26003097, 0, 0, "5bf9b641 0000 99c68c01"
25.393750, 40.0058670043945, 26003149, 1, TriggerDetected, "02062042 0100 cdc68c01"
25.393800, 29.1354351043701, 26003200, 0, 0, "5f15e941 0000 00c78c01"
25.393850, 19.6459121704102, 26003251, 0, 0, "d42a9d41 0000 33c78c01"
25.393900, 37.1921577453613, 26003302, 1, TriggerDetected, "c5c41442 0100 66c78c01"
25.393950, 34.3399353027344, 26003353, 0, 0, "185c0942 0000 99c78c01"
25.394000, 18.803201675415, 26003405, 0, 0, "f56c9641 0000 cdc78c01"
25.394050, 32.5816917419434, 26003456, 1, TriggerDetected, "a7530242 0100 00c88c01"
25.394100, 38.425895690918, 26003507, 0, 0, "1eb41942 0000 33c88c01"
25.394150, 20.5346202850342, 26003558, 0, 0, "e746a441 0000 66c88c01"
25.394200, 27.2747116088867, 26003609, 0, 0, "9c32da41 0000 99c88c01"
25.394250, 40.4278945922852, 26003661, 1, TriggerDetected, "2ab62142 0100 cdc88c01"
25.394300, 24.4360122680664, 26003712, 0, 0, "f47cc341 0000 00c98c01"
25.394350, 22.534029006958, 26003763, 0, 0, "b145b441 0000 33c98c01"
25.394400, 39.8645095825195, 26003814, 1, TriggerDetected, "42751f42 0100 66c98c01"
25.394450, 29.5800247192383, 26003865, 0, 0, "e4a3ec41 0000 99c98c01"
25.394500, 19.4817447662354, 26003917, 0, 0, "9dda9b41 0000 cdc98c01"
25.394550, 36.8671989440918, 26003968, 1, TriggerDetected, "03781342 0100 00ca8c01"
25.394600, 34.7288131713867, 26004019, 0, 0, "4eea0a42 0000 33ca8c01"
25.394650, 18.8478736877441, 26004070, 0, 0, "72c89641 0000 66ca8c01"
25.394700, 32.1546669006348, 26004121, 1, TriggerDetected, "619e0042 0100 99ca8c01"
25.394750, 38.6799240112305, 26004173, 0, 0, "3eb81a42 0000 cdca8c01"
25.394800, 20.7851085662842, 26004224, 0, 0, "e747a641 0000 00cb8c01"
25.394850, 26.8501300811768, 26004275, 0, 0, "11cdd641 0000 33cb8c01"
25.394900, 40.4795722961426, 26004326, 1, TriggerDetected, "15eb2142 0100 66cb8c01"
25.394950, 24.829610824585, 26004377, 0, 0, "0ba3c641 0000 99cb8c01"
25.395000, 22.2107448577881, 26004429, 0, 0, "9bafb141 0000 cdcb8c01"
25.395050, 39.7107963562012, 26004480, 1, TriggerDetected, "dbd71e42 0100 00cc8c01"
25.395100, 30.0193653106689, 26004531, 0, 0, "a927f041 0000 33cc8c01"
25.395150, 19.3360977172852, 26004582, 0, 0, "54b09a41 0000 66cc8c01"
25.395200, 36.5361213684082, 26004633, 1, TriggerDetected, "fd241242 0100 99cc8c01"
25.395250, 35.1235313415527, 26004685, 0, 0, "7f7e0c42 0000 cdcc8c01"
25.395300, 18.9154205322266, 26004736, 0, 0, "c8529741 0000 00cd8c01"
25.395350, 31.7268810272217, 26004787, 1, TriggerDetected, "a7d0fd41 0100 33cd8c01"
25.395400, 38.9214286804199, 26004838, 0, 0, "8baf1b42 0000 66cd8c01"
25.395450, 21.0489234924316, 26004889, 0, 0, "3264a841 0000 99cd8c01"
25.395500, 26.4261608123779, 26004941, 0, 0, "c768d341 0000 cdcd8c01"
25.395550, 40.5187530517578, 26004992, 1, TriggerDetected, "34132242 0100 00ce8c01"
25.395600, 25.2318630218506, 26005043, 0, 0, "dbdac941 0000 33ce8c01"
25.395650, 21.889533996582, 26005094, 0, 0, "c41daf41 0000 66ce8c01"
25.395700, 39.5222244262695, 26005145, 1, TriggerDetected, "c2161e42 0100 99ce8c01"
25.395750, 30.4540157318115, 26005197, 0, 0, "d3a1f341 0000 cdce8c01"
25.395800, 19.194221496582, 26005248, 0, 0, "c48d9941 0000 00cf8c01"
25.395850, 36.1842384338379, 26005299, 1, TriggerDetected, "a9bc1042 0100 33cf8c01"
25.395900, 35.4885559082031, 26005350, 0, 0, "48f40d42 0000 66cf8c01"
25.395950, 18.9943199157715, 26005401, 0, 0, "5ef49741 0000 99cf8c01"
25.396000, 31.2893466949463, 26005453, 1, TriggerDetected, "9550fa41 0100 cdcf8c01"
25.396050, 39.1417427062988, 26005504, 0, 0, "25911c42 0000 00d08c01"
25.396100, 21.3216094970703, 26005555, 0, 0, "a892aa41 0000 33d08c01"
25.396150, 26.0050449371338, 26005606, 0, 0, "550ad041 0000 66d08c01"
25.396200, 40.5283317565918, 26005657, 1, TriggerDetected, "031d2242 0100 99d08c01"
25.396250, 25.6294498443604, 26005709, 0, 0, "1d09cd41 0000 cdd08c01"
25.396300, 21.5875072479248, 26005760, 0, 0, "37b3ac41 0000 00d18c01"
25.396350, 39.3331413269043, 26005811, 1, TriggerDetected, "23551d42 0100 33d18c01"
25.396400, 30.8937168121338, 26005862, 0, 0, "5526f741 0000 66d18c01"
25.396450, 19.0825214385986, 26005913, 0, 0, "01a99841 0000 99d18c01"
25.396500, 35.8297882080078, 26005965, 1, TriggerDetected, "b4510f42 0100 cdd18c01"
25.396550, 35.8647193908691, 26006016, 0, 0, "79750f42 0000 00d28c01"
25.396600, 19.0972061157227, 26006067, 0, 0, "14c79841 0000 33d28c01"
25.396650, 30.859188079834, 26006118, 1, TriggerDetected, "9edff641 0100 66d28c01"
25.396700, 39.3446502685547, 26006169, 0, 0, "ec601d42 0000 99d28c01"
25.396750, 21.6144695281982, 26006221, 0, 0, "6feaac41 0000 cdd28c01"
25.396800, 25.5990867614746, 26006272, 0, 0, "eecacc41 0000 00d38c01"
25.396850, 40.5327949523926, 26006323, 1, TriggerDetected, "95212242 0100 33d38c01"
25.396900, 26.0441150665283, 26006374, 0, 0, "595ad041 0000 66d38c01"
25.396950, 21.2994594573975, 26006425, 0, 0, "4b65aa41 0000 99d38c01"
25.397000, 39.1228294372559, 26006477, 1, TriggerDetected, "c77d1c42 0100 cdd38c01"
25.397050, 31.3311176300049, 26006528, 0, 0, "21a6fa41 0000 00d48c01"
25.397100, 18.9918117523193, 26006579, 0, 0, "3bef9741 0000 33d48c01"
25.397150, 35.4639205932617, 26006630, 1, TriggerDetected, "0edb0d42 0100 66d48c01"
25.397200, 36.2213516235352, 26006681, 0, 0, "aae21042 0000 99d48c01"
25.397250, 19.2147464752197, 26006733, 0, 0, "cdb79941 0000 cdd48c01"
25.397300, 30.41748046875, 26006784, 1, TriggerDetected, "0057f341 0100 00d58c01"
25.397350, 39.5400276184082, 26006835, 0, 0, "fd281e42 0000 33d58c01"
25.397400, 21.9190616607666, 26006886, 0, 0, "3d5aaf41 0000 66d58c01"
25.397450, 25.1947326660156, 26006937, 0, 0, "d08ec941 0000 99d58c01"
25.397500, 40.5142440795898, 26006989, 1, TriggerDetected, "960e2242 0100 cdd58c01"
25.397550, 26.4618625640869, 26007040, 0, 0, "e5b1d341 0000 00d68c01"
25.397600, 21.024377822876, 26007091, 0, 0, "ed31a841 0000 33d68c01"
25.397650, 38.9033622741699, 26007142, 1, TriggerDetected, "0b9d1b42 0100 66d68c01"
25.397700, 31.7665519714355, 26007193, 0, 0, "e621fe41 0000 99d68c01"
25.397750, 18.9089260101318, 26007245, 0, 0, "7b459741 0000 cdd68c01"
25.397800, 35.0878486633301, 26007296, 1, TriggerDetected, "f5590c42 0100 00d78c01"
25.397850, 36.5623588562012, 26007347, 0, 0, "db3f1242 0000 33d78c01"
25.397900, 19.3463230133057, 26007398, 0, 0, "45c59a41 0000 66d78c01"
25.397950, 29.9827518463135, 26007449, 0, 0, "addcef41 0000 99d78c01"
25.398000, 39.7184944152832, 26007501, 1, TriggerDetected, "bddf1e42 0100 cdd78c01"
25.398050, 22.2350769042969, 26007552, 0, 0, "70e1b141 0000 00d88c01"
25.398100, 24.7965431213379, 26007603, 0, 0, "525fc641 0000 33d88c01"
25.398150, 40.476505279541, 26007654, 1, TriggerDetected, "f1e72142 0100 66d88c01"
25.398200, 26.8844184875488, 26007705, 0, 0, "4a13d741 0000 99d88c01"
25.398250, 20.7640247344971, 26007757, 0, 0, "b91ca641 0000 cdd88c01"
25.398300, 38.6610870361328, 26007808, 1, TriggerDetected, "f4a41a42 0100 00d98c01"
25.398350, 32.1936340332031, 26007859, 0, 0, "48c60042 0000 33d98c01"
25.398400, 18.8432807922363, 26007910, 0, 0, "0abf9641 0000 66d98c01"
25.398450, 34.7022666931152, 26007961, 1, TriggerDetected, "1fcf0a42 0100 99d98c01"
25.398500, 36.8935470581055, 26008013, 0, 0, "fe921342 0000 cdd98c01"
25.398550, 19.4951667785645, 26008064, 0, 0, "1af69b41 0000 00da8c01"
25.398600, 29.5412883758545, 26008115, 0, 0, "8f54ec41 0000 33da8c01"
25.398650, 39.8743133544922, 26008166, 1, TriggerDetected, "4c7f1f42 0100 66da8c01"
25.398700, 22.5592479705811, 26008217, 0, 0, "5779b441 0000 99da8c01"
25.398750, 24.4065170288086, 26008269, 0, 0, "8c40c341 0000 cdda8c01"
25.398800, 40.4239273071289, 26008320, 1, TriggerDetected, "1ab22142 0100 00db8c01"
25.398850, 27.3122367858887, 26008371, 0, 0, "767fda41 0000 33db8c01"
25.398900, 20.5131282806396, 26008422, 0, 0, "e31aa441 0000 66db8c01"
25.398950, 38.4059028625488, 26008473, 1, TriggerDetected, "a59f1942 0100 99db8c01"
25.399000, 32.6202430725098, 26008525, 0, 0, "217b0242 0000 cddb8c01"
25.399050, 18.8018531799316, 26008576, 0, 0, "326a9641 0000 00dc8c01"
25.399100, 34.3106651306152, 26008627, 1, TriggerDetected, "1f3e0942 0100 33dc8c01"
25.399150, 37.2166366577148, 26008678, 0, 0, "d6dd1442 0000 66dc8c01"
25.399200, 19.6629638671875, 26008729, 0, 0, "c04d9d41 0000 99dc8c01"
25.399250, 29.1049270629883, 26008781, 0, 0, "e4d6e841 0000 cddc8c01"
25.399300, 40.0247383117676, 26008832, 1, TriggerDetected, "55192042 0100 00dd8c01"
25.399350, 22.9031143188477, 26008883, 0, 0, "9439b741 0000 33dd8c01"
25.399400, 24.0236015319824, 26008934, 0, 0, "5630c041 0000 66dd8c01"
25.399450, 40.3496246337891, 26008985, 1, TriggerDetected, "04662142 0100 99dd8c01"
25.399500, 27.7464199066162, 26009037, 0, 0, "abf8dd41 0000 cddd8c01"
25.399550, 20.2812728881836, 26009088, 0, 0, "0c40a241 0000 00de8c01"
25.399600, 38.1387023925781, 26009139, 1, TriggerDetected, "088e1842 0100 33de8c01"
25.399650, 33.0366249084473, 26009190, 0, 0, "81250442 0000 66de8c01"
25.399700, 18.7719268798828, 26009241, 0, 0, "e82c9641 0000 99de8c01"
25.399750, 33.9050559997559, 26009293, 1, TriggerDetected, "c79e0742 0100 cdde8c01"
25.399800, 37.5294952392578, 26009344, 0, 0, "341e1642 0000 00df8c01"
25.399850, 19.8468246459961, 26009395, 0, 0, "4cc69e41 0000 33df8c01"
25.399900, 28.6610126495361, 26009446, 0, 0, "c149e541 0000 66df8c01"
25.399950, 40.1417655944824, 26009497, 1, TriggerDetected, "2b912042 0100 99df8c01"
25.400000, 23.2515335083008, 26009549, 0, 0, "2403ba41 0000 cddf8c01"
25.400050, 23.6532669067383, 26009600, 0, 0, "e439bd41 0000 00e08c01"
25.400100, 40.2660865783691, 26009651, 1, TriggerDetected, "79102142 0100 33e08c01"
25.400150, 28.1780967712402, 26009702, 0, 0, "be6ce141 0000 66e08c01"
25.400200, 20.0694847106934, 26009753, 0, 0, "4e8ea041 0000 99e08c01"
25.400250, 37.8559379577637, 26009805, 1, TriggerDetected, "7b6c1742 0100 cde08c01"
25.400300, 33.4541397094727, 26009856, 0, 0, "0ad10542 0000 00e18c01"
25.400350, 18.7595043182373, 26009907, 0, 0, "77139641 0000 33e18c01"
25.400400, 33.4976234436035, 26009958, 1, TriggerDetected, "91fd0542 0100 66e18c01"
25.400450, 37.8250961303711, 26010009, 0, 0, "e64c1742 0000 99e18c01"
25.400500, 20.0445537567139, 26010061, 0, 0, "3f5ba041 0000 cde18c01"
25.400550, 28.2205047607422, 26010112, 0, 0, "98c3e141 0000 00e28c01"
25.400600, 40.2515106201172, 26010163, 1, TriggerDetected, "8c012142 0100 33e28c01"
25.400650, 23.6124305725098, 26010214, 0, 0, "42e6bc41 0000 66e28c01"
25.400700, 23.2886257171631, 26010265, 0, 0, "1b4fba41 0000 99e28c01"
25.400750, 40.1546249389648, 26010317, 1, TriggerDetected, "569e2042 0100 cde28c01"
25.400800, 28.6145534515381, 26010368, 0, 0, "9beae441 0000 00e38c01"
25.400850, 19.868444442749, 26010419, 0, 0, "93f29e41 0000 33e38c01"
25.400900, 37.5666046142578, 26010470, 1, TriggerDetected, "34441642 0100 66e38c01"
25.400950, 33.8629760742188, 26010521, 0, 0, "b0730742 0000 99e38c01"
25.401000, 18.7695198059082, 26010573, 0, 0, "fa279641 0000 cde38c01"
25.401050, 33.0812911987305, 26010624, 1, TriggerDetected, "3e530442 0100 00e48c01"
25.401100, 38.1075057983398, 26010675, 0, 0, "166e1842 0000 33e48c01"
25.401150, 20.2610912322998, 26010726, 0, 0, "b716a241 0000 66e48c01"
25.401200, 27.79221534729, 26010777, 0, 0, "7556de41 0000 99e48c01"
25.401250, 40.3415946960449, 26010829, 1, TriggerDetected, "cb5d2142 0100 cde48c01"
25.401300, 23.9817943572998, 26010880, 0, 0, "b7dabf41 0000 00e58c01"
25.401350, 22.9373474121094, 26010931, 0, 0, "b07fb741 0000 33e58c01"
25.401400, 40.0367202758789, 26010982, 1, TriggerDetected, "9a252042 0100 66e58c01"
25.401450, 29.0558624267578, 26011033, 0, 0, "6872e841 0000 99e58c01"
25.401500, 19.6784381866455, 26011085, 0, 0, "716d9d41 0000 cde58c01"
25.401550, 37.2560157775879, 26011136, 1, TriggerDetected, "29061542 0100 00e68c01"
25.401600, 34.2645072937012, 26011187, 0, 0, "db0e0942 0000 33e68c01"
25.401650, 18.7970390319824, 26011238, 0, 0, "56609641 0000 66e68c01"
25.401700, 32.6674156188965, 26011289, 1, TriggerDetected, "6fab0242 0100 99e68c01"
25.401750, 38.3768081665039, 26011341, 0, 0, "da811942 0000 cde68c01"
25.401800, 20.4889850616455, 26011392, 0, 0, "71e9a341 0000 00e78c01"
25.401850, 27.3579025268555, 26011443, 0, 0, "fcdcda41 0000 33e78c01"
25.401900, 40.4172439575195, 26011494, 1, TriggerDetected, "42ab2142 0100 66e78c01"
25.401950, 24.3653526306152, 26011545, 0, 0, "3eecc241 0000 99e78c01"
25.402000, 22.5937232971191, 26011597, 0, 0, "f2bfb441 0000 cde78c01"
25.402050, 39.8913993835449, 26011648, 1, TriggerDetected, "cb901f42 0100 00e88c01"
25.402100, 29.4903507232666, 26011699, 0, 0, "3deceb41 0000 33e88c01"
25.402150, 19.5117301940918, 26011750, 0, 0, "06189c41 0000 66e88c01"
25.402200, 36.9366302490234, 26011801, 1, TriggerDetected, "1cbf1342 0100 99e88c01"
25.402250, 34.6596260070801, 26011853, 0, 0, "75a30a42 0000 cde88c01"
25.402300, 18.8369426727295, 26011904, 0, 0, "0fb29641 0000 00e98c01"
25.402350, 32.2412261962891, 26011955, 1, TriggerDetected, "04f70042 0100 33e98c01"
25.402400, 38.6316757202148, 26012006, 0, 0, "d6861a42 0000 66e98c01"
25.402450, 20.7348880767822, 26012057, 0, 0, "0de1a541 0000 99e98c01"
25.402500, 26.9330253601074, 26012109, 0, 0, "d676d741 0000 cde98c01"
25.402550, 40.4716300964355, 26012160, 1, TriggerDetected, "f3e22142 0100 00ea8c01"
25.402600, 24.75465965271, 26012211, 0, 0, "8b09c641 0000 33ea8c01"
25.402650, 22.272274017334, 26012262, 0, 0, "9e2db241 0000 66ea8c01"
25.402700, 39.7388458251953, 26012313, 1, TriggerDetected, "94f41e42 0100 99ea8c01"
25.402750, 29.9375019073486, 26012365, 0, 0, "0180ef41 0000 cdea8c01"
25.402800, 19.3623332977295, 26012416, 0, 0, "0fe69a41 0000 00eb8c01"
25.402850, 36.6043510437012, 26012467, 1, TriggerDetected, "db6a1242 0100 33eb8c01"
25.402900, 35.0433502197266, 26012518, 0, 0, "642c0c42 0000 66eb8c01"
25.402950, 18.9071292877197, 26012569, 0, 0, "cd419741 0000 99eb8c01"
25.403000, 31.8150577545166, 26012621, 1, TriggerDetected, "3d85fe41 0100 cdeb8c01"
25.403050, 38.8779678344727, 26012672, 0, 0, "0a831b42 0000 00ec8c01"
25.403100, 20.9979686737061, 26012723, 0, 0, "d7fba741 0000 33ec8c01"
25.403150, 26.5084781646729, 26012774, 0, 0, "5d11d441 0000 66ec8c01"
25.403200, 40.5080871582031, 26012825, 1, TriggerDetected, "48082242 0100 99ec8c01"
25.403250, 25.1525402069092, 26012877, 0, 0, "6738c941 0000 cdec8c01"
25.403300, 21.9513835906982, 26012928, 0, 0, "6f9caf41 0000 00ed8c01"
25.403350, 39.5632438659668, 26012979, 1, TriggerDetected, "c3401e42 0100 33ed8c01"
25.403400, 30.3706359863281, 26013030, 0, 0, "10f7f241 0000 66ed8c01"
25.403450, 19.2239189147949, 26013081, 0, 0, "96ca9941 0000 99ed8c01"
25.403500, 36.2545509338379, 26013133, 1, TriggerDetected, "a9041142 0100 cded8c01"
25.403550, 35.4223136901855, 26013184, 0, 0, "73b00d42 0000 00ee8c01"
25.403600, 18.980297088623, 26013235, 0, 0, "a6d79741 0000 33ee8c01"
25.403650, 31.381175994873, 26013286, 1, TriggerDetected, "a60cfb41 0100 66ee8c01"
25.403700, 39.0968246459961, 26013337, 0, 0, "26631c42 0000 99ee8c01"
25.403750, 21.2688255310059, 26013389, 0, 0, "8e26aa41 0000 cdee8c01"
25.403800, 26.0923538208008, 26013440, 0, 0, "24bdd041 0000 00ef8c01"
25.403850, 40.5302085876465, 26013491, 1, TriggerDetected, "ef1e2242 0100 33ef8c01"
25.403900, 25.5530662536621, 26013542, 0, 0, "ae6ccc41 0000 66ef8c01"
25.403950, 21.6456413269043, 26013593, 0, 0, "462aad41 0000 99ef8c01"
25.404000, 39.3680114746094, 26013645, 1, TriggerDetected, "d8781d42 0100 cdef8c01"
25.404050, 30.8141708374023, 26013696, 0, 0, "6c83f641 0000 00f08c01"
25.404100, 19.1049213409424, 26013747, 0, 0, "e1d69841 0000 33f08c01"
25.404150, 35.8983612060547, 26013798, 1, TriggerDetected, "ec970f42 0100 66f08c01"
25.404200, 35.7865257263184, 26013849, 0, 0, "67250f42 0000 99f08c01"
25.404250, 19.0729141235352, 26013901, 0, 0, "54959841 0000 cdf08c01"
25.404300, 30.9415702819824, 26013952, 1, TriggerDetected, "5688f741 0100 00f18c01"
25.404350, 39.3123512268066, 26014003, 0, 0, "d93f1d42 0000 33f18c01"
25.404400, 21.5553531646729, 26014054, 0, 0, "5d71ac41 0000 66f18c01"
25.404450, 25.6755256652832, 26014105, 0, 0, "7a67cd41 0000 99f18c01"
25.404500, 40.5302505493164, 26014157, 1, TriggerDetected, "fa1e2242 0100 cdf18c01"
25.404550, 25.9636554718018, 26014208, 0, 0, "91b5cf41 0000 00f28c01"
25.404600, 21.3546695709229, 26014259, 0, 0, "5dd6aa41 0000 33f28c01"
25.404650, 39.1671180725098, 26014310, 1, TriggerDetected, "21ab1c42 0100 66f28c01"
25.404700, 31.2428092956543, 26014361, 0, 0, "46f1f941 0000 99f28c01"
25.404750, 19.0028991699219, 26014413, 0, 0, "f0059841 0000 cdf28c01"
25.404800, 35.5322532653809, 26014464, 1, TriggerDetected, "07210e42 0100 00f38c01"
25.404850, 36.1452560424805, 26014515, 0, 0, "be941042 0000 33f38c01"
25.404900, 19.1834316253662, 26014566, 0, 0, "ab779941 0000 66f38c01"
25.404950, 30.501293182373, 26014617, 1, TriggerDetected, "a602f441 0100 99f38c01"
25.405000, 39.5020713806152, 26014669, 0, 0, "1f021e42 0000 cdf38c01"
25.405050, 21.85475730896, 26014720, 0, 0, "8bd6ae41 0000 00f48c01"
25.405100, 25.2640514373779, 26014771, 0, 0, "c71cca41 0000 33f48c01"
25.405150, 40.518856048584, 26014822, 1, TriggerDetected, "4f132242 0100 66f48c01"
25.405200, 26.3808498382568, 26014873, 0, 0, "fb0bd341 0000 99f48c01"
25.405250, 21.0748691558838, 26014925, 0, 0, "5599a841 0000 cdf48c01"
25.405300, 38.9428024291992, 26014976, 1, TriggerDetected, "6ec51b42 0100 00f58c01"
25.405350, 31.6779136657715, 26015027, 0, 0, "5e6cfd41 0000 33f58c01"
25.405400, 18.919864654541, 26015078, 0, 0, "e25b9741 0000 66f58c01"
25.405450, 35.1611595153809, 26015129, 1, TriggerDetected, "07a50c42 0100 99f58c01"
25.405500, 36.4979209899902, 26015181, 0, 0, "dffd1142 0000 cdf58c01"
25.405550, 19.3159103393555, 26015232, 0, 0, "fc869a41 0000 00f68c01"
25.405600, 30.0603637695313, 26015283, 1, TriggerDetected, "a07bf041 0100 33f68c01"
25.405650, 39.6799812316895, 26015334, 0, 0, "4db81e42 0000 66f68c01"
25.405700, 22.1706466674805, 26015385, 0, 0, "7c5db141 0000 99f68c01"
25.405750, 24.8732643127441, 26015437, 0, 0, "72fcc641 0000 cdf68c01"
25.405800, 40.4854621887207, 26015488, 1, TriggerDetected, "1df12142 0100 00f78c01"
25.405850, 26.8007259368896, 26015539, 0, 0, "e367d641 0000 33f78c01"
25.405900, 20.810791015625, 26015590, 0, 0, "807ca641 0000 66f78c01"
25.405950, 38.7101135253906, 26015641, 1, TriggerDetected, "28d71a42 0100 99f78c01"
25.406000, 32.1069297790527, 26015693, 0, 0, "7f6d0042 0000 cdf78c01"
25.406050, 18.850040435791, 26015744, 0, 0, "e2cc9641 0000 00f88c01"
25.406100, 34.7741661071777, 26015795, 1, TriggerDetected, "bf180b42 0100 33f88c01"
25.406150, 36.8293952941895, 26015846, 0, 0, "4d511342 0000 66f88c01"
25.406200, 19.4622631072998, 26015897, 0, 0, "b7b29b41 0000 99f88c01"
25.406250, 29.6233348846436, 26015949, 0, 0, "97fcec41 0000 cdf88c01"
25.406300, 39.8428802490234, 26016000, 1, TriggerDetected, "1c5f1f42 0100 00f98c01"
25.406350, 22.4955577850342, 26016051, 0, 0, "e7f6b341 0000 33f98c01"
25.406400, 24.4757804870605, 26016102, 0, 0, "66cec341 0000 66f98c01"
25.406450, 40.4336357116699, 26016153, 1, TriggerDetected, "0bbc2142 0100 99f98c01"
25.406500, 27.231315612793, 26016205, 0, 0, "bcd9d941 0000 cdf98c01"
25.406550, 20.5593795776367, 26016256, 0, 0, "9c79a441 0000 00fa8c01"
25.406600, 38.4540977478027, 26016307, 1, TriggerDetected, "ffd01942 0100 33fa8c01"
25.406650, 32.5317840576172, 26016358, 0, 0, "8c200242 0000 66fa8c01"
25.406700, 18.8046169281006, 26016409, 0, 0, "db6f9641 0000 99fa8c01"
25.406750, 34.3796081542969, 26016461, 1, TriggerDetected, "b8840942 0100 cdfa8c01"
25.406800, 37.1516532897949, 26016512, 0, 0, "4b9b1442 0000 00fb8c01"
25.406850, 19.6273441314697, 26016563, 0, 0, "cd049d41 0000 33fb8c01"
25.406900, 29.1807384490967, 26016614, 0, 0, "2772e941 0000 66fb8c01"
25.406950, 39.9869384765625, 26016665, 1, TriggerDetected, "a0f21f42 0100 99fb8c01"
25.407000, 22.8356246948242, 26016717, 0, 0, "5cafb641 0000 cdfb8c01"
25.407050, 24.0934448242188, 26016768, 0, 0, "60bfc041 0000 00fc8c01"
25.407100, 40.3666763305664, 26016819, 1, TriggerDetected, "7a772142 0100 33fc8c01"
25.407150, 27.6586112976074, 26016870, 0, 0, "d644dd41 0000 66fc8c01"
25.407200, 20.3282070159912, 26016921, 0, 0, "2ba0a241 0000 99fc8c01"
25.407250, 38.1908264160156, 26016973, 1, TriggerDetected, "68c31842 0100 cdfc8c01"
25.407300, 32.9567031860352, 26017024, 0, 0, "aad30342 0000 00fd8c01"
25.407350, 18.772855758667, 26017075, 0, 0, "cf2e9641 0000 33fd8c01"
25.407400, 33.9818115234375, 26017126, 1, TriggerDetected, "60ed0742 0100 66fd8c01"
25.407450, 37.4619064331055, 26017177, 0, 0, "fed81542 0000 99fd8c01"
25.407500, 19.8101768493652, 26017229, 0, 0, "3e7b9e41 0000 cdfd8c01"
25.407550, 28.7483882904053, 26017280, 0, 0, "b3fce541 0000 00fe8c01"
25.407600, 40.1190452575684, 26017331, 1, TriggerDetected, "e7792042 0100 33fe8c01"
25.407650, 23.1776580810547, 26017382, 0, 0, "d86bb941 0000 66fe8c01"
25.407700, 23.7206478118896, 26017433, 0, 0, "e3c3bd41 0000 99fe8c01"
25.407750, 40.2724380493164, 26017485, 1, TriggerDetected, "fa162142 0100 cdfe8c01"
25.407800, 28.0886039733887, 26017536, 0, 0, "76b5e041 0000 00ff8c01"
25.407850, 20.1011848449707, 26017587, 0, 0, "3acfa041 0000 33ff8c01"
25.407900, 37.9077529907227, 26017638, 1, TriggerDetected, "8aa11742 0100 66ff8c01"
25.407950, 33.370979309082, 26017689, 0, 0, "e27b0542 0000 99ff8c01"
25.408000, 18.7557678222656, 26017741, 0, 0, "d00b9641 0000 cdff8c01"
25.408050, 33.5722579956055, 26017792, 1, TriggerDetected, "fe490642 0100 00008d01"
25.408100, 37.7650108337402, 26017843, 0, 0, "5f0f1742 0000 33008d01"
25.408150, 19.9996719360352, 26017894, 0, 0, "54ff9f41 0000 66008d01"
25.408200, 28.308910369873, 26017945, 0, 0, "a678e241 0000 99008d01"
25.408250, 40.2260208129883, 26017997, 1, TriggerDetected, "72e72042 0100 cd008d01"
25.408300, 23.5392971038818, 26018048, 0, 0, "7b50bc41 0000 00018d01"
25.408350, 23.3527374267578, 26018099, 0, 0, "68d2ba41 0000 33018d01"
25.408400, 40.1773376464844, 26018150, 1, TriggerDetected, "98b52042 0100 66018d01"
25.408450, 28.5284080505371, 26018201, 0, 0, "2e3ae441 0000 99018d01"
25.408500, 19.8995742797852, 26018253, 0, 0, "54329f41 0000 cd018d01"
25.408550, 37.6183052062988, 26018304, 1, TriggerDetected, "25791642 0100 00028d01"
25.408600, 33.7809906005859, 26018355, 0, 0, "bc1f0742 0000 33028d01"
25.408650, 18.7635440826416, 26018406, 0, 0, "bd1b9641 0000 66028d01"
25.408700, 33.1625785827637, 26018457, 1, TriggerDetected, "7ba60442 0100 99028d01"
25.408750, 38.0502738952637, 26018509, 0, 0, "7b331842 0000 cd028d01"
25.408800, 20.2112197875977, 26018560, 0, 0, "94b0a141 0000 00038d01"
25.408850, 27.8704967498779, 26018611, 0, 0, "c7f6de41 0000 33038d01"
25.408900, 40.3253974914551, 26018662, 1, TriggerDetected, "354d2142 0100 66038d01"
25.408950, 23.9094486236572, 26018713, 0, 0, "8d46bf41 0000 99038d01"
25.409000, 23.0032577514648, 26018765, 0, 0, "ac06b841 0000 cd038d01"
25.409050, 40.0516090393066, 26018816, 1, TriggerDetected, "d9342042 0100 00048d01"
25.409100, 28.9695816040039, 26018867, 0, 0, "b4c1e741 0000 33048d01"
25.409150, 19.7162971496582, 26018918, 0, 0, "faba9d41 0000 66048d01"
25.409200, 37.3123321533203, 26018969, 1, TriggerDetected, "d43f1542 0100 99048d01"
25.409250, 34.1841201782227, 26019021, 0, 0, "8abc0842 0000 cd048d01"
25.409300, 18.7892189025879, 26019072, 0, 0, "52509641 0000 00058d01"
25.409350, 32.7443428039551, 26019123, 1, TriggerDetected, "35fa0242 0100 33058d01"
25.409400, 38.3272705078125, 26019174, 0, 0, "204f1942 0000 66058d01"
25.409450, 20.447998046875, 26019225, 0, 0, "8095a341 0000 99058d01"
25.409500, 27.4385833740234, 26019277, 0, 0, "3882db41 0000 cd058d01"
25.409550, 40.4010009765625, 26019328, 1, TriggerDetected, "a09a2142 0100 00068d01"
25.409600, 24.2946929931641, 26019379, 0, 0, "885bc241 0000 33068d01"
25.409650, 22.659496307373, 26019430, 0, 0, "a646b541 0000 66068d01"
25.409700, 39.9233131408691, 26019481, 1, TriggerDetected, "79b11f42 0100 99068d01"
25.409750, 29.4044857025146, 26019533, 0, 0, "633ceb41 0000 cd068d01"
25.409800, 19.5413970947266, 26019584, 0, 0, "c8549c41 0000 00078d01"
25.409850, 36.9921226501465, 26019635, 1, TriggerDetected, "eff71342 0100 33078d01"
25.409900, 34.5854415893555, 26019686, 0, 0, "7e570a42 0000 66078d01"
25.409950, 18.8282947540283, 26019737, 0, 0, "59a09641 0000 99078d01"
25.410000, 32.3193321228027, 26019789, 1, TriggerDetected, "ff460142 0100 cd078d01"
25.410050, 38.5848770141602, 26019840, 0, 0, "ea561a42 0000 00088d01"
25.410100, 20.6888084411621, 26019891, 0, 0, "ae82a541 0000 33088d01"
25.410150, 27.0123348236084, 26019942, 0, 0, "4319d841 0000 66088d01"
25.410200, 40.4633598327637, 26019993, 1, TriggerDetected, "7bda2142 0100 99088d01"
25.410250, 24.6777153015137, 26020045, 0, 0, "f66bc541 0000 cd088d01"
25.410300, 22.3310832977295, 26020096, 0, 0, "0fa6b241 0000 00098d01"
25.410350, 39.7668838500977, 26020147, 1, TriggerDetected, "4a111f42 0100 33098d01"
25.410400, 29.8506774902344, 26020198, 0, 0, "30ceee41 0000 66098d01"
25.410450, 19.387996673584, 26020249, 0, 0, "9e1a9b41 0000 99098d01"
25.410500, 36.6707534790039, 26020301, 1, TriggerDetected, "daae1242 0100 cd098d01"
25.410550, 34.9740562438965, 26020352, 0, 0, "6fe50b42 0000 000a8d01"
25.410600, 18.8877429962158, 26020403, 0, 0, "191a9741 0000 330a8d01"
25.410650, 31.8913269042969, 26020454, 1, TriggerDetected, "7021ff41 0100 660a8d01"
25.410700, 38.8272552490234, 26020505, 0, 0, "1c4f1b42 0000 990a8d01"
25.410750, 20.9421920776367, 26020557, 0, 0, "9c89a741 0000 cd0a8d01"
25.410800, 26.5862312316895, 26020608, 0, 0, "9ab0d441 0000 000b8d01"
25.410850, 40.5049591064453, 26020659, 1, TriggerDetected, "14052242 0100 330b8d01"
25.410900, 25.0725879669189, 26020710, 0, 0, "a994c841 0000 660b8d01"
25.410950, 22.0088920593262, 26020761, 0, 0, "3612b041 0000 990b8d01"
25.411000, 39.5962295532227, 26020813, 1, TriggerDetected, "8a621e42 0100 cd0b8d01"
25.411050, 30.2881450653076, 26020864, 0, 0, "1f4ef241 0000 000c8d01"
25.411100, 19.2507820129395, 26020915, 0, 0, "9a019a41 0000 330c8d01"
25.411150, 36.3235397338867, 26020966, 1, TriggerDetected, "4e4b1142 0100 660c8d01"
25.411200, 35.3543701171875, 26021017, 0, 0, "e06a0d42 0000 990c8d01"
25.411250, 18.9652442932129, 26021069, 0, 0, "d2b89741 0000 cd0c8d01"
25.411300, 31.4605045318604, 26021120, 1, TriggerDetected, "1daffb41 0100 000d8d01"
25.411350, 39.0635643005371, 26021171, 0, 0, "17411c42 0000 330d8d01"
25.411400, 21.2166004180908, 26021222, 0, 0, "99bba941 0000 660d8d01"
25.411450, 26.1688823699951, 26021273, 0, 0, "df59d141 0000 990d8d01"
25.411500, 40.5256767272949, 26021325, 1, TriggerDetected, "4b1a2242 0100 cd0d8d01"
25.411550, 25.4761829376221, 26021376, 0, 0, "39cfcb41 0000 000e8d01"
25.411600, 21.6999855041504, 26021427, 0, 0, "9299ad41 0000 330e8d01"
25.411650, 39.4076881408691, 26021478, 1, TriggerDetected, "79a11d42 0100 660e8d01"
25.411700, 30.7231025695801, 26021529, 0, 0, "eac8f541 0000 990e8d01"
25.411750, 19.1287269592285, 26021581, 0, 0, "a2079941 0000 cd0e8d01"
25.411800, 35.9700088500977, 26021632, 1, TriggerDetected, "4ae10f42 0100 000f8d01"
25.411850, 35.7222213745117, 26021683, 0, 0, "8ee30e42 0000 330f8d01"
25.411900, 19.0556945800781, 26021734, 0, 0, "10729841 0000 660f8d01"
25.411950, 31.0230102539063, 26021785, 1, TriggerDetected, "202ff841 0100 990f8d01"
25.412000, 39.2710647583008, 26021837, 0, 0, "92151d42 0000 cd0f8d01"
25.412050, 21.498477935791, 26021888, 0, 0, "e2fcab41 0000 00108d01"
25.412100, 25.7606430053711, 26021939, 0, 0, "cc15ce41 0000 33108d01"
25.412150, 40.5367469787598, 26021990, 1, TriggerDetected, "a1252242 0100 66108d01"
25.412200, 25.8794460296631, 26022041, 0, 0, "1b09cf41 0000 99108d01"
25.412250, 21.409008026123, 26022093, 0, 0, "a645ab41 0000 cd108d01"
25.412300, 39.2066917419434, 26022144, 1, TriggerDetected, "a7d31c42 0100 00118d01"
25.412350, 31.1656799316406, 26022195, 0, 0, "5053f941 0000 33118d01"
25.412400, 19.0269012451172, 26022246, 0, 0, "18379841 0000 66118d01"
25.412450, 35.6074638366699, 26022297, 1, TriggerDetected, "0b6e0e42 0100 99118d01"
25.412500, 36.0772247314453, 26022349, 0, 0, "144f1042 0000 cd118d01"
25.412550, 19.1674346923828, 26022400, 0, 0, "e8569941 0000 00128d01"
25.412600, 30.589183807373, 26022451, 1, TriggerDetected, "a6b6f441 0100 33128d01"
25.412650, 39.4684791564941, 26022502, 0, 0, "b9df1d42 0000 66128d01"
25.412700, 21.7980117797852, 26022553, 0, 0, "5462ae41 0000 99128d01"
25.412750, 25.3515777587891, 26022605, 0, 0, "08d0ca41 0000 cd128d01"
25.412800, 40.5178871154785, 26022656, 1, TriggerDetected, "51122242 0100 00138d01"
25.412850, 26.2993564605713, 26022707, 0, 0, "1565d241 0000 33138d01"
25.412900, 21.1260356903076, 26022758, 0, 0, "1f02a941 0000 66138d01"
25.412950, 38.9916534423828, 26022809, 1, TriggerDetected, "74f71b42 0100 99138d01"
25.413000, 31.59521484375, 26022861, 0, 0, "00c3fc41 0000 cd138d01"
25.413050, 18.9360179901123, 26022912, 0, 0, "f77c9741 0000 00148d01"
25.413100, 35.2318077087402, 26022963, 1, TriggerDetected, "5fed0c42 0100 33148d01"
25.413150, 36.4270324707031, 26023014, 0, 0, "48b51142 0000 66148d01"
25.413200, 19.2931480407715, 26023065, 0, 0, "5e589a41 0000 99148d01"
25.413250, 30.1480693817139, 26023117, 1, TriggerDetected, "3f2ff141 0100 cd148d01"
25.413300, 39.6455116271973, 26023168, 0, 0, "01951e42 0000 00158d01"
25.413350, 22.1078662872314, 26023219, 0, 0, "e9dcb041 0000 33158d01"
25.413400, 24.9439258575439, 26023270, 0, 0, "298dc741 0000 66158d01"
25.413450, 40.4951286315918, 26023321, 1, TriggerDetected, "03fb2142 0100 99158d01"
25.413500, 26.721435546875, 26023373, 0, 0, "80c5d541 0000 cd158d01"
25.413550, 20.8596801757813, 26023424, 0, 0, "a0e0a641 0000 00168d01"
25.413600, 38.7515182495117, 26023475, 1, TriggerDetected, "8e011b42 0100 33168d01"
25.413650, 32.0290603637695, 26023526, 0, 0, "c21d0042 0000 66168d01"
25.413700, 18.868371963501, 26023577, 0, 0, "6df29641 0000 99168d01"
25.413750, 34.8534774780273, 26023629, 1, TriggerDetected, "f6690b42 0100 cd168d01"
25.413800, 36.7681694030762, 26023680, 0, 0, "9b121342 0000 00178d01"
25.413850, 19.4312477111816, 26023731, 0, 0, "32739b41 0000 33178d01"
25.413900, 29.7088203430176, 26023782, 0, 0, "aaabed41 0000 66178d01"
25.413950, 39.8217544555664, 26023833, 1, TriggerDetected, "7a491f42 0100 99178d01"
25.414000, 22.4355201721191, 26023885, 0, 0, "f27bb341 0000 cd178d01"
25.414050, 24.5565280914307, 26023936, 0, 0, "c573c441 0000 00188d01"
25.414100, 40.4439086914063, 26023987, 1, TriggerDetected, "90c62142 0100 33188d01"
25.414150, 27.1495990753174, 26024038, 0, 0, "6132d941 0000 66188d01"
25.414200, 20.6115760803223, 26024089, 0, 0, "82e4a441 0000 99188d01"
25.414250, 38.511890411377, 26024141, 1, TriggerDetected, "2d0c1a42 0100 cd188d01"
25.414300, 32.4564933776855, 26024192, 0, 0, "73d30142 0000 00198d01"
25.414350, 18.8138980865479, 26024243, 0, 0, "dd829641 0000 33198d01"
25.414400, 34.4593658447266, 26024294, 1, TriggerDetected, "64d60942 0100 66198d01"
25.414450, 37.0953025817871, 26024345, 0, 0, "97611442 0000 99198d01"
25.414500, 19.5974006652832, 26024397, 0, 0, "7ac79c41 0000 cd198d01"
25.414550, 29.2729110717773, 26024448, 0, 0, "ec2eea41 0000 001a8d01"
25.414600, 39.9672431945801, 26024499, 1, TriggerDetected, "75de1f42 0100 331a8d01"
25.414650, 22.7666206359863, 26024550, 0, 0, "0a22b641 0000 661a8d01"
25.414700, 24.1698398590088, 26024601, 0, 0, "d55bc141 0000 991a8d01"
25.414750, 40.3810539245605, 26024653, 1, TriggerDetected, "33862142 0100 cd1a8d01"
25.414800, 27.5750694274902, 26024704, 0, 0, "be99dc41 0000 001b8d01"
25.414850, 20.3703918457031, 26024755, 0, 0, "90f6a241 0000 331b8d01"
25.414900, 38.2419204711914, 26024806, 1, TriggerDetected, "baf71842 0100 661b8d01"
25.414950, 32.8756713867188, 26024857, 0, 0, "b0800342 0000 991b8d01"
25.415000, 18.7801609039307, 26024909, 0, 0, "c53d9641 0000 cd1b8d01"
25.415050, 34.0611457824707, 26024960, 1, TriggerDetected, "9d3e0842 0100 001c8d01"
25.415100, 37.4055099487305, 26025011, 0, 0, "3e9f1542 0000 331c8d01"
25.415150, 19.7712841033936, 26025062, 0, 0, "972b9e41 0000 661c8d01"
25.415200, 28.8302307128906, 26025113, 0, 0, "50a4e641 0000 991c8d01"
25.415250, 40.095287322998, 26025165, 1, TriggerDetected, "93612042 0100 cd1c8d01"
25.415300, 23.1126861572266, 26025216, 0, 0, "c8e6b841 0000 001d8d01"
25.415350, 23.7970142364502, 26025267, 0, 0, "4960be41 0000 331d8d01"
25.415400, 40.3016052246094, 26025318, 1, TriggerDetected, "d8342142 0100 661d8d01"
25.415450, 28.0129127502441, 26025369, 0, 0, "721ae041 0000 991d8d01"
25.415500, 20.1499118804932, 26025421, 0, 0, "0533a141 0000 cd1d8d01"
25.415550, 37.9682235717773, 26025472, 1, TriggerDetected, "76df1742 0100 001e8d01"
25.415600, 33.2929611206055, 26025523, 0, 0, "fe2b0542 0000 331e8d01"
25.415650, 18.7582893371582, 26025574, 0, 0, "fa109641 0000 661e8d01"
25.415700, 33.6561813354492, 26025625, 1, TriggerDetected, "ee9f0642 0100 991e8d01"
25.415750, 37.7079238891602, 26025677, 0, 0, "ead41642 0000 cd1e8d01"
25.415800, 19.9636974334717, 26025728, 0, 0, "a7b59f41 0000 001f8d01"
25.415850, 28.3939170837402, 26025779, 0, 0, "be26e341 0000 331f8d01"
25.415900, 40.2154197692871, 26025830, 1, TriggerDetected, "97dc2042 0100 661f8d01"
25.415950, 23.469274520874, 26025881, 0, 0, "13c1bb41 0000 991f8d01"
25.416000, 23.4284362792969, 26025933, 0, 0, "706dbb41 0000 cd1f8d01"
25.416050, 40.1992683410645, 26025984, 1, TriggerDetected, "0dcc2042 0100 00208d01"
25.416100, 28.4445285797119, 26026035, 0, 0, "658ee341 0000 33208d01"
25.416150, 19.9419651031494, 26026086, 0, 0, "25899f41 0000 66208d01"
25.416200, 37.677074432373, 26026137, 1, TriggerDetected, "53b51642 0100 99208d01"
25.416250, 33.7019195556641, 26026189, 0, 0, "c4ce0642 0000 cd208d01"
25.416300, 18.7627201080322, 26026240, 0, 0, "0d1a9641 0000 00218d01"
25.416350, 33.2408905029297, 26026291, 1, TriggerDetected, "acf60442 0100 33218d01"
25.416400, 38.000602722168, 26026342, 0, 0, "9e001842 0000 66218d01"
25.416450, 20.1693363189697, 26026393, 0, 0, "cd5aa141 0000 99218d01"
25.416500, 27.956335067749, 26026445, 0, 0, "93a6df41 0000 cd218d01"
25.416550, 40.3050880432129, 26026496, 1, TriggerDetected, "69382142 0100 00228d01"
25.416600, 23.8349685668945, 26026547, 0, 0, "04aebe41 0000 33228d01"
25.416650, 23.0701751708984, 26026598, 0, 0, "b88fb841 0000 66228d01"
25.416700, 40.0845260620117, 26026649, 1, TriggerDetected, "8e562042 0100 99228d01"
25.416750, 28.8836097717285, 26026701, 0, 0, "a211e741 0000 cd228d01"
25.416800, 19.7484607696533, 26026752, 0, 0, "d9fc9d41 0000 00238d01"
25.416850, 37.3717308044434, 26026803, 1, TriggerDetected, "a77c1542 0100 33238d01"
25.416900, 34.1092529296875, 26026854, 0, 0, "e06f0842 0000 66238d01"
25.416950, 18.7822437286377, 26026905, 0, 0, "09429641 0000 99238d01"
25.417000, 32.8282661437988, 26026957, 1, TriggerDetected, "25500342 0100 cd238d01"
25.417050, 38.2719039916992, 26027008, 0, 0, "6e161942 0000 00248d01"
25.417100, 20.3967361450195, 26027059, 0, 0, "842ca341 0000 33248d01"
25.417150, 27.5230693817139, 26027110, 0, 0, "3f2fdc41 0000 66248d01"
25.417200, 40.3896179199219, 26027161, 1, TriggerDetected, "f88e2142 0100 99248d01"
25.417250, 24.214693069458, 26027213, 0, 0, "b1b7c141 0000 cd248d01"
25.417300, 22.7250957489014, 26027264, 0, 0, "ffccb541 0000 00258d01"
25.417350, 39.9454574584961, 26027315, 1, TriggerDetected, "26c81f42 0100 33258d01"
25.417400, 29.3229198455811, 26027366, 0, 0, "5795ea41 0000 66258d01"
25.417450, 19.5763530731201, 26027417, 0, 0, "5f9c9c41 0000 99258d01"
25.417500, 37.0572700500488, 26027469, 1, TriggerDetected, "a53a1442 0100 cd258d01"
25.417550, 34.5044593811035, 26027520, 0, 0, "91040a42 0000 00268d01"
25.417600, 18.8192520141602, 26027571, 0, 0, "d48d9641 0000 33268d01"
25.417650, 32.3996963500977, 26027622, 1, TriggerDetected, "4a990142 0100 66268d01"
25.417700, 38.5392303466797, 26027673, 0, 0, "2c281a42 0000 99268d01"
25.417750, 20.6424026489258, 26027725, 0, 0, "a423a541 0000 cd268d01"
25.417800, 27.0980052947998, 26027776, 0, 0, "b7c8d841 0000 00278d01"
25.417850, 40.445686340332, 26027827, 1, TriggerDetected, "62c82142 0100 33278d01"
25.417900, 24.6037082672119, 26027878, 0, 0, "65d4c441 0000 66278d01"
25.417950, 22.3964347839355, 26027929, 0, 0, "e62bb341 0000 99278d01"
25.418000, 39.8023872375488, 26027981, 1, TriggerDetected, "a5351f42 0100 cd278d01"
25.418050, 29.761905670166, 26028032, 0, 0, "6218ee41 0000 00288d01"
25.418100, 19.4212322235107, 26028083, 0, 0, "af5e9b41 0000 33288d01"
25.418150, 36.7287178039551, 26028134, 1, TriggerDetected, "35ea1242 0100 66288d01"
25.418200, 34.8940391540527, 26028185, 0, 0, "7f930b42 0000 99288d01"
25.418250, 18.8744277954102, 26028237, 0, 0, "d4fe9641 0000 cd288d01"
25.418300, 31.9783458709717, 26028288, 1, TriggerDetected, "a7d3ff41 0100 00298d01"
25.418350, 38.7820816040039, 26028339, 0, 0, "da201b42 0000 33298d01"
25.418400, 20.891658782959, 26028390, 0, 0, "1e22a741 0000 66298d01"
25.418450, 26.6669311523438, 26028441, 0, 0, "e055d541 0000 99298d01"
25.418500, 40.4946098327637, 26028493, 1, TriggerDetected, "7bfa2142 0100 cd298d01"
25.418550, 24.9939479827881, 26028544, 0, 0, "9bf3c741 0000 002a8d01"
25.418600, 22.0701332092285, 26028595, 0, 0, "a28fb041 0000 332a8d01"
25.418650, 39.6288414001465, 26028646, 1, TriggerDetected, "ef831e42 0100 662a8d01"
25.418700, 30.2018337249756, 26028697, 0, 0, "5b9df141 0000 992a8d01"
25.418750, 19.2767639160156, 26028749, 0, 0, "d0369a41 0000 cd2a8d01"
25.418800, 36.3896751403809, 26028800, 1, TriggerDetected, "078f1142 0100 002b8d01"
25.418850, 35.2735061645508, 26028851, 0, 0, "12180d42 0000 332b8d01"
25.418900, 18.9467964172363, 26028902, 0, 0, "0a939741 0000 662b8d01"
25.418950, 31.5441875457764, 26028953, 1, TriggerDetected, "7f5afc41 0100 992b8d01"
25.419000, 39.0121879577637, 26029005, 0, 0, "7b0c1c42 0000 cd2b8d01"
25.419050, 21.15966796875, 26029056, 0, 0, "0047a941 0000 002c8d01"
25.419100, 26.2516956329346, 26029107, 0, 0, "7903d241 0000 332c8d01"
25.419150, 40.5227355957031, 26029158, 1, TriggerDetected, "48172242 0100 662c8d01"
25.419200, 25.3893375396729, 26029209, 0, 0, "5d1dcb41 0000 992c8d01"
25.419250, 21.7562561035156, 26029261, 0, 0, "d00cae41 0000 cd2c8d01"
25.419300, 39.4453277587891, 26029312, 1, TriggerDetected, "04c81d42 0100 002d8d01"
25.419350, 30.6373348236084, 26029363, 0, 0, "4319f541 0000 332d8d01"
25.419400, 19.1481189727783, 26029414, 0, 0, "592f9941 0000 662d8d01"
25.419450, 36.0384826660156, 26029465, 1, TriggerDetected, "68271042 0100 992d8d01"
25.419500, 35.6471710205078, 26029517, 0, 0, "b4960e42 0000 cd2d8d01"
25.419550, 19.0331001281738, 26029568, 0, 0, "ca439841 0000 002e8d01"
25.419600, 31.1085319519043, 26029619, 1, TriggerDetected, "46def841 0100 332e8d01"
25.419650, 39.2315063476563, 26029670, 0, 0, "10ed1c42 0000 662e8d01"
25.419700, 21.4448928833008, 26029721, 0, 0, "248fab41 0000 992e8d01"
25.419750, 25.8361530303955, 26029773, 0, 0, "71b0ce41 0000 cd2e8d01"
25.419800, 40.5323066711426, 26029824, 1, TriggerDetected, "15212242 0100 002f8d01"
25.419850, 25.8026695251465, 26029875, 0, 0, "de6bce41 0000 332f8d01"
25.419900, 21.4636459350586, 26029926, 0, 0, "8cb5ab41 0000 662f8d01"
25.419950, 39.2475700378418, 26029977, 1, TriggerDetected, "83fd1c42 0100 992f8d01"
25.420000, 31.0765228271484, 26030029, 0, 0, "b89cf841 0000 cd2f8d01"
25.420050, 19.0414257049561, 26030080, 0, 0, "d7549841 0000 00308d01"
25.420100, 35.6751556396484, 26030131, 1, TriggerDetected, "5cb30e42 0100 33308d01"
25.420150, 36.0122604370117, 26030182, 0, 0, "8e0c1042 0000 66308d01"
25.420200, 19.1393985748291, 26030233, 0, 0, "7d1d9941 0000 99308d01"
25.420250, 30.6724243164063, 26030285, 1, TriggerDetected, "2061f541 0100 cd308d01"
25.420300, 39.4261131286621, 26030336, 0, 0, "57b41d42 0000 00318d01"
25.420350, 21.7386302947998, 26030387, 0, 0, "b7e8ad41 0000 33318d01"
25.420400, 25.426305770874, 26030438, 0, 0, "1369cb41 0000 66318d01"
25.420450, 40.5254058837891, 26030489, 1, TriggerDetected, "041a2242 0100 99318d01"
25.420500, 26.2151908874512, 26030541, 0, 0, "b6b8d141 0000 cd318d01"
25.420550, 21.1818351745605, 26030592, 0, 0, "6674a941 0000 00328d01"
25.420600, 39.0320663452148, 26030643, 1, TriggerDetected, "d6201c42 0100 33328d01"
25.420650, 31.5109214782715, 26030694, 0, 0, "5e16fc41 0000 66328d01"
25.420700, 18.9488677978516, 26030745, 0, 0, "48979741 0000 99328d01"
25.420750, 35.3025894165039, 26030797, 1, TriggerDetected, "da350d42 0100 cd328d01"
25.420800, 36.3629684448242, 26030848, 0, 0, "ae731142 0000 00338d01"
25.420850, 19.265552520752, 26030899, 0, 0, "da1f9a41 0000 33338d01"
25.420900, 30.2341117858887, 26030950, 1, TriggerDetected, "76dff141 0100 66338d01"
25.420950, 39.6196365356445, 26031001, 0, 0, "827a1e42 0000 99338d01"
25.421000, 22.0515594482422, 26031053, 0, 0, "9869b041 0000 cd338d01"
25.421050, 25.0260810852051, 26031104, 0, 0, "6a35c841 0000 00348d01"
25.421100, 40.4970550537109, 26031155, 1, TriggerDetected, "fcfc2142 0100 33348d01"
25.421150, 26.6377811431885, 26031206, 0, 0, "2d1ad541 0000 66348d01"
25.421200, 20.9156818389893, 26031257, 0, 0, "5153a741 0000 99348d01"
25.421250, 38.8049125671387, 26031309, 1, TriggerDetected, "3b381b42 0100 cd348d01"
25.421300, 31.9456577301025, 26031360, 0, 0, "b590ff41 0000 00358d01"
25.421350, 18.8810539245605, 26031411, 0, 0, "660c9741 0000 33358d01"
25.421400, 34.9239196777344, 26031462, 1, TriggerDetected, "18b20b42 0100 66358d01"
25.421450, 36.706298828125, 26031513, 0, 0, "40d31242 0000 99358d01"
25.421500, 19.4106407165527, 26031565, 0, 0, "fe489b41 0000 cd358d01"
25.421550, 29.795934677124, 26031616, 0, 0, "135eee41 0000 00368d01"
25.421600, 39.782398223877, 26031667, 1, TriggerDetected, "2d211f42 0100 33368d01"
25.421650, 22.3717937469482, 26031718, 0, 0, "6ff9b241 0000 66368d01"
25.421700, 24.632007598877, 26031769, 0, 0, "5a0ec541 0000 99368d01"
25.421750, 40.4604034423828, 26031821, 1, TriggerDetected, "74d72142 0100 cd368d01"
25.421800, 27.0654735565186, 26031872, 0, 0, "1786d841 0000 00378d01"
25.421850, 20.6586494445801, 26031923, 0, 0, "ea44a541 0000 33378d01"
25.421900, 38.5551109313965, 26031974, 1, TriggerDetected, "6f381a42 0100 66378d01"
25.421950, 32.373966217041, 26032025, 0, 0, "f17e0142 0000 99378d01"
25.422000, 18.8241233825684, 26032077, 0, 0, "ce979641 0000 cd378d01"
25.422050, 34.5394592285156, 26032128, 1, TriggerDetected, "68280a42 0100 00388d01"
25.422100, 37.0307502746582, 26032179, 0, 0, "7d1f1442 0000 33388d01"
25.422150, 19.5662860870361, 26032230, 0, 0, "c1879c41 0000 66388d01"
25.422200, 29.3534164428711, 26032281, 0, 0, "ccd3ea41 0000 99388d01"
25.422250, 39.9369239807129, 26032333, 1, TriggerDetected, "69bf1f42 0100 cd388d01"
25.422300, 22.7031097412109, 26032384, 0, 0, "f89fb541 0000 00398d01"
25.422350, 24.2453327178955, 26032435, 0, 0, "71f6c141 0000 33398d01"
25.422400, 40.3949508666992, 26032486, 1, TriggerDetected, "6e942142 0100 66398d01"
25.422450, 27.4976692199707, 26032537, 0, 0, "3afbdb41 0000 99398d01"
25.422500, 20.4200820922852, 26032589, 0, 0, "545ca341 0000 cd398d01"
25.422550, 38.3016929626465, 26032640, 1, TriggerDetected, "ef341942 0100 003a8d01"
25.422600, 32.7956695556641, 26032691, 0, 0, "c42e0342 0000 333a8d01"
25.422650, 18.7869987487793, 26032742, 0, 0, "c64b9641 0000 663a8d01"
25.422700, 34.1439514160156, 26032793, 1, TriggerDetected, "68930842 0100 993a8d01"
25.422750, 37.3559913635254, 26032845, 0, 0, "896c1542 0000 cd3a8d01"
25.422800, 19.7398834228516, 26032896, 0, 0, "48eb9d41 0000 003b8d01"
25.422850, 28.9215831756592, 26032947, 0, 0, "675fe741 0000 333b8d01"
25.422900, 40.0734634399414, 26032998, 1, TriggerDetected, "3a4b2042 0100 663b8d01"
25.422950, 23.0509033203125, 26033049, 0, 0, "4068b841 0000 993b8d01"
25.423000, 23.8700752258301, 26033101, 0, 0, "eaf5be41 0000 cd3b8d01"
25.423050, 40.3195610046387, 26033152, 1, TriggerDetected, "3b472142 0100 003c8d01"
25.423100, 27.9276504516602, 26033203, 0, 0, "d46bdf41 0000 333c8d01"
25.423150, 20.1902503967285, 26033254, 0, 0, "a285a141 0000 663c8d01"
25.423200, 38.0236854553223, 26033305, 1, TriggerDetected, "41181842 0100 993c8d01"
25.423250, 33.2182159423828, 26033357, 0, 0, "74df0442 0000 cd3c8d01"
25.423300, 18.7677021026611, 26033408, 0, 0, "41249641 0000 003d8d01"
25.423350, 33.7389793395996, 26033459, 1, TriggerDetected, "b7f40642 0100 333d8d01"
25.423400, 37.6560096740723, 26033510, 0, 0, "c19f1642 0000 663d8d01"
25.423450, 19.9288139343262, 26033561, 0, 0, "366e9f41 0000 993d8d01"
25.423500, 28.4770069122314, 26033613, 0, 0, "e9d0e341 0000 cd3d8d01"
25.423550, 40.1924667358398, 26033664, 1, TriggerDetected, "16c52042 0100 003e8d01"
25.423600, 23.4010562896729, 26033715, 0, 0, "5d35bb41 0000 333e8d01"
25.423650, 23.4966163635254, 26033766, 0, 0, "12f9bb41 0000 663e8d01"
25.423700, 40.2185821533203, 26033817, 1, TriggerDetected, "d4df2042 0100 993e8d01"
25.423750, 28.3609600067139, 26033869, 0, 0, "3fe3e241 0000 cd3e8d01"
25.423800, 19.9857368469238, 26033920, 0, 0, "cae29f41 0000 003f8d01"
25.423850, 37.737720489502, 26033971, 1, TriggerDetected, "6df31642 0100 333f8d01"
25.423900, 33.6306419372559, 26034022, 0, 0, "c7850642 0000 663f8d01"
25.423950, 18.7659740447998, 26034073, 0, 0, "b7209641 0000 993f8d01"
25.424000, 33.3300857543945, 26034125, 1, TriggerDetected, "02520542 0100 cd3f8d01"
25.424050, 37.9450378417969, 26034176, 0, 0, "b8c71742 0000 00408d01"
25.424100, 20.1335544586182, 26034227, 0, 0, "8511a141 0000 33408d01"
25.424150, 28.0458698272705, 26034278, 0, 0, "f15de041 0000 66408d01"
25.424200, 40.2917556762695, 26034329, 1, TriggerDetected, "c22a2142 0100 99408d01"
25.424250, 23.7652473449707, 26034381, 0, 0, "3a1fbe41 0000 cd408d01"
25.424300, 23.1395416259766, 26034432, 0, 0, "c81db941 0000 00418d01"
25.424350, 40.1026000976563, 26034483, 1, TriggerDetected, "10692042 0100 33418d01"
25.424400, 28.7994022369385, 26034534, 0, 0, "2d65e641 0000 66418d01"
25.424450, 19.7885227203369, 26034585, 0, 0, "e54e9e41 0000 99418d01"
25.424500, 37.4325256347656, 26034637, 1, TriggerDetected, "e8ba1542 0100 cd418d01"
25.424550, 34.0308456420898, 26034688, 0, 0, "961f0842 0000 00428d01"
25.424600, 18.7781867980957, 26034739, 0, 0, "ba399641 0000 33428d01"
25.424650, 32.9056777954102, 26034790, 1, TriggerDetected, "6a9f0342 0100 66428d01"
25.424700, 38.2215270996094, 26034841, 0, 0, "d8e21842 0000 99428d01"
25.424750, 20.3515529632568, 26034893, 0, 0, "fbcfa241 0000 cd428d01"
25.424800, 27.609317779541, 26034944, 0, 0, "e2dfdc41 0000 00438d01"
25.424850, 40.3721389770508, 26034995, 1, TriggerDetected, "127d2142 0100 33438d01"
25.424900, 24.1433086395264, 26035046, 0, 0, "7f25c141 0000 66438d01"
25.424950, 22.7961406707764, 26035097, 0, 0, "7f5eb641 0000 99438d01"
25.425000, 39.9780616760254, 26035149, 1, TriggerDetected, "89e91f42 0100 cd438d01"
25.425050, 29.238639831543, 26035200, 0, 0, "bce8e941 0000 00448d01"
25.425100, 19.6119728088379, 26035251, 0, 0, "52e59c41 0000 33448d01"
25.425150, 37.1208038330078, 26035302, 1, TriggerDetected, "b47b1442 0100 66448d01"
25.425200, 34.4344482421875, 26035353, 0, 0, "e0bc0942 0000 99448d01"
25.425250, 18.8095092773438, 26035405, 0, 0, "e0799641 0000 cd448d01"
25.425300, 32.4859962463379, 26035456, 1, TriggerDetected, "a9f10142 0100 00458d01"
25.425350, 38.4839210510254, 26035507, 0, 0, "89ef1942 0000 33458d01"
25.425400, 20.5914173126221, 26035558, 0, 0, "39bba441 0000 66458d01"
25.425450, 27.1801319122314, 26035609, 0, 0, "e970d941 0000 99458d01"
25.425500, 40.4392433166504, 26035661, 1, TriggerDetected, "c9c12142 0100 cd458d01"
25.425550, 24.5237503051758, 26035712, 0, 0, "a430c441 0000 00468d01"
25.425600, 22.4563694000244, 26035763, 0, 0, "a5a6b341 0000 33468d01"
25.425650, 39.823787689209, 26035814, 1, TriggerDetected, "8f4b1f42 0100 66468d01"
25.425700, 29.6771183013916, 26035865, 0, 0, "bd6aed41 0000 99468d01"
25.425750, 19.443489074707, 26035917, 0, 0, "448c9b41 0000 cd468d01"
25.425800, 36.7918853759766, 26035968, 1, TriggerDetected, "e42a1342 0100 00478d01"
25.425850, 34.8150291442871, 26036019, 0, 0, "97420b42 0000 33478d01"
25.425900, 18.8592472076416, 26036070, 0, 0, "bddf9641 0000 66478d01"
25.425950, 32.055233001709, 26036121, 1, TriggerDetected, "8f380042 0100 99478d01"
25.426000, 38.7368965148926, 26036173, 0, 0, "95f21a42 0000 cd478d01"
25.426050, 20.845911026001, 26036224, 0, 0, "6dc4a641 0000 00488d01"
25.426100, 26.7526245117188, 26036275, 0, 0, "6005d641 0000 33488d01"
25.426150, 40.4868202209473, 26036326, 1, TriggerDetected, "81f22142 0100 66488d01"
25.426200, 24.9208145141602, 26036377, 0, 0, "d45dc741 0000 99488d01"
25.426250, 22.1363468170166, 26036429, 0, 0, "3d17b141 0000 cd488d01"
25.426300, 39.6643981933594, 26036480, 1, TriggerDetected, "58a81e42 0100 00498d01"
25.426350, 30.1144599914551, 26036531, 0, 0, "6aeaf041 0000 33498d01"
25.426400, 19.301441192627, 26036582, 0, 0, "5a699a41 0000 66498d01"
25.426450, 36.4519805908203, 26036633, 1, TriggerDetected, "d4ce1142 0100 99498d01"
25.426500, 35.2025375366211, 26036685, 0, 0, "66cf0c42 0000 cd498d01"
25.426550, 18.9308185577393, 26036736, 0, 0, "51729741 0000 004a8d01"
25.426600, 31.6284446716309, 26036787, 1, TriggerDetected, "0e07fd41 0100 334a8d01"
25.426650, 38.9676551818848, 26036838, 0, 0, "e1de1b42 0000 664a8d01"
25.426700, 21.1040496826172, 26036889, 0, 0, "18d5a841 0000 994a8d01"
25.426750, 26.3305168151855, 26036941, 0, 0, "e6a4d241 0000 cd4a8d01"
25.426800, 40.5237121582031, 26036992, 1, TriggerDetected, "48182242 0100 004b8d01"
25.426850, 25.3188991546631, 26037043, 0, 0, "1b8dca41 0000 334b8d01"
25.426900, 21.8157157897949, 26037094, 0, 0, "9686ae41 0000 664b8d01"
25.426950, 39.4780426025391, 26037145, 1, TriggerDetected, "84e91d42 0100 994b8d01"
25.427000, 30.5563468933105, 26037197, 0, 0, "6673f441 0000 cd4b8d01"
25.427050, 19.1768169403076, 26037248, 0, 0, "1f6a9941 0000 004c8d01"
25.427100, 36.1117935180664, 26037299, 1, TriggerDetected, "7a721042 0100 334c8d01"
25.427150, 35.5759086608887, 26037350, 0, 0, "bb4d0e42 0000 664c8d01"
25.427200, 19.0157909393311, 26037401, 0, 0, "57209841 0000 994c8d01"
25.427250, 31.1923198699951, 26037453, 1, TriggerDetected, "df89f941 0100 cd4c8d01"
25.427300, 39.187816619873, 26037504, 0, 0, "53c01c42 0000 004d8d01"
25.427350, 21.3878765106201, 26037555, 0, 0, "5f1aab41 0000 334d8d01"
25.427400, 25.9158897399902, 26037606, 0, 0, "be53cf41 0000 664d8d01"
25.427450, 40.5358619689941, 26037657, 1, TriggerDetected, "b9242242 0100 994d8d01"
25.427500, 25.7250289916992, 26037709, 0, 0, "dccccd41 0000 cd4d8d01"
25.427550, 21.5230140686035, 26037760, 0, 0, "222fac41 0000 004e8d01"
25.427600, 39.2917289733887, 26037811, 1, TriggerDetected, "bb2a1d42 0100 334e8d01"
25.427650, 30.994836807251, 26037862, 0, 0, "6df5f741 0000 664e8d01"
25.427700, 19.0622367858887, 26037913, 0, 0, "767f9841 0000 994e8d01"
25.427750, 35.7469177246094, 26037965, 1, TriggerDetected, "d8fc0e42 0100 cd4e8d01"
25.427800, 35.9398384094238, 26038016, 0, 0, "65c20f42 0000 004f8d01"
25.427850, 19.1167125701904, 26038067, 0, 0, "07ef9841 0000 334f8d01"
25.427900, 30.7589874267578, 26038118, 1, TriggerDetected, "6812f641 0100 664f8d01"
25.427950, 39.3962287902832, 26038169, 0, 0, "bd951d42 0000 994f8d01"
25.428000, 21.6812324523926, 26038221, 0, 0, "2a73ad41 0000 cd4f8d01"
25.428050, 25.5009498596191, 26038272, 0, 0, "f201cc41 0000 00508d01"
25.428100, 40.5287857055664, 26038323, 1, TriggerDetected, "7a1d2242 0100 33508d01"
25.428150, 26.1385612487793, 26038374, 0, 0, "c61bd141 0000 66508d01"
25.428200, 21.235330581665, 26038425, 0, 0, "f5e1a941 0000 99508d01"
25.428250, 39.0737838745117, 26038477, 1, TriggerDetected, "8e4b1c42 0100 cd508d01"
25.428300, 31.4286823272705, 26038528, 0, 0, "f16dfb41 0000 00518d01"
25.428350, 18.9708957672119, 26038579, 0, 0, "65c49741 0000 33518d01"
25.428400, 35.3788909912109, 26038630, 1, TriggerDetected, "fc830d42 0100 66518d01"
25.428450, 36.2954788208008, 26038681, 0, 0, "922e1142 0000 99518d01"
25.428500, 19.2449436187744, 26038733, 0, 0, "a5f59941 0000 cd518d01"
25.428550, 30.3180160522461, 26038784, 1, TriggerDetected, "4c8bf241 0100 00528d01"
25.428600, 39.5828018188477, 26038835, 0, 0, "ca541e42 0000 33528d01"
25.428650, 21.9851360321045, 26038886, 0, 0, "8fe1af41 0000 66528d01"
25.428700, 25.1010570526123, 26038937, 0, 0, "f7cec841 0000 99528d01"
25.428750, 40.5093040466309, 26038989, 1, TriggerDetected, "87092242 0100 cd528d01"
25.428800, 26.5582256317139, 26039040, 0, 0, "3f77d441 0000 00538d01"
25.428850, 20.9632759094238, 26039091, 0, 0, "cab4a741 0000 33538d01"
25.428900, 38.8441390991211, 26039142, 1, TriggerDetected, "66601b42 0100 66538d01"
25.428950, 31.8624839782715, 26039193, 0, 0, "5ee6fe41 0000 99538d01"
25.429000, 18.8938064575195, 26039245, 0, 0, "84269741 0000 cd538d01"
25.429050, 35.0031051635742, 26039296, 1, TriggerDetected, "2e030c42 0100 00548d01"
25.429100, 36.6377639770508, 26039347, 0, 0, "128d1242 0000 33548d01"
25.429150, 19.3762550354004, 26039398, 0, 0, "92029b41 0000 66548d01"
25.429200, 29.8857116699219, 26039449, 0, 0, "f015ef41 0000 99548d01"
25.429250, 39.7600021362305, 26039501, 1, TriggerDetected, "3e0a1f42 0100 cd548d01"
25.429300, 22.3073387145996, 26039552, 0, 0, "6e75b241 0000 00558d01"
25.429350, 24.7071533203125, 26039603, 0, 0, "40a8c541 0000 33558d01"
25.429400, 40.4643783569336, 26039654, 1, TriggerDetected, "86db2142 0100 66558d01"
25.429450, 26.9848289489746, 26039705, 0, 0, "eee0d741 0000 99558d01"
25.429500, 20.7033977508545, 26039757, 0, 0, "8fa0a541 0000 cd558d01"
25.429550, 38.6022262573242, 26039808, 1, TriggerDetected, "ae681a42 0100 00568d01"
25.429600, 32.2890357971191, 26039859, 0, 0, "f9270142 0000 33568d01"
25.429650, 18.8318500518799, 26039910, 0, 0, "a1a79641 0000 66568d01"
25.429700, 34.6079330444336, 26039961, 1, TriggerDetected, "866e0a42 0100 99568d01"
25.429750, 36.9693450927734, 26040013, 0, 0, "9ce01342 0000 cd568d01"
25.429800, 19.5267162322998, 26040064, 0, 0, "b7369c41 0000 00578d01"
25.429850, 29.4419174194336, 26040115, 0, 0, "0c89eb41 0000 33578d01"
25.429900, 39.9107055664063, 26040166, 1, TriggerDetected, "90a41f42 0100 66578d01"
25.429950, 22.6407413482666, 26040217, 0, 0, "3d20b541 0000 99578d01"
25.430000, 24.3174266815186, 26040269, 0, 0, "178ac241 0000 cd578d01"
25.430050, 40.4085960388184, 26040320, 1, TriggerDetected, "67a22142 0100 00588d01"
25.430100, 27.4117584228516, 26040371, 0, 0, "484bdb41 0000 33588d01"
25.430150, 20.4624786376953, 26040422, 0, 0, "28b3a341 0000 66588d01"
25.430200, 38.3477821350098, 26040473, 1, TriggerDetected, "21641942 0100 99588d01"
25.430250, 32.716983795166, 26040525, 0, 0, "31de0242 0000 cd588d01"
25.430300, 18.7941856384277, 26040576, 0, 0, "7e5a9641 0000 00598d01"
25.430350, 34.2217597961426, 26040627, 1, TriggerDetected, "15e30842 0100 33598d01"
25.430400, 37.2900085449219, 26040678, 0, 0, "f8281542 0000 66598d01"
25.430450, 19.7051086425781, 26040729, 0, 0, "10a49d41 0000 99598d01"
25.430500, 29.0024757385254, 26040781, 0, 0, "1205e841 0000 cd598d01"
25.430550, 40.0497779846191, 26040832, 1, TriggerDetected, "f9322042 0100 005a8d01"
25.430600, 22.9835834503174, 26040883, 0, 0, "61deb741 0000 335a8d01"
25.430650, 23.9391403198242, 26040934, 0, 0, "5c83bf41 0000 665a8d01"
25.430700, 40.3284149169922, 26040985, 1, TriggerDetected, "4c502142 0100 995a8d01"
25.430750, 27.8420391082764, 26041037, 0, 0, "7fbcde41 0000 cd5a8d01"
25.430800, 20.2336883544922, 26041088, 0, 0, "98dea141 0000 005b8d01"
25.430850, 38.0792427062988, 26041139, 1, TriggerDetected, "25511842 0100 335b8d01"
25.430900, 33.1323165893555, 26041190, 0, 0, "7e870442 0000 665b8d01"
25.430950, 18.7719211578369, 26041241, 0, 0, "e52c9641 0000 995b8d01"
25.431000, 33.8144836425781, 26041293, 1, TriggerDetected, "08420742 0100 cd5b8d01"
25.431050, 37.5974426269531, 26041344, 0, 0, "c8631642 0000 005c8d01"
25.431100, 19.8945121765137, 26041395, 0, 0, "f6279f41 0000 335c8d01"
25.431150, 28.5658912658691, 26041446, 0, 0, "f286e441 0000 665c8d01"
25.431200, 40.1663208007813, 26041497, 1, TriggerDetected, "50aa2042 0100 995c8d01"
25.431250, 23.3322925567627, 26041549, 0, 0, "89a8ba41 0000 cd5c8d01"
25.431300, 23.5653686523438, 26041600, 0, 0, "e085bc41 0000 005d8d01"
25.431350, 40.2379570007324, 26041651, 1, TriggerDetected, "abf32042 0100 335d8d01"
25.431400, 28.2805004119873, 26041702, 0, 0, "773ee241 0000 665d8d01"
25.431450, 20.0193405151367, 26041753, 0, 0, "9c27a041 0000 995d8d01"
25.431500, 37.7888259887695, 26041805, 1, TriggerDetected, "c2271742 0100 cd5d8d01"
25.431550, 33.549186706543, 26041856, 0, 0, "5e320642 0000 005e8d01"
25.431600, 18.7673053741455, 26041907, 0, 0, "71239641 0000 335e8d01"
25.431650, 33.4092597961426, 26041958, 1, TriggerDetected, "15a30542 0100 665e8d01"
25.431700, 37.8893394470215, 26042009, 0, 0, "af8e1742 0000 995e8d01"
25.431750, 20.0895385742188, 26042061, 0, 0, "60b7a041 0000 cd5e8d01"
25.431800, 28.1282978057861, 26042112, 0, 0, "c106e141 0000 005f8d01"
25.431850, 40.276798248291, 26042163, 1, TriggerDetected, "711b2142 0100 335f8d01"
25.431900, 23.6969814300537, 26042214, 0, 0, "6b93bd41 0000 665f8d01"
25.431950, 23.2096652984619, 26042265, 0, 0, "65adb941 0000 995f8d01"
25.432000, 40.1331024169922, 26042317, 1, TriggerDetected, "4c882042 0100 cd5f8d01"
25.432050, 28.7160491943359, 26042368, 0, 0, "78bae541 0000 00608d01"
25.432100, 19.8227977752686, 26042419, 0, 0, "17959e41 0000 33608d01"
25.432150, 37.4969520568848, 26042470, 1, TriggerDetected, "e1fc1542 0100 66608d01"
25.432200, 33.9531936645508, 26042521, 0, 0, "12d00742 0000 99608d01"
25.432250, 18.7745571136475, 26042573, 0, 0, "4b329641 0000 cd608d01"
25.432300, 32.9874420166016, 26042624, 1, TriggerDetected, "24f30342 0100 00618d01"
25.432350, 38.1710052490234, 26042675, 0, 0, "1caf1842 0000 33618d01"
25.432400, 20.3138809204102, 26042726, 0, 0, "d482a241 0000 66618d01"
25.432450, 27.6936340332031, 26042777, 0, 0, "908cdd41 0000 99618d01"
25.432500, 40.3603820800781, 26042829, 1, TriggerDetected, "08712142 0100 cd618d01"
25.432550, 24.0688018798828, 26042880, 0, 0, "e88cc041 0000 00628d01"
25.432600, 22.8613300323486, 26042931, 0, 0, "01e4b641 0000 33628d01"
25.432650, 40.0019149780273, 26042982, 1, TriggerDetected, "f6012042 0100 66628d01"
25.432700, 29.1535415649414, 26043033, 0, 0, "743ae941 0000 99628d01"
25.432750, 19.6405143737793, 26043085, 0, 0, "c61f9d41 0000 cd628d01"
25.432800, 37.1807670593262, 26043136, 1, TriggerDetected, "1bb91442 0100 00638d01"
25.432850, 34.3529281616211, 26043187, 0, 0, "66690942 0000 33638d01"
25.432900, 18.8038215637207, 26043238, 0, 0, "3a6e9641 0000 66638d01"
25.432950, 32.5708427429199, 26043289, 1, TriggerDetected, "8b480242 0100 99638d01"
25.433000, 38.4391822814941, 26043341, 0, 0, "b9c11942 0000 cd638d01"
25.433050, 20.5434970855713, 26043392, 0, 0, "1559a441 0000 00648d01"
25.433100, 27.2592887878418, 26043443, 0, 0, "0613da41 0000 33648d01"
25.433150, 40.4250526428223, 26043494, 1, TriggerDetected, "41b32142 0100 66648d01"
25.433200, 24.4505310058594, 26043545, 0, 0, "b09ac341 0000 99648d01"
25.433250, 22.5174732208252, 26043597, 0, 0, "c923b441 0000 cd648d01"
25.433300, 39.8561630249023, 26043648, 1, TriggerDetected, "b66c1f42 0100 00658d01"
25.433350, 29.5875358581543, 26043699, 0, 0, "46b3ec41 0000 33658d01"
25.433400, 19.4746017456055, 26043750, 0, 0, "fccb9b41 0000 66658d01"
25.433450, 36.8605499267578, 26043801, 1, TriggerDetected, "34711342 0100 99658d01"
25.433500, 34.7512626647949, 26043853, 0, 0, "4b010b42 0000 cd658d01"
25.433550, 18.8514652252197, 26043904, 0, 0, "cdcf9641 0000 00668d01"
25.433600, 32.1427307128906, 26043955, 1, TriggerDetected, "28920042 0100 33668d01"
25.433650, 38.692455291748, 26044006, 0, 0, "13c51a42 0000 66668d01"
25.433700, 20.7943477630615, 26044057, 0, 0, "d35aa641 0000 99668d01"
25.433750, 26.8326969146729, 26044109, 0, 0, "5da9d641 0000 cd668d01"
25.433800, 40.4816703796387, 26044160, 1, TriggerDetected, "3bed2142 0100 00678d01"
25.433850, 24.8400535583496, 26044211, 0, 0, "6eb8c641 0000 33678d01"
25.433900, 22.1912612915039, 26044262, 0, 0, "b487b141 0000 66678d01"
25.433950, 39.6943283081055, 26044313, 1, TriggerDetected, "fec61e42 0100 99678d01"
25.434000, 30.035982131958, 26044365, 0, 0, "b149f041 0000 cd678d01"
25.434050, 19.3237590789795, 26044416, 0, 0, "0f979a41 0000 00688d01"
25.434100, 36.521785736084, 26044467, 1, TriggerDetected, "4f161242 0100 33688d01"
25.434150, 35.1330108642578, 26044518, 0, 0, "34880c42 0000 66688d01"
25.434200, 18.9171600341797, 26044569, 0, 0, "58569741 0000 99688d01"
25.434250, 31.7118816375732, 26044621, 1, TriggerDetected, "efb1fd41 0100 cd688d01"
25.434300, 38.9229431152344, 26044672, 0, 0, "18b11b42 0000 00698d01"
25.434350, 21.0558567047119, 26044723, 0, 0, "6572a841 0000 33698d01"
25.434400, 26.4122085571289, 26044774, 0, 0, "344cd341 0000 66698d01"
25.434450, 40.5164947509766, 26044825, 1, TriggerDetected, "e4102242 0100 99698d01"
25.434500, 25.2390804290771, 26044877, 0, 0, "a3e9c941 0000 cd698d01"
25.434550, 21.8788032531738, 26044928, 0, 0, "ca07af41 0000 006a8d01"
25.434600, 39.5265808105469, 26044979, 1, TriggerDetected, "381b1e42 0100 336a8d01"
25.434650, 30.4704990386963, 26045030, 0, 0, "95c3f341 0000 666a8d01"
25.434700, 19.1948375701904, 26045081, 0, 0, "078f9941 0000 996a8d01"
25.434750, 36.1754455566406, 26045133, 1, TriggerDetected, "a8b31042 0100 cd6a8d01"
25.434800, 35.5110816955566, 26045184, 0, 0, "590b0e42 0000 006b8d01"
25.434850, 19.0005321502686, 26045235, 0, 0, "17019841 0000 336b8d01"
25.434900, 31.2800006866455, 26045286, 1, TriggerDetected, "713dfa41 0100 666b8d01"
25.434950, 39.1468925476074, 26045337, 0, 0, "6b961c42 0000 996b8d01"
25.435000, 21.3378849029541, 26045389, 0, 0, "fdb3aa41 0000 cd6b8d01"
25.435050, 25.9942359924316, 26045440, 0, 0, "32f4cf41 0000 006c8d01"
25.435100, 40.5325088500977, 26045491, 1, TriggerDetected, "4a212242 0100 336c8d01"
25.435150, 25.6478080749512, 26045542, 0, 0, "b62ecd41 0000 666c8d01"
25.435200, 21.5793399810791, 26045593, 0, 0, "7da2ac41 0000 996c8d01"
25.435250, 39.3232650756836, 26045645, 1, TriggerDetected, "064b1d42 0100 cd6c8d01"
25.435300, 30.9063987731934, 26045696, 0, 0, "4e40f741 0000 006d8d01"
25.435350, 19.079963684082, 26045747, 0, 0, "c4a39841 0000 336d8d01"
25.435400, 35.819751739502, 26045798, 1, TriggerDetected, "6d470f42 0100 666d8d01"
25.435450, 35.8722877502441, 26045849, 0, 0, "397d0f42 0000 996d8d01"
25.435500, 19.0983848571777, 26045901, 0, 0, "7ec99841 0000 cd6d8d01"
25.435550, 30.8426055908203, 26045952, 1, TriggerDetected, "a8bdf641 0100 006e8d01"
25.435600, 39.3578910827637, 26046003, 0, 0, "7b6e1d42 0000 336e8d01"
25.435650, 21.6216945648193, 26046054, 0, 0, "3bf9ac41 0000 666e8d01"
25.435700, 25.5842437744141, 26046105, 0, 0, "88accc41 0000 996e8d01"
25.435750, 40.531566619873, 26046157, 1, TriggerDetected, "53202242 0100 cd6e8d01"
25.435800, 26.0565185546875, 26046208, 0, 0, "c073d041 0000 006f8d01"
25.435850, 21.2897529602051, 26046259, 0, 0, "6a51aa41 0000 336f8d01"
25.435900, 39.1217460632324, 26046310, 1, TriggerDetected, "ab7c1c42 0100 666f8d01"
25.435950, 31.3495788574219, 26046361, 0, 0, "f0cbfa41 0000 996f8d01"
25.436000, 18.9872608184814, 26046413, 0, 0, "e9e59741 0000 cd6f8d01"
25.436050, 35.4502410888672, 26046464, 1, TriggerDetected, "0ccd0d42 0100 00708d01"
25.436100, 36.2274398803711, 26046515, 0, 0, "e6e81042 0000 33708d01"
25.436150, 19.2183952331543, 26046566, 0, 0, "46bf9941 0000 66708d01"
25.436200, 30.4067554473877, 26046617, 1, TriggerDetected, "0941f341 0100 99708d01"
25.436250, 39.5458717346191, 26046669, 0, 0, "f92e1e42 0000 cd708d01"
25.436300, 21.9290065765381, 26046720, 0, 0, "9b6eaf41 0000 00718d01"
25.436350, 25.1804447174072, 26046771, 0, 0, "8d71c941 0000 33718d01"
25.436400, 40.5127716064453, 26046822, 1, TriggerDetected, "140d2242 0100 66718d01"
25.436450, 26.4804916381836, 26046873, 0, 0, "0cd8d341 0000 99718d01"
25.436500, 21.018138885498, 26046925, 0, 0, "2625a841 0000 cd718d01"
25.436550, 38.8952674865723, 26046976, 1, TriggerDetected, "c1941b42 0100 00728d01"
25.436600, 31.7766876220703, 26047027, 0, 0, "a836fe41 0000 33728d01"
25.436650, 18.9092102050781, 26047078, 0, 0, "10469741 0000 66728d01"
25.436700, 35.0789947509766, 26047129, 1, TriggerDetected, "e4500c42 0100 99728d01"
25.436750, 36.5755577087402, 26047181, 0, 0, "5f4d1242 0000 cd728d01"
25.436800, 19.3539657592773, 26047232, 0, 0, "ecd49a41 0000 00738d01"
25.436850, 29.966646194458, 26047283, 0, 0, "b1bbef41 0000 33738d01"
25.436900, 39.7232208251953, 26047334, 1, TriggerDetected, "94e41e42 0100 66738d01"
25.436950, 22.2465686798096, 26047385, 0, 0, "f9f8b141 0000 99738d01"
25.437000, 24.7812805175781, 26047437, 0, 0, "1040c641 0000 cd738d01"
25.437050, 40.4743423461914, 26047488, 1, TriggerDetected, "bae52142 0100 00748d01"
25.437100, 26.9003257751465, 26047539, 0, 0, "de33d741 0000 33748d01"
25.437150, 20.7509937286377, 26047590, 0, 0, "0902a641 0000 66748d01"
25.437200, 38.6542472839355, 26047641, 1, TriggerDetected, "f39d1a42 0100 99748d01"
25.437250, 32.2050247192383, 26047693, 0, 0, "f2d10042 0000 cd748d01"
25.437300, 18.8413543701172, 26047744, 0, 0, "18bb9641 0000 00758d01"
25.437350, 34.6877288818359, 26047795, 1, TriggerDetected, "3cc00a42 0100 33758d01"
25.437400, 36.9057464599609, 26047846, 0, 0, "7c9f1342 0000 66758d01"
25.437450, 19.5058307647705, 26047897, 0, 0, "f10b9c41 0000 99758d01"
25.437500, 29.5275096893311, 26047949, 0, 0, "5738ec41 0000 cd758d01"
25.437550, 39.8824806213379, 26048000, 1, TriggerDetected, "a9871f42 0100 00768d01"
25.437600, 22.5729656219482, 26048051, 0, 0, "6f95b441 0000 33768d01"
25.437650, 24.3884353637695, 26048102, 0, 0, "841bc341 0000 66768d01"
25.437700, 40.4148178100586, 26048153, 1, TriggerDetected, "c6a82142 0100 99768d01"
25.437750, 27.3253936767578, 26048205, 0, 0, "689ada41 0000 cd768d01"
25.437800, 20.5096607208252, 26048256, 0, 0, "c913a441 0000 00778d01"
25.437850, 38.397388458252, 26048307, 1, TriggerDetected, "ed961942 0100 33778d01"
25.437900, 32.6298713684082, 26048358, 0, 0, "fd840242 0000 66778d01"
25.437950, 18.7988567352295, 26048409, 0, 0, "0f649641 0000 99778d01"
25.438000, 34.2944145202637, 26048461, 1, TriggerDetected, "7b2d0942 0100 cd778d01"
25.438050, 37.2273406982422, 26048512, 0, 0, "cce81442 0000 00788d01"
25.438100, 19.6668224334717, 26048563, 0, 0, "a7559d41 0000 33788d01"
25.438150, 29.0839328765869, 26048614, 0, 0, "e5abe841 0000 66788d01"
25.438200, 40.0189895629883, 26048665, 1, TriggerDetected, "72132042 0100 99788d01"
25.438250, 22.9131278991699, 26048717, 0, 0, "164eb741 0000 cd788d01"
25.438300, 24.0090732574463, 26048768, 0, 0, "9512c041 0000 00798d01"
25.438350, 40.3491744995117, 26048819, 1, TriggerDetected, "8e652142 0100 33798d01"
25.438400, 27.7566699981689, 26048870, 0, 0, "a90dde41 0000 66798d01"
25.438450, 20.2744178771973, 26048921, 0, 0, "0232a241 0000 99798d01"
25.438500, 38.1276588439941, 26048973, 1, TriggerDetected, "b9821842 0100 cd798d01"
25.438550, 33.0558128356934, 26049024, 0, 0, "27390442 0000 007a8d01"
25.438600, 18.7720775604248, 26049075, 0, 0, "372d9641 0000 337a8d01"
25.438650, 33.8934135437012, 26049126, 1, TriggerDetected, "db920742 0100 667a8d01"
25.438700, 37.5350608825684, 26049177, 0, 0, "e7231642 0000 997a8d01"
25.438750, 19.8499488830566, 26049229, 0, 0, "b2cc9e41 0000 cd7a8d01"
25.438800, 28.6480846405029, 26049280, 0, 0, "472fe541 0000 007b8d01"
25.438850, 40.1516189575195, 26049331, 1, TriggerDetected, "429b2042 0100 337b8d01"
25.438900, 23.2650146484375, 26049382, 0, 0, "c01eba41 0000 667b8d01"
25.438950, 23.6396236419678, 26049433, 0, 0, "f31dbd41 0000 997b8d01"
25.439000, 40.2562713623047, 26049485, 1, TriggerDetected, "6c062142 0100 cd7b8d01"
25.439050, 28.1924648284912, 26049536, 0, 0, "2b8ae141 0000 007c8d01"
25.439100, 20.0614070892334, 26049587, 0, 0, "c37da041 0000 337c8d01"
25.439150, 37.8528861999512, 26049638, 1, TriggerDetected, "5b691742 0100 667c8d01"
25.439200, 33.4663581848145, 26049689, 0, 0, "8ddd0542 0000 997c8d01"
25.439250, 18.7598724365234, 26049741, 0, 0, "38149641 0000 cd7c8d01"
25.439300, 33.4831275939941, 26049792, 1, TriggerDetected, "b9ee0542 0100 007d8d01"
25.439350, 37.837085723877, 26049843, 0, 0, "2d591742 0000 337d8d01"
25.439400, 20.053955078125, 26049894, 0, 0, "806ea041 0000 667d8d01"
25.439450, 28.2078647613525, 26049945, 0, 0, "b5a9e141 0000 997d8d01"
25.439500, 40.2582244873047, 26049997, 1, TriggerDetected, "6c082142 0100 cd7d8d01"
25.439550, 23.6260147094727, 26050048, 0, 0, "1402bd41 0000 007e8d01"
25.439600, 23.2786426544189, 26050099, 0, 0, "a93aba41 0000 337e8d01"
25.439650, 40.157283782959, 26050150, 1, TriggerDetected, "0fa12042 0100 667e8d01"
25.439700, 28.6280536651611, 26050201, 0, 0, "4106e541 0000 997e8d01"
25.439750, 19.8640995025635, 26050253, 0, 0, "ade99e41 0000 cd7e8d01"
25.439800, 37.5519866943359, 26050304, 1, TriggerDetected, "3c351642 0100 007f8d01"
25.439850, 33.8764038085938, 26050355, 0, 0, "70810742 0000 337f8d01"
25.439900, 18.7735176086426, 26050406, 0, 0, "2a309641 0000 667f8d01"
25.439950, 33.0702133178711, 26050457, 1, TriggerDetected, "e6470442 0100 997f8d01"
25.440000, 38.1167907714844, 26050509, 0, 0, "98771842 0000 cd7f8d01"
25.440050, 20.2672119140625, 26050560, 0, 0, "4023a241 0000 00808d01"
25.440100, 27.7743473052979, 26050611, 0, 0, "dd31de41 0000 33808d01"
25.440150, 40.3468360900879, 26050662, 1, TriggerDetected, "29632142 0100 66808d01"
25.440200, 24.0023498535156, 26050713, 0, 0, "d004c041 0000 99808d01"
25.440250, 22.9337844848633, 26050765, 0, 0, "6478b741 0000 cd808d01"
25.440300, 40.0323638916016, 26050816, 1, TriggerDetected, "24212042 0100 00818d01"
25.440350, 29.0686874389648, 26050867, 0, 0, "ac8ce841 0000 33818d01"
25.440400, 19.6771755218506, 26050918, 0, 0, "db6a9d41 0000 66818d01"
25.440450, 37.2488746643066, 26050969, 1, TriggerDetected, "d9fe1442 0100 99818d01"
25.440500, 34.2815895080566, 26051021, 0, 0, "59200942 0000 cd818d01"
25.440550, 18.7983093261719, 26051072, 0, 0, "f0629641 0000 00828d01"
25.440600, 32.6518402099609, 26051123, 1, TriggerDetected, "7c9b0242 0100 33828d01"
25.440650, 38.3884811401367, 26051174, 0, 0, "ce8d1942 0000 66828d01"
25.440700, 20.5017395019531, 26051225, 0, 0, "9003a441 0000 99828d01"
25.440750, 27.346773147583, 26051277, 0, 0, "31c6da41 0000 cd828d01"
25.440800, 40.4166793823242, 26051328, 1, TriggerDetected, "aeaa2142 0100 00838d01"
25.440850, 24.3751411437988, 26051379, 0, 0, "4a00c341 0000 33838d01"
25.440900, 22.5843830108643, 26051430, 0, 0, "d1acb441 0000 66838d01"
25.440950, 39.8840599060059, 26051481, 1, TriggerDetected, "47891f42 0100 99838d01"
25.441000, 29.5072345733643, 26051533, 0, 0, "d10eec41 0000 cd838d01"
25.441050, 19.5086803436279, 26051584, 0, 0, "c7119c41 0000 00848d01"
25.441100, 36.9247779846191, 26051635, 1, TriggerDetected, "f9b21342 0100 33848d01"
25.441150, 34.6720390319824, 26051686, 0, 0, "2bb00a42 0000 66848d01"
25.441200, 18.8450984954834, 26051737, 0, 0, "c3c29641 0000 99848d01"
25.441250, 32.2270965576172, 26051789, 1, TriggerDetected, "8ce80042 0100 cd848d01"
25.441300, 38.6393356323242, 26051840, 0, 0, "ae8e1a42 0000 00858d01"
25.441350, 20.7494487762451, 26051891, 0, 0, "dffea541 0000 33858d01"
25.441400, 26.9230461120605, 26051942, 0, 0, "6662d741 0000 66858d01"
25.441450, 40.477222442627, 26051993, 1, TriggerDetected, "ade82142 0100 99858d01"
25.441500, 24.7664623260498, 26052045, 0, 0, "b721c641 0000 cd858d01"
25.441550, 22.2584953308105, 26052096, 0, 0, "6611b241 0000 00868d01"
25.441600, 39.7299041748047, 26052147, 1, TriggerDetected, "6ceb1e42 0100 33868d01"
25.441650, 29.947416305542, 26052198, 0, 0, "4f94ef41 0000 66868d01"
25.441700, 19.3583602905273, 26052249, 0, 0, "ecdd9a41 0000 99868d01"
25.441750, 36.5895233154297, 26052301, 1, TriggerDetected, "ac5b1242 0100 cd868d01"
25.441800, 35.060302734375, 26052352, 0, 0, "c03d0c42 0000 00878d01"
25.441850, 18.9060325622559, 26052403, 0, 0, "8e3f9741 0000 33878d01"
25.441900, 31.7980289459229, 26052454, 1, TriggerDetected, "5d62fe41 0100 66878d01"
25.441950, 38.8824043273926, 26052505, 0, 0, "95871b42 0000 99878d01"
25.442000, 21.0079364776611, 26052557, 0, 0, "4110a841 0000 cd878d01"
25.442050, 26.497730255127, 26052608, 0, 0, "5afbd341 0000 00888d01"
25.442100, 40.5107879638672, 26052659, 1, TriggerDetected, "0c0b2242 0100 33888d01"
25.442150, 25.1627559661865, 26052710, 0, 0, "534dc941 0000 66888d01"
25.442200, 21.9397258758545, 26052761, 0, 0, "8f84af41 0000 99888d01"
25.442250, 39.5550231933594, 26052813, 1, TriggerDetected, "58381e42 0100 cd888d01"
25.442300, 30.3930149078369, 26052864, 0, 0, "e524f341 0000 00898d01"
25.442350, 19.2277774810791, 26052915, 0, 0, "7dd29941 0000 33898d01"
25.442400, 36.2485504150391, 26052966, 1, TriggerDetected, "84fe1042 0100 66898d01"
25.442450, 35.4337463378906, 26053017, 0, 0, "28bc0d42 0000 99898d01"
25.442500, 18.9829158782959, 26053069, 0, 0, "03dd9741 0000 cd898d01"
25.442550, 31.3642196655273, 26053120, 1, TriggerDetected, "ece9fa41 0100 008a8d01"
25.442600, 39.1096305847168, 26053171, 0, 0, "43701c42 0000 338a8d01"
25.442650, 21.2789306640625, 26053222, 0, 0, "403baa41 0000 668a8d01"
25.442700, 26.0744132995605, 26053273, 0, 0, "6698d041 0000 998a8d01"
25.442750, 40.528621673584, 26053325, 1, TriggerDetected, "4f1d2242 0100 cd8a8d01"
25.442800, 25.5687580108643, 26053376, 0, 0, "d18ccc41 0000 008b8d01"
25.442850, 21.6372699737549, 26053427, 0, 0, "2119ad41 0000 338b8d01"
25.442900, 39.3673515319824, 26053478, 1, TriggerDetected, "2b781d42 0100 668b8d01"
25.442950, 30.8244514465332, 26053529, 0, 0, "7a98f641 0000 998b8d01"
25.443000, 19.1020278930664, 26053581, 0, 0, "f4d09841 0000 cd8b8d01"
25.443050, 35.88232421875, 26053632, 1, TriggerDetected, "80870f42 0100 008c8d01"
25.443100, 35.8031997680664, 26053683, 0, 0, "7a360f42 0000 338c8d01"
25.443150, 19.0777359008789, 26053734, 0, 0, "349f9841 0000 668c8d01"
25.443200, 30.924934387207, 26053785, 1, TriggerDetected, "4466f741 0100 998c8d01"
25.443250, 39.3149490356445, 26053837, 0, 0, "82421d42 0000 cd8c8d01"
25.443300, 21.5644302368164, 26053888, 0, 0, "f483ac41 0000 008d8d01"
25.443350, 25.6633720397949, 26053939, 0, 0, "964ecd41 0000 338d8d01"
25.443400, 40.5350952148438, 26053990, 1, TriggerDetected, "f0232242 0100 668d8d01"
25.443450, 25.9760837554932, 26054041, 0, 0, "05cfcf41 0000 998d8d01"
25.443500, 21.3408813476563, 26054093, 0, 0, "20baaa41 0000 cd8d8d01"
25.443550, 39.1542549133301, 26054144, 1, TriggerDetected, "f59d1c42 0100 008e8d01"
25.443600, 31.257495880127, 26054195, 0, 0, "5a0ffa41 0000 338e8d01"
25.443650, 19.0004367828369, 26054246, 0, 0, "e5009841 0000 668e8d01"
25.443700, 35.5226135253906, 26054297, 1, TriggerDetected, "28170e42 0100 998e8d01"
25.443750, 36.1609649658203, 26054349, 0, 0, "d4a41042 0000 cd8e8d01"
25.443800, 19.1930980682373, 26054400, 0, 0, "778b9941 0000 008f8d01"
25.443850, 30.4894237518311, 26054451, 1, TriggerDetected, "57eaf341 0100 338f8d01"
25.443900, 39.514102935791, 26054502, 0, 0, "710e1e42 0000 668f8d01"
25.443950, 21.8702507019043, 26054553, 0, 0, "46f6ae41 0000 998f8d01"
25.444000, 25.2577381134033, 26054605, 0, 0, "d90fca41 0000 cd8f8d01"
25.444050, 40.5141830444336, 26054656, 1, TriggerDetected, "860e2242 0100 00908d01"
25.444100, 26.3938522338867, 26054707, 0, 0, "9c26d341 0000 33908d01"
25.444150, 21.0679244995117, 26054758, 0, 0, "1c8ba841 0000 66908d01"
25.444200, 38.936882019043, 26054809, 1, TriggerDetected, "5ebf1b42 0100 99908d01"
25.444250, 31.6965465545654, 26054861, 0, 0, "8792fd41 0000 cd908d01"
25.444300, 18.916576385498, 26054912, 0, 0, "26559741 0000 00918d01"
25.444350, 35.1457023620605, 26054963, 1, TriggerDetected, "33950c42 0100 33918d01"
25.444400, 36.5107345581055, 26055014, 0, 0, "fe0a1242 0000 66918d01"
25.444450, 19.324312210083, 26055065, 0, 0, "31989a41 0000 99918d01"
25.444500, 30.05149269104, 26055117, 1, TriggerDetected, "7569f041 0100 cd918d01"
25.444550, 39.6873321533203, 26055168, 0, 0, "d4bf1e42 0000 00928d01"
25.444600, 22.1788806915283, 26055219, 0, 0, "596eb141 0000 33928d01"
25.444650, 24.8564319610596, 26055270, 0, 0, "f9d9c641 0000 66928d01"
25.444700, 40.484073638916, 26055321, 1, TriggerDetected, "b1ef2142 0100 99928d01"
25.444750, 26.8122539520264, 26055373, 0, 0, "7f7fd641 0000 cd928d01"
25.444800, 20.7950210571289, 26055424, 0, 0, "345ca641 0000 00938d01"
25.444850, 38.6962127685547, 26055475, 1, TriggerDetected, "ecc81a42 0100 33938d01"
25.444900, 32.1225776672363, 26055526, 0, 0, "857d0042 0000 66938d01"
25.444950, 18.851411819458, 26055577, 0, 0, "b1cf9641 0000 99938d01"
25.445000, 34.7684097290039, 26055629, 1, TriggerDetected, "da120b42 0100 cd938d01"
25.445050, 36.8464088439941, 26055680, 0, 0, "b9621342 0000 00948d01"
25.445100, 19.4703636169434, 26055731, 0, 0, "4ec39b41 0000 33948d01"
25.445150, 29.6114349365234, 26055782, 0, 0, "38e4ec41 0000 66948d01"
25.445200, 39.8504753112793, 26055833, 1, TriggerDetected, "e3661f42 0100 99948d01"
25.445250, 22.5072231292725, 26055885, 0, 0, "cb0eb441 0000 cd948d01"
25.445300, 24.4674072265625, 26055936, 0, 0, "40bdc341 0000 00958d01"
25.445350, 40.4333229064941, 26055987, 1, TriggerDetected, "b9bb2142 0100 33958d01"
25.445400, 27.2409267425537, 26056038, 0, 0, "6bedd941 0000 66958d01"
25.445450, 20.5533504486084, 26056089, 0, 0, "436da441 0000 99958d01"
25.445500, 38.4489669799805, 26056141, 1, TriggerDetected, "becb1942 0100 cd958d01"
25.445550, 32.5494346618652, 26056192, 0, 0, "9f320242 0000 00968d01"
25.445600, 18.8064384460449, 26056243, 0, 0, "96739641 0000 33968d01"
25.445650, 34.3709907531738, 26056294, 1, TriggerDetected, "e57b0942 0100 66968d01"
25.445700, 37.166202545166, 26056345, 0, 0, "31aa1442 0000 99968d01"
25.445750, 19.6332855224609, 26056397, 0, 0, "f8109d41 0000 cd968d01"
25.445800, 29.1702976226807, 26056448, 0, 0, "c55ce941 0000 00978d01"
25.445850, 39.9946975708008, 26056499, 1, TriggerDetected, "92fa1f42 0100 33978d01"
25.445900, 22.8427200317383, 26056550, 0, 0, "e4bdb641 0000 66978d01"
25.445950, 24.0826759338379, 26056601, 0, 0, "52a9c041 0000 99978d01"
25.446000, 40.3587951660156, 26056653, 1, TriggerDetected, "686f2142 0100 cd978d01"
25.446050, 27.6729412078857, 26056704, 0, 0, "2f62dd41 0000 00988d01"
25.446100, 20.3188724517822, 26056755, 0, 0, "0d8da241 0000 33988d01"
25.446150, 38.1825485229492, 26056806, 1, TriggerDetected, "eeba1842 0100 66988d01"
25.446200, 32.9706535339355, 26056857, 0, 0, "f3e10342 0000 99988d01"
25.446250, 18.7761344909668, 26056909, 0, 0, "86359641 0000 cd988d01"
25.446300, 33.9716529846191, 26056960, 1, TriggerDetected, "f9e20742 0100 00998d01"
25.446350, 37.4758682250977, 26057011, 0, 0, "4ae71542 0000 33998d01"
25.446400, 19.8110809326172, 26057062, 0, 0, "187d9e41 0000 66998d01"
25.446450, 28.7274837493896, 26057113, 0, 0, "e3d1e541 0000 99998d01"
25.446500, 40.1162376403809, 26057165, 1, TriggerDetected, "07772042 0100 cd998d01"
25.446550, 23.1918754577637, 26057216, 0, 0, "f688b941 0000 009a8d01"
25.446600, 23.7110347747803, 26057267, 0, 0, "33b0bd41 0000 339a8d01"
25.446650, 40.2769165039063, 26057318, 1, TriggerDetected, "901b2142 0100 669a8d01"
25.446700, 28.1036262512207, 26057369, 0, 0, "3ad4e041 0000 999a8d01"
25.446750, 20.100227355957, 26057421, 0, 0, "44cda041 0000 cd9a8d01"
25.446800, 37.8997459411621, 26057472, 1, TriggerDetected, "57991742 0100 009b8d01"
25.446850, 33.3907318115234, 26057523, 0, 0, "1c900542 0000 339b8d01"
25.446900, 18.7622928619385, 26057574, 0, 0, "2d199641 0000 669b8d01"
25.446950, 33.5640678405762, 26057625, 1, TriggerDetected, "9b410642 0100 999b8d01"
25.447000, 37.7738037109375, 26057677, 0, 0, "60181742 0000 cd9b8d01"
25.447050, 20.0075874328613, 26057728, 0, 0, "8a0fa041 0000 009c8d01"
25.447100, 28.2919540405273, 26057779, 0, 0, "ec55e241 0000 339c8d01"
25.447150, 40.2346878051758, 26057830, 1, TriggerDetected, "52f02042 0100 669c8d01"
25.447200, 23.5533313751221, 26057881, 0, 0, "396dbc41 0000 999c8d01"
25.447250, 23.3461055755615, 26057933, 0, 0, "d3c4ba41 0000 cd9c8d01"
25.447300, 40.176082611084, 26057984, 1, TriggerDetected, "4fb42042 0100 009d8d01"
25.447350, 28.5485515594482, 26058035, 0, 0, "6f63e441 0000 339d8d01"
25.447400, 19.9012603759766, 26058086, 0, 0, "c8359f41 0000 669d8d01"
25.447450, 37.6125068664551, 26058137, 1, TriggerDetected, "35731642 0100 999d8d01"
25.447500, 33.7965431213379, 26058189, 0, 0, "a92f0742 0000 cd9d8d01"
25.447550, 18.7674446105957, 26058240, 0, 0, "ba239641 0000 009e8d01"
25.447600, 33.1522216796875, 26058291, 1, TriggerDetected, "e09b0442 0100 339e8d01"
25.447650, 38.0718231201172, 26058342, 0, 0, "8c491842 0000 669e8d01"
25.447700, 20.2279281616211, 26058393, 0, 0, "ccd2a141 0000 999e8d01"
25.447750, 27.8641452789307, 26058445, 0, 0, "c5e9de41 0000 cd9e8d01"
25.447800, 40.3251457214355, 26058496, 1, TriggerDetected, "f34c2142 0100 009f8d01"
25.447850, 23.9266223907471, 26058547, 0, 0, "b969bf41 0000 339f8d01"
25.447900, 22.9978065490723, 26058598, 0, 0, "82fbb741 0000 669f8d01"
25.447950, 40.0581016540527, 26058649, 1, TriggerDetected, "7f3b2042 0100 999f8d01"
25.448000, 28.9857063293457, 26058701, 0, 0, "bae2e741 0000 cd9f8d01"
25.448050, 19.7092437744141, 26058752, 0, 0, "88ac9d41 0000 00a08d01"
25.448100, 37.302433013916, 26058803, 1, TriggerDetected, "b1351542 0100 33a08d01"
25.448150, 34.2028770446777, 26058854, 0, 0, "bfcf0842 0000 66a08d01"
25.448200, 18.7934017181396, 26058905, 0, 0, "e3589641 0000 99a08d01"
25.448250, 32.735466003418, 26058957, 1, TriggerDetected, "1ef10242 0100 cda08d01"
25.448300, 38.3340682983398, 26059008, 0, 0, "16561942 0000 00a18d01"
25.448350, 20.451789855957, 26059059, 0, 0, "449da341 0000 33a18d01"
25.448400, 27.4267444610596, 26059110, 0, 0, "f969db41 0000 66a18d01"
25.448450, 40.4070091247559, 26059161, 1, TriggerDetected, "c7a02142 0100 99a18d01"
25.448500, 24.3032817840576, 26059213, 0, 0, "1f6dc241 0000 cda18d01"
25.448550, 22.6554641723633, 26059264, 0, 0, "643eb541 0000 00a28d01"
25.448600, 39.915771484375, 26059315, 1, TriggerDetected, "c0a91f42 0100 33a28d01"
25.448650, 29.4241924285889, 26059366, 0, 0, "bf64eb41 0000 66a28d01"
25.448700, 19.5410480499268, 26059417, 0, 0, "11549c41 0000 99a28d01"
25.448750, 36.9873733520508, 26059469, 1, TriggerDetected, "12f31342 0100 cda28d01"
25.448800, 34.5966529846191, 26059520, 0, 0, "f9620a42 0000 00a38d01"
25.448850, 18.8314723968506, 26059571, 0, 0, "dba69641 0000 33a38d01"
25.448900, 32.3057479858398, 26059622, 1, TriggerDetected, "16390142 0100 66a38d01"
25.448950, 38.59326171875, 26059673, 0, 0, "805f1a42 0000 99a38d01"
25.449000, 20.6950016021729, 26059725, 0, 0, "5d8fa541 0000 cda38d01"
25.449050, 26.9978351593018, 26059776, 0, 0, "91fbd741 0000 00a48d01"
25.449100, 40.4616622924805, 26059827, 1, TriggerDetected, "bed82142 0100 33a48d01"
25.449150, 24.6919498443604, 26059878, 0, 0, "1d89c541 0000 66a48d01"
25.449200, 22.320255279541, 26059929, 0, 0, "e28fb241 0000 99a48d01"
25.449250, 39.7644577026367, 26059981, 1, TriggerDetected, "ce0e1f42 0100 cda48d01"
25.449300, 29.8641529083252, 26060032, 0, 0, "c9e9ee41 0000 00a58d01"
25.449350, 19.386100769043, 26060083, 0, 0, "bc169b41 0000 33a58d01"
25.449400, 36.6552658081055, 26060134, 1, TriggerDetected, "fe9e1242 0100 66a58d01"
25.449450, 34.9826545715332, 26060185, 0, 0, "3dee0b42 0000 99a58d01"
25.449500, 18.8891487121582, 26060237, 0, 0, "fa1c9741 0000 cda58d01"
25.449550, 31.8818397521973, 26060288, 1, TriggerDetected, "020eff41 0100 00a68d01"
25.449600, 38.8383255004883, 26060339, 0, 0, "725a1b42 0000 33a68d01"
25.449650, 20.9543399810791, 26060390, 0, 0, "7da2a741 0000 66a68d01"
25.449700, 26.5758533477783, 26060441, 0, 0, "599bd441 0000 99a68d01"
25.449750, 40.509220123291, 26060493, 1, TriggerDetected, "71092242 0100 cda68d01"
25.449800, 25.0900135040283, 26060544, 0, 0, "59b8c841 0000 00a78d01"
25.449850, 22.0032482147217, 26060595, 0, 0, "a706b041 0000 33a78d01"
25.449900, 39.5929298400879, 26060646, 1, TriggerDetected, "295f1e42 0100 66a78d01"
25.449950, 30.3049850463867, 26060697, 0, 0, "9c70f241 0000 99a78d01"
25.450000, 19.2479209899902, 26060749, 0, 0, "befb9941 0000 cda78d01"
25.450050, 36.3132743835449, 26060800, 1, TriggerDetected, "cb401142 0100 00a88d01"
25.450100, 35.3643951416016, 26060851, 0, 0, "24750d42 0000 33a88d01"
25.450150, 18.9681282043457, 26060902, 0, 0, "babe9741 0000 66a88d01"
25.450200, 31.4475193023682, 26060953, 1, TriggerDetected, "8594fb41 0100 99a88d01"
25.450250, 39.0630340576172, 26061005, 0, 0, "8c401c42 0000 cda88d01"
25.450300, 21.231201171875, 26061056, 0, 0, "80d9a941 0000 00a98d01"
25.450350, 26.1598796844482, 26061107, 0, 0, "6f47d141 0000 33a98d01"
25.450400, 40.528881072998, 26061158, 1, TriggerDetected, "931d2242 0100 66a98d01"
25.450450, 25.490478515625, 26061209, 0, 0, "80eccb41 0000 99a98d01"
25.450500, 21.6965007781982, 26061261, 0, 0, "6f92ad41 0000 cda98d01"
25.450550, 39.4059982299805, 26061312, 1, TriggerDetected, "be9f1d42 0100 00aa8d01"
25.450600, 30.7407722473145, 26061363, 0, 0, "1aedf541 0000 33aa8d01"
25.450650, 19.1223964691162, 26061414, 0, 0, "abfa9841 0000 66aa8d01"
25.450700, 35.9594764709473, 26061465, 1, TriggerDetected, "81d60f42 0100 99aa8d01"
25.450750, 35.7312927246094, 26061517, 0, 0, "d8ec0e42 0000 cdaa8d01"
25.450800, 19.0606918334961, 26061568, 0, 0, "4c7c9841 0000 00ab8d01"
25.450850, 31.0106067657471, 26061619, 1, TriggerDetected, "b915f841 0100 33ab8d01"
25.450900, 39.2818946838379, 26061670, 0, 0, "a9201d42 0000 66ab8d01"
25.450950, 21.5127429962158, 26061721, 0, 0, "191aac41 0000 99ab8d01"
25.451000, 25.7475318908691, 26061773, 0, 0, "f2facd41 0000 cdab8d01"
25.451050, 40.5348663330078, 26061824, 1, TriggerDetected, "b4232242 0100 00ac8d01"
25.451100, 25.8986568450928, 26061875, 0, 0, "7330cf41 0000 33ac8d01"
25.451150, 21.4036865234375, 26061926, 0, 0, "c03aab41 0000 66ac8d01"
25.451200, 39.2029037475586, 26061977, 1, TriggerDetected, "c6cf1c42 0100 99ac8d01"
25.451250, 31.174732208252, 26062029, 0, 0, "da65f941 0000 cdac8d01"
25.451300, 19.0240173339844, 26062080, 0, 0, "30319841 0000 00ad8d01"
25.451350, 35.5907287597656, 26062131, 1, TriggerDetected, "e85c0e42 0100 33ad8d01"
25.451400, 36.091365814209, 26062182, 0, 0, "8f5d1042 0000 66ad8d01"
25.451450, 19.1662464141846, 26062233, 0, 0, "79549941 0000 99ad8d01"
25.451500, 30.5761489868164, 26062285, 1, TriggerDetected, "f49bf441 0100 cdad8d01"
25.451550, 39.4734306335449, 26062336, 0, 0, "cbe41d42 0000 00ae8d01"
25.451600, 21.806510925293, 26062387, 0, 0, "bc73ae41 0000 33ae8d01"
25.451650, 25.3318653106689, 26062438, 0, 0, "a9a7ca41 0000 66ae8d01"
25.451700, 40.5163917541504, 26062489, 1, TriggerDetected, "c9102242 0100 99ae8d01"
25.451750, 26.3151149749756, 26062541, 0, 0, "5b85d241 0000 cdae8d01"
25.451800, 21.1219425201416, 26062592, 0, 0, "bdf9a841 0000 00af8d01"
25.451850, 38.9823150634766, 26062643, 1, TriggerDetected, "e4ed1b42 0100 33af8d01"
25.451900, 31.6148548126221, 26062694, 0, 0, "39ebfc41 0000 66af8d01"
25.451950, 18.9398632049561, 26062745, 0, 0, "d7849741 0000 99af8d01"
25.452000, 35.2198486328125, 26062797, 1, TriggerDetected, "20e10c42 0100 cdaf8d01"
25.452050, 36.4411239624023, 26062848, 0, 0, "b6c31142 0000 00b08d01"
25.452100, 19.2972831726074, 26062899, 0, 0, "d6609a41 0000 33b08d01"
25.452150, 30.1404209136963, 26062950, 1, TriggerDetected, "951ff141 0100 66b08d01"
25.452200, 39.6604423522949, 26063001, 0, 0, "4ba41e42 0000 99b08d01"
25.452250, 22.1205596923828, 26063053, 0, 0, "e8f6b041 0000 cdb08d01"
25.452300, 24.9383640289307, 26063104, 0, 0, "c581c741 0000 00b18d01"
25.452350, 40.4905700683594, 26063155, 1, TriggerDetected, "58f62142 0100 33b18d01"
25.452400, 26.7400455474854, 26063206, 0, 0, "9debd541 0000 66b18d01"
25.452450, 20.8556652069092, 26063257, 0, 0, "67d8a641 0000 99b18d01"
25.452500, 38.7488632202148, 26063309, 1, TriggerDetected, "d6fe1a42 0100 cdb18d01"
25.452550, 32.0388679504395, 26063360, 0, 0, "cd270042 0000 00b28d01"
25.452600, 18.8641891479492, 26063411, 0, 0, "dce99641 0000 33b28d01"
25.452650, 34.8410682678223, 26063462, 1, TriggerDetected, "415d0b42 0100 66b28d01"
25.452700, 36.7836990356445, 26063513, 0, 0, "82221342 0000 99b28d01"
25.452750, 19.4418888092041, 26063565, 0, 0, "fd889b41 0000 cdb28d01"
25.452800, 29.6974258422852, 26063616, 0, 0, "5494ed41 0000 00b38d01"
25.452850, 39.8174743652344, 26063667, 1, TriggerDetected, "18451f42 0100 33b38d01"
25.452900, 22.4467029571533, 26063718, 0, 0, "d992b341 0000 66b38d01"
25.452950, 24.5418663024902, 26063769, 0, 0, "be55c441 0000 99b38d01"
25.453000, 40.447193145752, 26063821, 1, TriggerDetected, "edc92142 0100 cdb38d01"
25.453050, 27.1621780395508, 26063872, 0, 0, "244cd941 0000 00b48d01"
25.453100, 20.6015720367432, 26063923, 0, 0, "05d0a441 0000 33b48d01"
25.453150, 38.4988594055176, 26063974, 1, TriggerDetected, "d5fe1942 0100 66b48d01"
25.453200, 32.4679298400879, 26064025, 0, 0, "29df0142 0000 99b48d01"
25.453250, 18.8159561157227, 26064077, 0, 0, "14879641 0000 cdb48d01"
25.453300, 34.4520950317383, 26064128, 1, TriggerDetected, "f2ce0942 0100 00b58d01"
25.453350, 37.104377746582, 26064179, 0, 0, "e26a1442 0000 33b58d01"
25.453400, 19.6039009094238, 26064230, 0, 0, "cad49c41 0000 66b58d01"
25.453450, 29.2587070465088, 26064281, 0, 0, "d511ea41 0000 99b58d01"
25.453500, 39.9720611572266, 26064333, 1, TriggerDetected, "64e31f42 0100 cdb58d01"
25.453550, 22.7825756072998, 26064384, 0, 0, "b742b641 0000 00b68d01"
25.453600, 24.1603126525879, 26064435, 0, 0, "5248c141 0000 33b68d01"
25.453650, 40.3809089660645, 26064486, 1, TriggerDetected, "0d862142 0100 66b68d01"
25.453700, 27.590690612793, 26064537, 0, 0, "bcb9dc41 0000 99b68d01"
25.453750, 20.3681774139404, 26064589, 0, 0, "07f2a241 0000 cdb68d01"
25.453800, 38.2370796203613, 26064640, 1, TriggerDetected, "c5f21842 0100 00b78d01"
25.453850, 32.8919563293457, 26064691, 0, 0, "5d910342 0000 33b78d01"
25.453900, 18.7837677001953, 26064742, 0, 0, "28459641 0000 66b78d01"
25.453950, 34.0523529052734, 26064793, 1, TriggerDetected, "9c350842 0100 99b78d01"
25.454000, 37.4202537536621, 26064845, 0, 0, "57ae1542 0000 cdb78d01"
25.454050, 19.779691696167, 26064896, 0, 0, "cf3c9e41 0000 00b88d01"
25.454100, 28.8187046051025, 26064947, 0, 0, "b58ce641 0000 33b88d01"
25.454150, 40.1021919250488, 26064998, 1, TriggerDetected, "a5682042 0100 66b88d01"
25.454200, 23.1246566772461, 26065049, 0, 0, "4cffb841 0000 99b88d01"
25.454250, 23.7804203033447, 26065101, 0, 0, "4d3ebe41 0000 cdb88d01"
25.454300, 40.2940063476563, 26065152, 1, TriggerDetected, "102d2142 0100 00b98d01"
25.454350, 28.0250091552734, 26065203, 0, 0, "3833e041 0000 33b98d01"
25.454400, 20.1392822265625, 26065254, 0, 0, "401da141 0000 66b98d01"
25.454450, 37.9556121826172, 26065305, 1, TriggerDetected, "8cd21742 0100 99b98d01"
25.454500, 33.3058738708496, 26065357, 0, 0, "37390542 0000 cdb98d01"
25.454550, 18.7619743347168, 26065408, 0, 0, "86189641 0000 00ba8d01"
25.454600, 33.6428031921387, 26065459, 1, TriggerDetected, "3b920642 0100 33ba8d01"
25.454650, 37.7208709716797, 26065510, 0, 0, "2ce21642 0000 66ba8d01"
25.454700, 19.9694290161133, 26065561, 0, 0, "64c19f41 0000 99ba8d01"
25.454750, 28.3758201599121, 26065613, 0, 0, "ae01e341 0000 cdba8d01"
25.454800, 40.2096405029297, 26065664, 1, TriggerDetected, "acd62042 0100 00bb8d01"
25.454850, 23.4844226837158, 26065715, 0, 0, "19e0bb41 0000 33bb8d01"
25.454900, 23.413516998291, 26065766, 0, 0, "e24ebb41 0000 66bb8d01"
25.454950, 40.1952972412109, 26065817, 1, TriggerDetected, "fcc72042 0100 99bb8d01"
25.455000, 28.4573726654053, 26065869, 0, 0, "b3a8e341 0000 cdbb8d01"
25.455050, 19.9324951171875, 26065920, 0, 0, "c0759f41 0000 00bc8d01"
25.455100, 37.6649475097656, 26065971, 1, TriggerDetected, "e8a81642 0100 33bc8d01"
25.455150, 33.7201538085938, 26066022, 0, 0, "70e10642 0000 66bc8d01"
25.455200, 18.7637710571289, 26066073, 0, 0, "341c9641 0000 99bc8d01"
25.455250, 33.2299499511719, 26066125, 1, TriggerDetected, "78eb0442 0100 cdbc8d01"
25.455300, 38.0076065063477, 26066176, 0, 0, "ca071842 0000 00bd8d01"
25.455350, 20.1788024902344, 26066227, 0, 0, "306ea141 0000 33bd8d01"
25.455400, 27.9475231170654, 26066278, 0, 0, "8794df41 0000 66bd8d01"
25.455450, 40.3147048950195, 26066329, 1, TriggerDetected, "42422142 0100 99bd8d01"
25.455500, 23.8494358062744, 26066381, 0, 0, "a5cbbe41 0000 cdbd8d01"
25.455550, 23.0585880279541, 26066432, 0, 0, "fd77b841 0000 00be8d01"
25.455600, 40.0770111083984, 26066483, 1, TriggerDetected, "dc4e2042 0100 33be8d01"
25.455650, 28.8981342315674, 26066534, 0, 0, "612fe741 0000 66be8d01"
25.455700, 19.7476062774658, 26066585, 0, 0, "19fb9d41 0000 99be8d01"
25.455750, 37.3669776916504, 26066637, 1, TriggerDetected, "c9771542 0100 cdbe8d01"
25.455800, 34.119930267334, 26066688, 0, 0, "cf7a0842 0000 00bf8d01"
25.455850, 18.7853603363037, 26066739, 0, 0, "6b489641 0000 33bf8d01"
25.455900, 32.8155860900879, 26066790, 1, TriggerDetected, "29430342 0100 66bf8d01"
25.455950, 38.2858772277832, 26066841, 0, 0, "bd241942 0000 99bf8d01"
25.456000, 20.4079303741455, 26066893, 0, 0, "7143a341 0000 cdbf8d01"
25.456050, 27.5107421875, 26066944, 0, 0, "0016dc41 0000 00c08d01"
25.456100, 40.3898506164551, 26066995, 1, TriggerDetected, "358f2142 0100 33c08d01"
25.456150, 24.2263679504395, 26067046, 0, 0, "9acfc141 0000 66c08d01"
25.456200, 22.718132019043, 26067097, 0, 0, "bcbeb541 0000 99c08d01"
25.456250, 39.9421081542969, 26067149, 1, TriggerDetected, "b8c41f42 0100 cdc08d01"
25.456300, 29.3372268676758, 26067200, 0, 0, "a4b2ea41 0000 00c18d01"
25.456350, 19.5745792388916, 26067251, 0, 0, "bd989c41 0000 33c18d01"
25.456400, 37.0485458374023, 26067302, 1, TriggerDetected, "b6311442 0100 66c18d01"
25.456450, 34.5242462158203, 26067353, 0, 0, "d4180a42 0000 99c18d01"
25.456500, 18.8252239227295, 26067405, 0, 0, "0f9a9641 0000 cdc18d01"
25.456550, 32.3904762268066, 26067456, 1, TriggerDetected, "d98f0142 0100 00c28d01"
25.456600, 38.5473747253418, 26067507, 0, 0, "83301a42 0000 33c28d01"
25.456650, 20.6504802703857, 26067558, 0, 0, "2f34a541 0000 66c28d01"
25.456700, 27.0817966461182, 26067609, 0, 0, "85a7d841 0000 99c28d01"
25.456750, 40.4556922912598, 26067661, 1, TriggerDetected, "a1d22142 0100 cdc28d01"
25.456800, 24.6199474334717, 26067712, 0, 0, "a7f5c441 0000 00c38d01"
25.456850, 22.3838977813721, 26067763, 0, 0, "3912b341 0000 33c38d01"
25.456900, 39.7900581359863, 26067814, 1, TriggerDetected, "05291f42 0100 66c38d01"
25.456950, 29.7799606323242, 26067865, 0, 0, "5c3dee41 0000 99c38d01"
25.457000, 19.4127159118652, 26067917, 0, 0, "3e4d9b41 0000 cdc38d01"
25.457050, 36.7198371887207, 26067968, 1, TriggerDetected, "1de11242 0100 00c48d01"
25.457100, 34.9066200256348, 26068019, 0, 0, "61a00b42 0000 33c48d01"
25.457150, 18.8737831115723, 26068070, 0, 0, "82fd9641 0000 66c48d01"
25.457200, 31.9580497741699, 26068121, 1, TriggerDetected, "16aaff41 0100 99c48d01"
25.457250, 38.7911376953125, 26068173, 0, 0, "202a1b42 0000 cdc48d01"
25.457300, 20.9049968719482, 26068224, 0, 0, "6f3da741 0000 00c58d01"
25.457350, 26.6589736938477, 26068275, 0, 0, "9445d541 0000 33c58d01"
25.457400, 40.4969482421875, 26068326, 1, TriggerDetected, "e0fc2142 0100 66c58d01"
25.457450, 25.0084648132324, 26068377, 0, 0, "5611c841 0000 99c58d01"
25.457500, 22.0591430664063, 26068429, 0, 0, "2079b041 0000 cdc58d01"
25.457550, 39.6288146972656, 26068480, 1, TriggerDetected, "e8831e42 0100 00c68d01"
25.457600, 30.2217884063721, 26068531, 0, 0, "39c6f141 0000 33c68d01"
25.457650, 19.2748146057129, 26068582, 0, 0, "d2329a41 0000 66c68d01"
25.457700, 36.3787078857422, 26068633, 1, TriggerDetected, "cc831142 0100 99c68d01"
25.457750, 35.2918739318848, 26068685, 0, 0, "e12a0d42 0000 cdc68d01"
25.457800, 18.9511299133301, 26068736, 0, 0, "ea9b9741 0000 00c78d01"
25.457850, 31.5370845794678, 26068787, 1, TriggerDetected, "f34bfc41 0100 33c78d01"
25.457900, 39.0298347473145, 26068838, 0, 0, "8d1e1c42 0000 66c78d01"
25.457950, 21.1735420227051, 26068889, 0, 0, "6a63a941 0000 99c78d01"
25.458000, 26.2362041473389, 26068941, 0, 0, "bfe3d141 0000 cdc78d01"
25.458050, 40.5267562866211, 26068992, 1, TriggerDetected, "661b2242 0100 00c88d01"
25.458100, 25.4145011901855, 26069043, 0, 0, "e650cb41 0000 33c88d01"
25.458150, 21.7540340423584, 26069094, 0, 0, "4308ae41 0000 66c88d01"
25.458200, 39.4410781860352, 26069145, 1, TriggerDetected, "aac31d42 0100 99c88d01"
25.458250, 30.6526355743408, 26069197, 0, 0, "9938f541 0000 cdc88d01"
25.458300, 19.1475524902344, 26069248, 0, 0, "302e9941 0000 00c98d01"
25.458350, 36.0299682617188, 26069299, 1, TriggerDetected, "b01e1042 0100 33c98d01"
25.458400, 35.6675910949707, 26069350, 0, 0, "9dab0e42 0000 66c98d01"
25.458450, 19.0423450469971, 26069401, 0, 0, "b9569841 0000 99c98d01"
25.458500, 31.0996170043945, 26069453, 1, TriggerDetected, "04ccf841 0100 cdc98d01"
25.458550, 39.2392425537109, 26069504, 0, 0, "fcf41c42 0000 00ca8d01"
25.458600, 21.4564418792725, 26069555, 0, 0, "cba6ab41 0000 33ca8d01"
25.458650, 25.8217926025391, 26069606, 0, 0, "0893ce41 0000 66ca8d01"
25.458700, 40.5360794067383, 26069657, 1, TriggerDetected, "f2242242 0100 99ca8d01"
25.458750, 25.8196544647217, 26069709, 0, 0, "a78ece41 0000 cdca8d01"
25.458800, 21.458625793457, 26069760, 0, 0, "44abab41 0000 00cb8d01"
25.458850, 39.2389945983887, 26069811, 1, TriggerDetected, "bbf41c42 0100 33cb8d01"
25.458900, 31.093936920166, 26069862, 0, 0, "62c0f841 0000 66cb8d01"
25.458950, 19.0410137176514, 26069913, 0, 0, "ff539841 0000 99cb8d01"
25.459000, 35.6659698486328, 26069965, 1, TriggerDetected, "f4a90e42 0100 cdcb8d01"
25.459050, 36.0230255126953, 26070016, 0, 0, "94171042 0000 00cc8d01"
25.459100, 19.1456928253174, 26070067, 0, 0, "612a9941 0000 33cc8d01"
25.459150, 30.6576900482178, 26070118, 1, TriggerDetected, "f342f541 0100 66cc8d01"
25.459200, 39.4389762878418, 26070169, 0, 0, "83c11d42 0000 99cc8d01"
25.459250, 21.7484722137451, 26070221, 0, 0, "dffcad41 0000 cdcc8d01"
25.459300, 25.412504196167, 26070272, 0, 0, "cf4ccb41 0000 00cd8d01"
25.459350, 40.525505065918, 26070323, 1, TriggerDetected, "1e1a2242 0100 33cd8d01"
25.459400, 26.2305564880371, 26070374, 0, 0, "2ed8d141 0000 66cd8d01"
25.459450, 21.1735706329346, 26070425, 0, 0, "7963a941 0000 99cd8d01"
25.459500, 39.0265007019043, 26070477, 1, TriggerDetected, "231b1c42 0100 cdcd8d01"
25.459550, 31.5250663757324, 26070528, 0, 0, "5633fc41 0000 00ce8d01"
25.459600, 18.953254699707, 26070579, 0, 0, "44a09741 0000 33ce8d01"
25.459650, 35.2939300537109, 26070630, 1, TriggerDetected, "fc2c0d42 0100 66ce8d01"
25.459700, 36.3766632080078, 26070681, 0, 0, "b4811142 0000 99ce8d01"
25.459750, 19.2725639343262, 26070733, 0, 0, "362e9a41 0000 cdce8d01"
25.459800, 30.2232666015625, 26070784, 1, TriggerDetected, "40c9f141 0100 00cf8d01"
25.459850, 39.6221923828125, 26070835, 0, 0, "207d1e42 0000 33cf8d01"
25.459900, 22.0633754730225, 26070886, 0, 0, "cb81b041 0000 66cf8d01"
25.459950, 25.0142669677734, 26070937, 0, 0, "381dc841 0000 99cf8d01"
25.460000, 40.5032997131348, 26070989, 1, TriggerDetected, "61032242 0100 cdcf8d01"
25.460050, 26.6559391021729, 26071040, 0, 0, "5d3fd541 0000 00d08d01"
25.460100, 20.907018661499, 26071091, 0, 0, "9341a741 0000 33d08d01"
25.460150, 38.7917633056641, 26071142, 1, TriggerDetected, "c42a1b42 0100 66d08d01"
25.460200, 31.9627571105957, 26071193, 0, 0, "bab3ff41 0000 99d08d01"
25.460250, 18.8797607421875, 26071245, 0, 0, "c0099741 0000 cdd08d01"
25.460300, 34.9130096435547, 26071296, 1, TriggerDetected, "eca60b42 0100 00d18d01"
25.460350, 36.7140159606934, 26071347, 0, 0, "27db1242 0000 33d18d01"
25.460400, 19.4107055664063, 26071398, 0, 0, "20499b41 0000 66d18d01"
25.460450, 29.7809734344482, 26071449, 0, 0, "6f3fee41 0000 99d18d01"
25.460500, 39.7953720092773, 26071501, 1, TriggerDetected, "762e1f42 0100 cdd18d01"
25.460550, 22.3847942352295, 26071552, 0, 0, "0f14b341 0000 00d28d01"
25.460600, 24.6183338165283, 26071603, 0, 0, "59f2c441 0000 33d28d01"
25.460650, 40.452392578125, 26071654, 1, TriggerDetected, "40cf2142 0100 66d28d01"
25.460700, 27.0782947540283, 26071705, 0, 0, "59a0d841 0000 99d28d01"
25.460750, 20.6512203216553, 26071757, 0, 0, "b335a541 0000 cdd28d01"
25.460800, 38.547794342041, 26071808, 1, TriggerDetected, "f1301a42 0100 00d38d01"
25.460850, 32.3872261047363, 26071859, 0, 0, "858c0142 0000 33d38d01"
25.460900, 18.8224506378174, 26071910, 0, 0, "61949641 0000 66d38d01"
25.460950, 34.5233993530273, 26071961, 1, TriggerDetected, "f6170a42 0100 99d38d01"
25.461000, 37.0432281494141, 26072013, 0, 0, "442c1442 0000 cdd38d01"
25.461050, 19.5731048583984, 26072064, 0, 0, "b8959c41 0000 00d48d01"
25.461100, 29.3417720794678, 26072115, 0, 0, "f3bbea41 0000 33d48d01"
25.461150, 39.9406776428223, 26072166, 1, TriggerDetected, "41c31f42 0100 66d48d01"
25.461200, 22.712438583374, 26072217, 0, 0, "13b3b541 0000 99d48d01"
25.461250, 24.2265186309814, 26072269, 0, 0, "e9cfc141 0000 cdd48d01"
25.461300, 40.3952903747559, 26072320, 1, TriggerDetected, "c7942142 0100 00d58d01"
25.461350, 27.5107841491699, 26072371, 0, 0, "1616dc41 0000 33d58d01"
25.461400, 20.4111099243164, 26072422, 0, 0, "f449a341 0000 66d58d01"
25.461450, 38.2846298217773, 26072473, 1, TriggerDetected, "76231942 0100 99d58d01"
25.461500, 32.8138236999512, 26072525, 0, 0, "5b410342 0000 cdd58d01"
25.461550, 18.7857780456543, 26072576, 0, 0, "46499641 0000 00d68d01"
25.461600, 34.1316146850586, 26072627, 1, TriggerDetected, "c6860842 0100 33d68d01"
25.461650, 37.3586578369141, 26072678, 0, 0, "446f1542 0000 66d68d01"
25.461700, 19.7447700500488, 26072729, 0, 0, "4af59d41 0000 99d68d01"
25.461750, 28.9041538238525, 26072781, 0, 0, "b53be741 0000 cdd68d01"
25.461800, 40.0773696899414, 26072832, 1, TriggerDetected, "3a4f2042 0100 00d78d01"
25.461850, 23.058801651001, 26072883, 0, 0, "6d78b841 0000 33d78d01"
25.461900, 23.8555583953857, 26072934, 0, 0, "2fd8be41 0000 66d78d01"
25.461950, 40.3148002624512, 26072985, 1, TriggerDetected, "5b422142 0100 99d78d01"
25.462000, 27.9385375976563, 26073037, 0, 0, "2082df41 0000 cdd78d01"
25.462050, 20.1822528839111, 26073088, 0, 0, "4175a141 0000 00d88d01"
25.462100, 38.0108642578125, 26073139, 1, TriggerDetected, "200b1842 0100 33d88d01"
25.462150, 33.2250633239746, 26073190, 0, 0, "77e60442 0000 66d88d01"
25.462200, 18.764965057373, 26073241, 0, 0, "a61e9641 0000 99d88d01"
25.462250, 33.7161750793457, 26073293, 1, TriggerDetected, "5ddd0642 0100 cdd88d01"
25.462300, 37.658561706543, 26073344, 0, 0, "5ea21642 0000 00d98d01"
25.462350, 19.9302635192871, 26073395, 0, 0, "2e719f41 0000 33d98d01"
25.462400, 28.4648323059082, 26073446, 0, 0, "fab7e341 0000 66d98d01"
25.462450, 40.1904640197754, 26073497, 1, TriggerDetected, "09c32042 0100 99d98d01"
25.462500, 23.4154968261719, 26073549, 0, 0, "f052bb41 0000 cdd98d01"
25.462550, 23.4868717193604, 26073600, 0, 0, "1de5bb41 0000 00da8d01"
25.462600, 40.2159194946289, 26073651, 1, TriggerDetected, "1add2042 0100 33da8d01"
25.462650, 28.3775482177734, 26073702, 0, 0, "3805e341 0000 66da8d01"
25.462700, 19.971118927002, 26073753, 0, 0, "dac49f41 0000 99da8d01"
25.462750, 37.722957611084, 26073805, 1, TriggerDetected, "4fe41642 0100 cdda8d01"
25.462800, 33.6374435424805, 26073856, 0, 0, "be8c0642 0000 00db8d01"
25.462850, 18.7627620697021, 26073907, 0, 0, "231a9641 0000 33db8d01"
25.462900, 33.312255859375, 26073958, 1, TriggerDetected, "c03f0542 0100 66db8d01"
25.462950, 37.9536972045898, 26074009, 0, 0, "96d01742 0000 99db8d01"
25.463000, 20.1380977630615, 26074061, 0, 0, "d31aa141 0000 cddb8d01"
25.463050, 28.0287475585938, 26074112, 0, 0, "e03ae041 0000 00dc8d01"
25.463100, 40.2910423278809, 26074163, 1, TriggerDetected, "072a2142 0100 33dc8d01"
25.463150, 23.7772598266602, 26074214, 0, 0, "d437be41 0000 66dc8d01"
25.463200, 23.1264495849609, 26074265, 0, 0, "f802b941 0000 99dc8d01"
25.463250, 40.1046333312988, 26074317, 1, TriggerDetected, "256b2042 0100 cddc8d01"
25.463300, 28.812047958374, 26074368, 0, 0, "137fe641 0000 00dd8d01"
25.463350, 19.7768497467041, 26074419, 0, 0, "fd369e41 0000 33dd8d01"
25.463400, 37.419750213623, 26074470, 1, TriggerDetected, "d3ad1542 0100 66dd8d01"
25.463450, 34.0458297729492, 26074521, 0, 0, "ee2e0842 0000 99dd8d01"
25.463500, 18.7786808013916, 26074573, 0, 0, "bd3a9641 0000 cddd8d01"
25.463550, 32.8982772827148, 26074624, 1, TriggerDetected, "d6970342 0100 00de8d01"
25.463600, 38.2284126281738, 26074675, 0, 0, "e5e91842 0000 33de8d01"
25.463650, 20.3622722625732, 26074726, 0, 0, "efe5a241 0000 66de8d01"
25.463700, 27.593729019165, 26074777, 0, 0, "f5bfdc41 0000 99de8d01"
25.463750, 40.3776893615723, 26074829, 1, TriggerDetected, "c1822142 0100 cdde8d01"
25.463800, 24.1544666290283, 26074880, 0, 0, "593cc141 0000 00df8d01"
25.463850, 22.778169631958, 26074931, 0, 0, "b139b641 0000 33df8d01"
25.463900, 39.9694061279297, 26074982, 1, TriggerDetected, "ace01f42 0100 66df8d01"
25.463950, 29.2545223236084, 26075033, 0, 0, "4309ea41 0000 99df8d01"
25.464000, 19.6042137145996, 26075085, 0, 0, "6ed59c41 0000 cddf8d01"
25.464050, 37.1098098754883, 26075136, 1, TriggerDetected, "72701442 0100 00e08d01"
25.464100, 34.440731048584, 26075187, 0, 0, "4fc30942 0000 33e08d01"
25.464150, 18.8127288818359, 26075238, 0, 0, "78809641 0000 66e08d01"
25.464200, 32.4720764160156, 26075289, 1, TriggerDetected, "68e30142 0100 99e08d01"
25.464250, 38.4992446899414, 26075341, 0, 0, "3aff1942 0000 cde08d01"
25.464300, 20.6033000946045, 26075392, 0, 0, "8fd3a441 0000 00e18d01"
25.464350, 27.1687679290771, 26075443, 0, 0, "a359d941 0000 33e18d01"
25.464400, 40.4394416809082, 26075494, 1, TriggerDetected, "fdc12142 0100 66e18d01"
25.464450, 24.5401020050049, 26075545, 0, 0, "2152c441 0000 99e18d01"
25.464500, 22.4538230895996, 26075597, 0, 0, "6ea1b341 0000 cde18d01"
25.464550, 39.8236885070801, 26075648, 1, TriggerDetected, "754b1f42 0100 00e28d01"
25.464600, 29.6927509307861, 26075699, 0, 0, "c18aed41 0000 33e28d01"
25.464650, 19.4438991546631, 26075750, 0, 0, "1b8d9b41 0000 66e28d01"
25.464700, 36.7841415405273, 26075801, 1, TriggerDetected, "f6221342 0100 99e28d01"
25.464750, 34.8378486633301, 26075853, 0, 0, "f5590b42 0000 cde28d01"
25.464800, 18.8670673370361, 26075904, 0, 0, "c1ef9641 0000 00e38d01"
25.464850, 32.0462608337402, 26075955, 1, TriggerDetected, "5f2f0042 0100 33e38d01"
25.464900, 38.7479782104492, 26076006, 0, 0, "eefd1a42 0000 66e38d01"
25.464950, 20.8541984558105, 26076057, 0, 0, "66d5a641 0000 99e38d01"
25.465000, 26.7432231903076, 26076109, 0, 0, "1ff2d541 0000 cde38d01"
25.465050, 40.4996185302734, 26076160, 1, TriggerDetected, "9cff2142 0100 00e48d01"
25.465100, 24.9358901977539, 26076211, 0, 0, "b47cc741 0000 33e48d01"
25.465150, 22.1242485046387, 26076262, 0, 0, "76feb041 0000 66e48d01"
25.465200, 39.6593780517578, 26076313, 1, TriggerDetected, "34a31e42 0100 99e48d01"
25.465250, 30.1360855102539, 26076365, 0, 0, "b416f141 0000 cde48d01"
25.465300, 19.3017597198486, 26076416, 0, 0, "016a9a41 0000 00e58d01"
25.465350, 36.4490814208984, 26076467, 1, TriggerDetected, "dccb1142 0100 33e58d01"
25.465400, 35.2217674255371, 26076518, 0, 0, "17e30c42 0000 66e58d01"
25.465450, 18.9315757751465, 26076569, 0, 0, "de739741 0000 99e58d01"
25.465500, 31.6175136566162, 26076621, 1, TriggerDetected, "abf0fc41 0100 cde58d01"
25.465550, 38.9800491333008, 26076672, 0, 0, "92eb1b42 0000 00e68d01"
25.465600, 21.1183929443359, 26076723, 0, 0, "78f2a841 0000 33e68d01"
25.465650, 26.3190250396729, 26076774, 0, 0, "5d8dd241 0000 66e68d01"
25.465700, 40.5213203430176, 26076825, 1, TriggerDetected, "d5152242 0100 99e68d01"
25.465750, 25.3346214294434, 26076877, 0, 0, "4eadca41 0000 cde68d01"
25.465800, 21.8085632324219, 26076928, 0, 0, "f077ae41 0000 00e78d01"
25.465850, 39.4815254211426, 26076979, 1, TriggerDetected, "15ed1d42 0100 33e78d01"
25.465900, 30.5767612457275, 26077030, 0, 0, "359df441 0000 66e78d01"
25.465950, 19.1740608215332, 26077081, 0, 0, "7a649941 0000 99e78d01"
25.466000, 36.0973281860352, 26077133, 1, TriggerDetected, "aa631042 0100 cde78d01"
25.466050, 35.5923805236816, 26077184, 0, 0, "995e0e42 0000 00e88d01"
25.466100, 19.0225925445557, 26077235, 0, 0, "452e9841 0000 33e88d01"
25.466150, 31.1824169158936, 26077286, 1, TriggerDetected, "9775f941 0100 66e88d01"
25.466200, 39.2024841308594, 26077337, 0, 0, "58cf1c42 0000 99e88d01"
25.466250, 21.4009132385254, 26077389, 0, 0, "1235ab41 0000 cde88d01"
25.466300, 25.9042129516602, 26077440, 0, 0, "d43bcf41 0000 00e98d01"
25.466350, 40.5361480712891, 26077491, 1, TriggerDetected, "04252242 0100 33e98d01"
25.466400, 25.7421226501465, 26077542, 0, 0, "deefcd41 0000 66e98d01"
25.466450, 21.5172863006592, 26077593, 0, 0, "6723ac41 0000 99e98d01"
25.466500, 39.2788619995117, 26077645, 1, TriggerDetected, "8e1d1d42 0100 cde98d01"
25.466550, 31.0117206573486, 26077696, 0, 0, "0118f841 0000 00ea8d01"
25.466600, 19.0586204528809, 26077747, 0, 0, "0e789841 0000 33ea8d01"
25.466650, 35.7382888793945, 26077798, 1, TriggerDetected, "02f40e42 0100 66ea8d01"
25.466700, 35.9560813903809, 26077849, 0, 0, "07d30f42 0000 99ea8d01"
25.466750, 19.1249465942383, 26077901, 0, 0, "e4ff9841 0000 cdea8d01"
25.466800, 30.7412414550781, 26077952, 1, TriggerDetected, "10eef541 0100 00eb8d01"
25.466850, 39.402473449707, 26078003, 0, 0, "229c1d42 0000 33eb8d01"
25.466900, 21.6960430145264, 26078054, 0, 0, "7f91ad41 0000 66eb8d01"
25.466950, 25.4953651428223, 26078105, 0, 0, "82f6cb41 0000 99eb8d01"
25.467000, 40.5295295715332, 26078157, 1, TriggerDetected, "3d1e2242 0100 cdeb8d01"
25.467050, 26.1543827056885, 26078208, 0, 0, "2d3cd141 0000 00ec8d01"
25.467100, 21.2287273406982, 26078259, 0, 0, "6fd4a941 0000 33ec8d01"
25.467150, 39.0675468444824, 26078310, 1, TriggerDetected, "2b451c42 0100 66ec8d01"
25.467200, 31.4441509246826, 26078361, 0, 0, "9f8dfb41 0000 99ec8d01"
25.467250, 18.9668216705322, 26078413, 0, 0, "0dbc9741 0000 cdec8d01"
25.467300, 35.366641998291, 26078464, 1, TriggerDetected, "71770d42 0100 00ed8d01"
25.467350, 36.3065299987793, 26078515, 0, 0, "e3391142 0000 33ed8d01"
25.467400, 19.2435092926025, 26078566, 0, 0, "b5f29941 0000 66ed8d01"
25.467450, 30.3064403533936, 26078617, 1, TriggerDetected, "9773f241 0100 99ed8d01"
25.467500, 39.591064453125, 26078669, 0, 0, "405d1e42 0000 cded8d01"
25.467550, 22.0012378692627, 26078720, 0, 0, "8902b041 0000 00ee8d01"
25.467600, 25.0912055969238, 26078771, 0, 0, "cabac841 0000 33ee8d01"
25.467650, 40.5052528381348, 26078822, 1, TriggerDetected, "61052242 0100 66ee8d01"
25.467700, 26.5719051361084, 26078873, 0, 0, "4393d441 0000 99ee8d01"
25.467750, 20.9571666717529, 26078925, 0, 0, "47a8a741 0000 cdee8d01"
25.467800, 38.8416366577148, 26078976, 1, TriggerDetected, "d65d1b42 0100 00ef8d01"
25.467850, 31.8711700439453, 26079027, 0, 0, "28f8fe41 0000 33ef8d01"
25.467900, 18.8934097290039, 26079078, 0, 0, "b4259741 0000 66ef8d01"
25.467950, 34.9897079467773, 26079129, 1, TriggerDetected, "76f50b42 0100 99ef8d01"
25.468000, 36.6484375, 26079181, 0, 0, "00981242 0000 cdef8d01"
25.468050, 19.3853015899658, 26079232, 0, 0, "19159b41 0000 00f08d01"
25.468100, 29.8656024932861, 26079283, 0, 0, "c1ecee41 0000 33f08d01"
25.468150, 39.7576370239258, 26079334, 1, TriggerDetected, "d2071f42 0100 66f08d01"
25.468200, 22.3151512145996, 26079385, 0, 0, "6e85b241 0000 99f08d01"
25.468250, 24.6965675354004, 26079437, 0, 0, "9292c541 0000 cdf08d01"
25.468300, 40.4658622741699, 26079488, 1, TriggerDetected, "0bdd2142 0100 00f18d01"
25.468350, 26.9971656799316, 26079539, 0, 0, "32fad741 0000 33f18d01"
25.468400, 20.6984939575195, 26079590, 0, 0, "8496a541 0000 66f18d01"
25.468450, 38.5974769592285, 26079641, 1, TriggerDetected, "d1631a42 0100 99f18d01"
25.468500, 32.3040237426758, 26079693, 0, 0, "52370142 0000 cdf18d01"
25.468550, 18.826379776001, 26079744, 0, 0, "6d9c9641 0000 00f28d01"
25.468600, 34.604076385498, 26079795, 1, TriggerDetected, "936a0a42 0100 33f28d01"
25.468650, 36.980354309082, 26079846, 0, 0, "e2eb1342 0000 66f28d01"
25.468700, 19.5415172576904, 26079897, 0, 0, "07559c41 0000 99f28d01"
25.468750, 29.4254856109619, 26079949, 0, 0, "6567eb41 0000 cdf28d01"
25.468800, 39.9164619445801, 26080000, 1, TriggerDetected, "75aa1f42 0100 00f38d01"
25.468850, 22.6494770050049, 26080051, 0, 0, "2132b541 0000 33f38d01"
25.468900, 24.3061771392822, 26080102, 0, 0, "0d73c241 0000 66f38d01"
25.468950, 40.4052619934082, 26080153, 1, TriggerDetected, "fd9e2142 0100 99f38d01"
25.469000, 27.4275207519531, 26080205, 0, 0, "906bdb41 0000 cdf38d01"
25.469050, 20.4547691345215, 26080256, 0, 0, "5ea3a341 0000 00f48d01"
25.469100, 38.3411979675293, 26080307, 1, TriggerDetected, "635d1942 0100 33f48d01"
25.469150, 32.7266044616699, 26080358, 0, 0, "0be80242 0000 66f48d01"
25.469200, 18.7886428833008, 26080409, 0, 0, "244f9641 0000 99f48d01"
25.469250, 34.2025566101074, 26080461, 1, TriggerDetected, "6bcf0842 0100 cdf48d01"
25.469300, 37.3011856079102, 26080512, 0, 0, "6a341542 0000 00f58d01"
25.469350, 19.7074909210205, 26080563, 0, 0, "f1a89d41 0000 33f58d01"
25.469400, 28.989559173584, 26080614, 0, 0, "9eeae741 0000 66f58d01"
25.469450, 40.0460510253906, 26080665, 1, TriggerDetected, "282f2042 0100 99f58d01"
25.469500, 22.9916305541992, 26080717, 0, 0, "dceeb741 0000 cdf58d01"
25.469550, 23.9260082244873, 26080768, 0, 0, "7768bf41 0000 00f68d01"
25.469600, 40.3318252563477, 26080819, 1, TriggerDetected, "ca532142 0100 33f68d01"
25.469650, 27.8553352355957, 26080870, 0, 0, "bad7de41 0000 66f68d01"
25.469700, 20.2237739562988, 26080921, 0, 0, "4acaa141 0000 99f68d01"
25.469750, 38.064525604248, 26080973, 1, TriggerDetected, "13421842 0100 cdf68d01"
25.469800, 33.1482315063477, 26081024, 0, 0, "ca970442 0000 00f78d01"
25.469850, 18.7682075500488, 26081075, 0, 0, "4a259641 0000 33f78d01"
25.469900, 33.8013725280762, 26081126, 1, TriggerDetected, "9b340742 0100 66f78d01"
25.469950, 37.6017456054688, 26081177, 0, 0, "30681642 0000 99f78d01"
25.470000, 19.8949279785156, 26081229, 0, 0, "d0289f41 0000 cdf78d01"
25.470050, 28.5469150543213, 26081280, 0, 0, "1560e441 0000 00f88d01"
25.470100, 40.1714744567871, 26081331, 1, TriggerDetected, "97af2042 0100 33f88d01"
25.470150, 23.3441791534424, 26081382, 0, 0, "e1c0ba41 0000 66f88d01"
25.470200, 23.5579376220703, 26081433, 0, 0, "a876bc41 0000 99f88d01"
25.470250, 40.2311859130859, 26081485, 1, TriggerDetected, "bcec2042 0100 cdf88d01"
25.470300, 28.2902030944824, 26081536, 0, 0, "5652e241 0000 00f98d01"
25.470350, 20.0135440826416, 26081587, 0, 0, "bd1ba041 0000 33f98d01"
25.470400, 37.7795600891113, 26081638, 1, TriggerDetected, "451e1742 0100 66f98d01"
25.470450, 33.5582962036133, 26081689, 0, 0, "b23b0642 0000 99f98d01"
25.470500, 18.7570972442627, 26081741, 0, 0, "890e9641 0000 cdf98d01"
25.470550, 33.3926124572754, 26081792, 1, TriggerDetected, "09920542 0100 00fa8d01"
25.470600, 37.8996086120605, 26081843, 0, 0, "33991742 0000 33fa8d01"
25.470650, 20.0957012176514, 26081894, 0, 0, "ffc3a041 0000 66fa8d01"
25.470700, 28.1129207611084, 26081945, 0, 0, "43e7e041 0000 99fa8d01"
25.470750, 40.2747840881348, 26081997, 1, TriggerDetected, "61192142 0100 cdfa8d01"
25.470800, 23.7063217163086, 26082048, 0, 0, "8ca6bd41 0000 00fb8d01"
25.470850, 23.1932544708252, 26082099, 0, 0, "c98bb941 0000 33fb8d01"
25.470900, 40.1244125366211, 26082150, 1, TriggerDetected, "667f2042 0100 66fb8d01"
25.470950, 28.7282123565674, 26082201, 0, 0, "61d3e541 0000 99fb8d01"
25.471000, 19.8127765655518, 26082253, 0, 0, "91809e41 0000 cdfb8d01"
25.471050, 37.479118347168, 26082304, 1, TriggerDetected, "9eea1542 0100 00fc8d01"
25.471100, 33.9611549377441, 26082355, 0, 0, "39d80742 0000 33fc8d01"
25.471150, 18.7691173553467, 26082406, 0, 0, "27279641 0000 66fc8d01"
25.471200, 32.9749450683594, 26082457, 1, TriggerDetected, "58e60342 0100 99fc8d01"
25.471250, 38.1768455505371, 26082509, 0, 0, "17b51842 0000 cdfc8d01"
25.471300, 20.314977645874, 26082560, 0, 0, "1385a241 0000 00fd8d01"
25.471350, 27.679105758667, 26082611, 0, 0, "cf6edd41 0000 33fd8d01"
25.471400, 40.3588180541992, 26082662, 1, TriggerDetected, "6e6f2142 0100 66fd8d01"
25.471450, 24.0750255584717, 26082713, 0, 0, "a799c041 0000 99fd8d01"
25.471500, 22.8450489044189, 26082765, 0, 0, "a9c2b641 0000 cdfd8d01"
25.471550, 39.9947700500488, 26082816, 1, TriggerDetected, "a5fa1f42 0100 00fe8d01"
25.471600, 29.1642303466797, 26082867, 0, 0, "5850e941 0000 33fe8d01"
25.471650, 19.6338500976563, 26082918, 0, 0, "20129d41 0000 66fe8d01"
25.471700, 37.1672630310059, 26082969, 1, TriggerDetected, "47ab1442 0100 99fe8d01"
25.471750, 34.3631248474121, 26083021, 0, 0, "d7730942 0000 cdfe8d01"
25.471800, 18.7982196807861, 26083072, 0, 0, "c1629641 0000 00ff8d01"
25.471850, 32.549446105957, 26083123, 1, TriggerDetected, "a2320242 0100 33ff8d01"
25.471900, 38.4405250549316, 26083174, 0, 0, "19c31942 0000 66ff8d01"
25.471950, 20.5529460906982, 26083225, 0, 0, "6f6ca441 0000 99ff8d01"
25.472000, 27.2462825775146, 26083277, 0, 0, "63f8d941 0000 cdff8d01"
25.472050, 40.4253044128418, 26083328, 1, TriggerDetected, "83b32142 0100 00008e01"
25.472100, 24.4610633850098, 26083379, 0, 0, "42b0c341 0000 33008e01"
25.472150, 22.5112724304199, 26083430, 0, 0, "1617b441 0000 66008e01"
25.472200, 39.8524513244629, 26083481, 1, TriggerDetected, "e9681f42 0100 99008e01"
25.472250, 29.6081504821777, 26083533, 0, 0, "7eddec41 0000 cd008e01"
25.472300, 19.4692497253418, 26083584, 0, 0, "06c19b41 0000 00018e01"
25.472350, 36.8450088500977, 26083635, 1, TriggerDetected, "4a611342 0100 33018e01"
25.472400, 34.7571067810059, 26083686, 0, 0, "47070b42 0000 66018e01"
25.472450, 18.8545303344727, 26083737, 0, 0, "14d69641 0000 99018e01"
25.472500, 32.1253929138184, 26083789, 1, TriggerDetected, "67800042 0100 cd018e01"
25.472550, 38.6972808837891, 26083840, 0, 0, "04ca1a42 0000 00028e01"
25.472600, 20.8017635345459, 26083891, 0, 0, "036aa641 0000 33028e01"
25.472650, 26.8187713623047, 26083942, 0, 0, "d88cd641 0000 66028e01"
25.472700, 40.4786949157715, 26083993, 1, TriggerDetected, "2fea2142 0100 99028e01"
25.472750, 24.8534336090088, 26084045, 0, 0, "d5d3c641 0000 cd028e01"
25.472800, 22.1811008453369, 26084096, 0, 0, "e572b141 0000 00038e01"
25.472850, 39.6889801025391, 26084147, 1, TriggerDetected, "84c11e42 0100 33038e01"
25.472900, 30.0474052429199, 26084198, 0, 0, "1661f041 0000 66038e01"
25.472950, 19.3260517120361, 26084249, 0, 0, "c19b9a41 0000 99038e01"
25.473000, 36.5089797973633, 26084301, 1, TriggerDetected, "32091242 0100 cd038e01"
25.473050, 35.1428070068359, 26084352, 0, 0, "3c920c42 0000 00048e01"
25.473100, 18.9182376861572, 26084403, 0, 0, "8d589741 0000 33048e01"
25.473150, 31.696985244751, 26084454, 1, TriggerDetected, "6d93fd41 0100 66048e01"
25.473200, 38.9337577819824, 26084505, 0, 0, "2bbc1b42 0000 99048e01"
25.473250, 21.0618877410889, 26084557, 0, 0, "bf7ea841 0000 cd048e01"
25.473300, 26.3935985565186, 26084608, 0, 0, "1726d341 0000 00058e01"
25.473350, 40.5163917541504, 26084659, 1, TriggerDetected, "c9102242 0100 33058e01"
25.473400, 25.2524471282959, 26084710, 0, 0, "0305ca41 0000 66058e01"
25.473450, 21.872314453125, 26084761, 0, 0, "80faae41 0000 99058e01"
25.473500, 39.5081825256348, 26084813, 1, TriggerDetected, "61081e42 0100 cd058e01"
25.473550, 30.4811534881592, 26084864, 0, 0, "67d9f341 0000 00068e01"
25.473600, 19.1904907226563, 26084915, 0, 0, "20869941 0000 33068e01"
25.473650, 36.1627235412598, 26084966, 1, TriggerDetected, "a1a61042 0100 66068e01"
25.473700, 35.5172004699707, 26085017, 0, 0, "9d110e42 0000 99068e01"
25.473750, 19.0012798309326, 26085069, 0, 0, "9f029841 0000 cd068e01"
25.473800, 31.2599773406982, 26085120, 1, TriggerDetected, "6f14fa41 0100 00078e01"
25.473850, 39.1542434692383, 26085171, 0, 0, "f29d1c42 0000 33078e01"
25.473900, 21.3420238494873, 26085222, 0, 0, "77bcaa41 0000 66078e01"
25.473950, 25.9779300689697, 26085273, 0, 0, "cdd2cf41 0000 99078e01"
25.474000, 40.5289726257324, 26085325, 1, TriggerDetected, "ab1d2242 0100 cd078e01"
25.474050, 25.6565113067627, 26085376, 0, 0, "8940cd41 0000 00088e01"
25.474100, 21.5628776550293, 26085427, 0, 0, "c680ac41 0000 33088e01"
25.474150, 39.3212928771973, 26085478, 1, TriggerDetected, "01491d42 0100 66088e01"
25.474200, 30.9211139678955, 26085529, 0, 0, "715ef741 0000 99088e01"
25.474250, 19.0773487091064, 26085581, 0, 0, "699e9841 0000 cd088e01"
25.474300, 35.800838470459, 26085632, 1, TriggerDetected, "0f340f42 0100 00098e01"
25.474350, 35.8845901489258, 26085683, 0, 0, "d2890f42 0000 33098e01"
25.474400, 19.1003952026367, 26085734, 0, 0, "9ccd9841 0000 66098e01"
25.474450, 30.8271675109863, 26085785, 1, TriggerDetected, "0a9ef641 0100 99098e01"
25.474500, 39.359935760498, 26085837, 0, 0, "93701d42 0000 cd098e01"
25.474550, 21.6319370269775, 26085888, 0, 0, "350ead41 0000 000a8e01"
25.474600, 25.5659637451172, 26085939, 0, 0, "1887cc41 0000 330a8e01"
25.474650, 40.5274238586426, 26085990, 1, TriggerDetected, "151c2242 0100 660a8e01"
25.474700, 26.0672740936279, 26086041, 0, 0, "c789d041 0000 990a8e01"
25.474750, 21.277889251709, 26086093, 0, 0, "1e39aa41 0000 cd0a8e01"

Skipped,,,,,"a46e1c42 0100 000b8e01",".........."
Skipped,,,,,"fad9fa41 0000 330b8e01",".........."
Skipped,,,,,"1bd29741 0000 660b8e01",".........."
Skipped,,,,,"89bd0d42 0100 990b8e01","..\r......."
Skipped,,,,,"46f01042 0000 cd0b8e01",".........."
Skipped,,,,,"dfb09941 0000 000c8e01",".........."
Skipped,,,,,"3416f341 0100 330c8e01",".........."
Skipped,,,,,"142f1e42 0000 660c8e01",".........."
Skipped,,,,,"ad75af41 0000 990c8e01",".........."
Skipped,,,,,"374cc941 0000 cd0c8e01",".........."
Skipped,,,,,"59072242 0100 000d8e01",".......\r.."
Skipped,,,,,"3aded341 0000 330d8e01",".......\r.."
Skipped,,,,,"c20aa841 0000 660d8e01",".\n.....\r.."
Skipped,,,,,"ea8a1b42 0100 990d8e01",".......\r.."
Skipped,,,,,"085bfe41 0000 cd0d8e01",".......\r.."
Skipped,,,,,"54349741 0000 000e8e01",".........."
Skipped,,,,,"5a3f0c42 0100 330e8e01",".........."
Skipped,,,,,"fb531242 0000 660e8e01",".........."
Skipped,,,,,"79d29a41 0000 990e8e01",".........."
Skipped,,,,,"b697ef41 0000 cd0e8e01",".........."
Skipped,,,,,"3de61e42 0100 000f8e01",".........."
Skipped,,,,,"5205b241 0000 330f8e01",".........."
Skipped,,,,,"7c1fc641 0000 660f8e01",".........."
Skipped,,,,,"12e02142 0100 990f8e01",".........."
Skipped,,,,,"2644d741 0000 cd0f8e01",".........."
Skipped,,,,,"16f3a541 0000 00108e01",".........."
Skipped,,,,,"ba921a42 0100 33108e01",".........."
Skipped,,,,,"dfdf0042 0000 66108e01",".........."
Skipped,,,,,"33c09641 0000 99108e01",".........."
Skipped,,,,,"2fb30a42 0100 cd108e01","..\n......."
Skipped,,,,,"8dac1342 0000 00118e01",".........."
Skipped,,,,,"8f0e9c41 0000 33118e01",".........."
Skipped,,,,,"5f17ec41 0000 66118e01",".........."
Skipped,,,,,"8c871f42 0100 99118e01",".........."
Skipped,,,,,"63a9b441 0000 cd118e01",".........."
Skipped,,,,,"ce06c341 0000 00128e01",".........."
Skipped,,,,,"9eab2142 0100 33128e01",".........."
Skipped,,,,,"e6adda41 0000 66128e01",".........."
Skipped,,,,,"e300a441 0000 99128e01",".........."
Skipped,,,,,"7d8e1942 0100 cd128e01",".........."
Skipped,,,,,"04950242 0000 00138e01",".........."
Skipped,,,,,"2b649641 0000 33138e01",".........."
Skipped,,,,,"481f0942 0100 66138e01",".........."
Skipped,,,,,"e6f21442 0000 99138e01",".........."
Skipped,,,,,"ee699d41 0000 cd138e01",".........."
Skipped,,,,,"148ee841 0000 00148e01",".........."
Skipped,,,,,"0b1b2042 0100 33148e01",".........."
Skipped,,,,,"b464b741 0000 66148e01",".........."
Skipped,,,,,"b3fcbf41 0000 99148e01",".........."
Skipped,,,,,"9e622142 0100 cd148e01",".........."
Skipped,,,,,"ee2dde41 0000 00158e01",".........."
Skipped,,,,,"0d25a241 0000 33158e01","\r........."
Skipped,,,,,"14771842 0100 66158e01",".........."
Skipped,,,,,"17420442 0000 99158e01",".........."
Skipped,,,,,"0a319641 0000 cd158e01","\n........."
Skipped,,,,,"bf810742 0100 00168e01",".........."
Skipped,,,,,"042b1642 0000 33168e01",".........."
Skipped,,,,,"3fe09e41 0000 66168e01",".........."
Skipped,,,,,"4b0be541 0000 99168e01","K........."
Skipped,,,,,"0e982042 0100 cd168e01",".........."
Skipped,,,,,"2034ba41 0000 00178e01",".........."
Skipped,,,,,"f004bd41 0000 33178e01",".........."
Skipped,,,,,"77072142 0100 66178e01",".........."
Skipped,,,,,"8fa1e141 0000 99178e01",".........."
Skipped,,,,,"e867a041 0000 cd178e01",".........."
Skipped,,,,,"74591742 0100 00188e01",".........."
Skipped,,,,,"8df00542 0000 33188e01",".........."
Skipped,,,,,"2d199641 0000 66188e01",".........."
Skipped,,,,,"fbe30542 0100 99188e01",".........."
Skipped,,,,,"85611742 0000 cd188e01",".........."
Skipped,,,,,"1b7ea041 0000 00198e01",".........."
Skipped,,,,,"198ee141 0000 33198e01",".........."
Skipped,,,,,"810c2142 0100 66198e01",".........."
Skipped,,,,,"bd1bbd41 0000 99198e01",".........."
Skipped,,,,,"191dba41 0000 cd198e01",".........."
Skipped,,,,,"5a952042 0100 001a8e01",".........."
Skipped,,,,,"1b1fe541 0000 331a8e01",".........."
Skipped,,,,,"08ca9e41 0000 661a8e01",".........."
Skipped,,,,,"812b1642 0100 991a8e01",".........."
Skipped,,,,,"27900742 0000 cd1a8e01",".........."
Skipped,,,,,"b1289641 0000 001b8e01",".........."
Skipped,,,,,"1b360442 0100 331b8e01",".........."
Skipped,,,,,"147d1842 0000 661b8e01",".........."
Skipped,,,,,"9c2ca241 0000 991b8e01",".........."
Skipped,,,,,"080cde41 0000 cd1b8e01",".........."
Skipped,,,,,"d1612142 0100 001c8e01",".........."
Skipped,,,,,"720bc041 0000 331c8e01",".........."
Skipped,,,,,"3644b741 0000 661c8e01",".........."
Skipped,,,,,"e8162042 0100 991c8e01",".........."
Skipped,,,,,"fba3e841 0000 cd1c8e01",".........."
Skipped,,,,,"11599d41 0000 001d8e01",".........."
Skipped,,,,,"eaea1442 0100 331d8e01",".........."
Skipped,,,,,"29280942 0000 661d8e01",".........."
Skipped,,,,,"17669641 0000 991d8e01",".........."
Skipped,,,,,"d2870242 0100 cd1d8e01",".........."
Skipped,,,,,"b58d1942 0000 001e8e01",".........."
Skipped,,,,,"affda341 0000 331e8e01",".........."
Skipped,,,,,"fa99da41 0000 661e8e01",".........."
Skipped,,,,,"96aa2142 0100 991e8e01",".........."
Skipped,,,,,"d913c341 0000 cd1e8e01",".........."
Skipped,,,,,"9a90b441 0000 001f8e01",".........."
Skipped,,,,,"60861f42 0100 331f8e01",".........."
Skipped,,,,,"5f2cec41 0000 661f8e01",".........."
Skipped,,,,,"28029c41 0000 991f8e01",".........."
Skipped,,,,,"29a21342 0100 cd1f8e01",".........."
Skipped,,,,,"73b90a42 0000 00208e01","..\n......."
Skipped,,,,,"afb49641 0000 33208e01",".........."
Skipped,,,,,"cfd70042 0100 66208e01",".........."
Skipped,,,,,"2a9a1a42 0000 99208e01",".........."
Skipped,,,,,"58fba541 0000 cd208e01",".........."
Skipped,,,,,"5837d741 0000 00218e01",".........."
Skipped,,,,,"2cea2142 0100 33218e01",".........."
Skipped,,,,,"9e37c641 0000 66218e01",".........."
Skipped,,,,,"99f2b141 0000 99218e01",".........."
Skipped,,,,,"cce51e42 0100 cd218e01",".........."
Skipped,,,,,"71abef41 0000 00228e01",".........."
Skipped,,,,,"99c99a41 0000 33228e01",".........."
Skipped,,,,,"f04a1242 0100 66228e01",".........."
Skipped,,,,,"c7430c42 0000 99228e01",".........."
Skipped,,,,,"f23a9741 0000 cd228e01",".........."
Skipped,,,,,"c43efe41 0100 00238e01",".........."
Skipped,,,,,"9c8e1b42 0000 33238e01",".........."
Skipped,,,,,"171aa841 0000 66238e01",".........."
Skipped,,,,,"87dad341 0000 99238e01",".........."
Skipped,,,,,"e4072242 0100 cd238e01",".........."
Skipped,,,,,"8266c941 0000 00248e01",".........."
Skipped,,,,,"6b75af41 0000 33248e01",".........."
Skipped,,,,,"17341e42 0100 66248e01",".........."
Skipped,,,,,"8f2df341 0000 99248e01",".........."
Skipped,,,,,"73bb9941 0000 cd248e01",".........."
Skipped,,,,,"52ee1042 0100 00258e01",".........."
Skipped,,,,,"b6cc0d42 0000 33258e01","..\r......."
Skipped,,,,,"38e69741 0000 66258e01",".........."
Skipped,,,,,"adccfa41 0100 99258e01",".........."
Skipped,,,,,"13711c42 0000 cd258e01",".........."
Skipped,,,,,"5846aa41 0000 00268e01",".........."
Skipped,,,,,"fd77d041 0000 33268e01",".........."
Skipped,,,,,"f31b2242 0100 66268e01",".........."
Skipped,,,,,"9d9fcc41 0000 99268e01",".........."
Skipped,,,,,"b406ad41 0000 cd268e01",".........."
Skipped,,,,,"496d1d42 0100 00278e01",".........."
Skipped,,,,,"ceb4f641 0000 33278e01",".........."
Skipped,,,,,"a9c49841 0000 66278e01",".........."
Skipped,,,,,"de7d0f42 0100 99278e01",".........."
Skipped,,,,,"233c0f42 0000 cd278e01",".........."
Skipped,,,,,"7fa09841 0000 00288e01",".........."
Skipped,,,,,"c63ff741 0100 33288e01",".........."
Skipped,,,,,"b8491d42 0000 66288e01",".........."
Skipped,,,,,"5d92ac41 0000 99288e01",".........."
Skipped,,,,,"3933cd41 0000 cd288e01",".........."
Skipped,,,,,"0f1e2242 0100 00298e01",".........."
Skipped,,,,,"b9eccf41 0000 33298e01",".........."
Skipped,,,,,"f1a1aa41 0000 66298e01",".........."
Skipped,,,,,"76981c42 0100 99298e01",".........."
Skipped,,,,,"b52afa41 0000 cd298e01",".........."
Skipped,,,,,"05ef9741 0000 002a8e01",".........."
Skipped,,,,,"89030e42 0100 332a8e01",".........."
Skipped,,,,,"33b11042 0000 662a8e01",".........."
Skipped,,,,,"74829941 0000 992a8e01",".........."
Skipped,,,,,"38d2f341 0100 cd2a8e01",".........."
Skipped,,,,,"5b101e42 0000 002b8e01",".........."
Skipped,,,,,"b302af41 0000 332b8e01",".........."
Skipped,,,,,"f1ebc941 0000 662b8e01",".........."
Skipped,,,,,"4d0f2242 0100 992b8e01",".........."
Skipped,,,,,"703ed341 0000 cd2b8e01",".........."
Skipped,,,,,"256fa841 0000 002c8e01",".........."
Skipped,,,,,"8ab31b42 0100 332c8e01",".........."
Skipped,,,,,"7bb0fd41 0000 662c8e01",".........."
Skipped,,,,,"45589741 0000 992c8e01",".........."
Skipped,,,,,"098c0c42 0100 cd2c8e01",".........."
Skipped,,,,,"ef101242 0000 002d8e01",".........."
Skipped,,,,,"f2909a41 0000 332d8e01",".........."
Skipped,,,,,"2c48f041 0100 662d8e01",".........."
Skipped,,,,,"decb1e42 0000 992d8e01",".........."
Skipped,,,,,"5084b141 0000 cd2d8e01",".........."
Skipped,,,,,"61b9c641 0000 002e8e01",".........."
Skipped,,,,,"41eb2142 0100 332e8e01",".........."
Skipped,,,,,"8ba5d641 0000 662e8e01",".........."
Skipped,,,,,"fe54a641 0000 992e8e01",".........."
Skipped,,,,,"a2c61a42 0100 cd2e8e01",".........."
Skipped,,,,,"ad8c0042 0000 002f8e01",".........."
Skipped,,,,,"0fca9641 0000 332f8e01",".........."
Skipped,,,,,"8cfc0a42 0100 662f8e01","..\n......."
Skipped,,,,,"8e671342 0000 992f8e01",".........."
Skipped,,,,,"cbc79b41 0000 cd2f8e01",".........."
Skipped,,,,,"8dc7ec41 0000 00308e01",".........."
Skipped,,,,,"d5681f42 0100 33308e01",".........."
Skipped,,,,,"4925b441 0000 66308e01",".........."
Skipped,,,,,"319dc341 0000 99308e01",".........."
Skipped,,,,,"40b52142 0100 cd308e01",".........."
Skipped,,,,,"ab0bda41 0000 00318e01",".........."
Skipped,,,,,"8b58a441 0000 33318e01",".........."
Skipped,,,,,"82c31942 0100 66318e01",".........."
Skipped,,,,,"6d400242 0000 99318e01",".........."
Skipped,,,,,"2b6c9641 0000 cd318e01",".........."
Skipped,,,,,"7d6c0942 0100 00328e01",".........."
Skipped,,,,,"71b21442 0000 33328e01",".........."
Skipped,,,,,"6c239d41 0000 66328e01",".........."
Skipped,,,,,"493fe941 0000 99328e01",".........."
Skipped,,,,,"c8fc1f42 0100 cd328e01",".........."
Skipped,,,,,"8fd5b641 0000 00338e01",".........."
Skipped,,,,,"3b8cc041 0000 33338e01",".........."
Skipped,,,,,"b16e2142 0100 66338e01",".........."
Skipped,,,,,"9579dd41 0000 99338e01",".........."
Skipped,,,,,"4a78a241 0000 cd338e01",".........."
Skipped,,,,,"e8b01842 0100 00348e01",".........."
Skipped,,,,,"c4ef0342 0000 33348e01",".........."
Skipped,,,,,"ee2d9641 0000 66348e01",".........."
Skipped,,,,,"e2d80742 0100 99348e01",".........."
Skipped,,,,,"71f11542 0000 cd348e01",".........."
Skipped,,,,,"698f9e41 0000 00358e01",".........."
Skipped,,,,,"e0b9e541 0000 33358e01",".........."
Skipped,,,,,"38812042 0100 66358e01",".........."
Skipped,,,,,"1baab941 0000 99358e01",".........."
Skipped,,,,,"8e99bd41 0000 cd358e01",".........."
Skipped,,,,,"e4172142 0100 00368e01",".........."
Skipped,,,,,"aef8e041 0000 33368e01",".........."
Skipped,,,,,"ebbea041 0000 66368e01",".........."
Skipped,,,,,"24921742 0100 99368e01",".........."
Skipped,,,,,"9b990542 0000 cd368e01",".........."
Skipped,,,,,"8e1a9641 0000 00378e01",".........."
Skipped,,,,,"a1310642 0100 33378e01",".........."
Skipped,,,,,"07291742 0000 66378e01",".........."
Skipped,,,,,"c02ea041 0000 99378e01",".........."
Skipped,,,,,"033ce241 0000 cd378e01",".........."
Skipped,,,,,"a9f42042 0100 00388e01",".........."
Skipped,,,,,"a98abc41 0000 33388e01",".........."
Skipped,,,,,"d7aaba41 0000 66388e01",".........."
Skipped,,,,,"14b12042 0100 99388e01",".........."
Skipped,,,,,"0879e441 0000 cd388e01",".........."
Skipped,,,,,"1a1d9f41 0000 00398e01",".........."
Skipped,,,,,"71651642 0100 33398e01",".........."
Skipped,,,,,"103f0742 0000 66398e01",".........."
Skipped,,,,,"ff239641 0000 99398e01",".........."
Skipped,,,,,"938a0442 0100 cd398e01",".........."
Skipped,,,,,"c7461842 0000 003a8e01",".........."
Skipped,,,,,"e0d0a141 0000 333a8e01",".........."
Skipped,,,,,"bfc4de41 0000 663a8e01",".........."
Skipped,,,,,"69572142 0100 993a8e01",".........."
Skipped,,,,,"0c80bf41 0000 cd3a8e01",".........."
Skipped,,,,,"b6d5b741 0000 003b8e01",".........."
Skipped,,,,,"eb2c2042 0100 333b8e01",".........."
Skipped,,,,,"30f8e741 0000 663b8e01",".........."
Skipped,,,,,"6ea59d41 0000 993b8e01",".........."
Skipped,,,,,"ed2b1542 0100 cd3b8e01",".........."
Skipped,,,,,"65da0842 0000 003c8e01",".........."
Skipped,,,,,"38549641 0000 333c8e01",".........."
Skipped,,,,,"2ede0242 0100 663c8e01",".........."
Skipped,,,,,"37631942 0000 993c8e01",".........."
Skipped,,,,,"a9aca341 0000 cd3c8e01",".........."
Skipped,,,,,"b555db41 0000 003d8e01",".........."
Skipped,,,,,"659e2142 0100 333d8e01",".........."
Skipped,,,,,"be84c241 0000 663d8e01",".........."
Skipped,,,,,"7019b541 0000 993d8e01",".........."
Skipped,,,,,"47a61f42 0100 cd3d8e01",".........."
Skipped,,,,,"2380eb41 0000 003e8e01",".........."
Skipped,,,,,"a1419c41 0000 333e8e01",".........."
Skipped,,,,,"7ce61342 0100 663e8e01",".........."
Skipped,,,,,"7b700a42 0000 993e8e01","..\n......."
Skipped,,,,,"1ca99641 0000 cd3e8e01",".........."
Skipped,,,,,"3b2c0142 0100 003f8e01",".........."
Skipped,,,,,"2f681a42 0000 333f8e01",".........."
Skipped,,,,,"879ca541 0000 663f8e01",".........."
Skipped,,,,,"a8dfd741 0000 993f8e01",".........."
Skipped,,,,,"e4db2142 0100 cd3f8e01",".........."
Skipped,,,,,"1d9bc541 0000 00408e01",".........."
Skipped,,,,,"4c7bb241 0000 33408e01",".........."
Skipped,,,,,"22051f42 0100 66408e01",".........."
Skipped,,,,,"2101ef41 0000 99408e01",".........."
Skipped,,,,,"1c0a9b41 0000 cd408e01",".\n........"
Skipped,,,,,"36931242 0100 00418e01",".........."
Skipped,,,,,"4efb0b42 0000 33418e01",".........."
Skipped,,,,,"da1d9741 0000 66418e01",".........."
Skipped,,,,,"c5eafe41 0100 99418e01",".........."
Skipped,,,,,"975b1b42 0000 cd418e01",".........."
Skipped,,,,,"5da8a741 0000 00428e01",".........."
Skipped,,,,,"fb79d441 0000 33428e01",".........."
Skipped,,,,,"3e002242 0100 66428e01",".........."
Skipped,,,,,"5fbac841 0000 99428e01",".........."
Skipped,,,,,"f8e8af41 0000 cd428e01",".........."
Skipped,,,,,"6a521e42 0100 00438e01",".........."
Skipped,,,,,"4b84f241 0000 33438e01","K........."
Skipped,,,,,"a5e49941 0000 66438e01",".........."
Skipped,,,,,"25301142 0100 99438e01",".........."
Skipped,,,,,"70780d42 0000 cd438e01","..\r......."
Skipped,,,,,"95bc9741 0000 00448e01",".........."
Skipped,,,,,"0979fb41 0100 33448e01",".........."
Skipped,,,,,"894c1c42 0000 66448e01",".........."
Skipped,,,,,"72dda941 0000 99448e01",".........."
Skipped,,,,,"b21cd141 0000 cd448e01",".........."
Skipped,,,,,"3a1e2242 0100 00458e01",".........."
Skipped,,,,,"6b10cc41 0000 33458e01",".........."
Skipped,,,,,"ad85ad41 0000 66458e01",".........."
Skipped,,,,,"e4981d42 0100 99458e01",".........."
Skipped,,,,,"af05f641 0000 cd458e01",".........."
Skipped,,,,,"52f99841 0000 00468e01",".........."
Skipped,,,,,"d7c70f42 0100 33468e01",".........."
Skipped,,,,,"fbfa0e42 0000 66468e01",".........."
Skipped,,,,,"847c9841 0000 99468e01",".........."
Skipped,,,,,"2af8f741 0100 cd468e01",".........."
Skipped,,,,,"b4211d42 0000 00478e01",".........."
Skipped,,,,,"641bac41 0000 33478e01",".........."
Skipped,,,,,"1dd0cd41 0000 66478e01",".........."
Skipped,,,,,"ed212242 0100 99478e01",".........."
Skipped,,,,,"0849cf41 0000 cd478e01",".........."
Skipped,,,,,"f614ab41 0000 00488e01",".........."
Skipped,,,,,"1abf1c42 0100 33488e01",".........."
Skipped,,,,,"3d83f941 0000 66488e01",".........."
Skipped,,,,,"e2279841 0000 99488e01",".........."
Skipped,,,,,"1a540e42 0100 cd488e01",".........."
Skipped,,,,,"45661042 0000 00498e01",".........."
Skipped,,,,,"cb5f9941 0000 33498e01",".........."
Skipped,,,,,"bd7ef441 0100 66498e01",".........."
Skipped,,,,,"feef1d42 0000 99498e01",".........."
Skipped,,,,,"2d8eae41 0000 cd498e01",".........."
Skipped,,,,,"6894ca41 0000 004a8e01",".........."
Skipped,,,,,"15112242 0100 334a8e01",".........."
Skipped,,,,,"499ad241 0000 664a8e01",".........."
Skipped,,,,,"e0d3a841 0000 994a8e01",".........."
Skipped,,,,,"76e61b42 0100 cd4a8e01",".........."
Skipped,,,,,"20fafc41 0000 004b8e01",".......K.."
Skipped,,,,,"266c9741 0000 334b8e01",".......K.."
Skipped,,,,,"c0d30c42 0100 664b8e01",".......K.."
Skipped,,,,,"d9cb1142 0000 994b8e01",".......K.."
Skipped,,,,,"e35d9a41 0000 cd4b8e01",".......K.."
Skipped,,,,,"b1eef041 0100 004c8e01",".........."
Skipped,,,,,"29a41e42 0000 334c8e01",".........."
Skipped,,,,,"6006b141 0000 664c8e01",".........."
Skipped,,,,,"2e57c741 0000 994c8e01",".........."
Skipped,,,,,"19f22142 0100 cd4c8e01",".........."
Skipped,,,,,"27eed541 0000 004d8e01",".........."
Skipped,,,,,"47b6a641 0000 334d8e01",".........."
Skipped,,,,,"0aee1a42 0100 664d8e01","\n........."
Skipped,,,,,"b2340042 0000 994d8e01",".........."
Skipped,,,,,"fee39641 0000 cd4d8e01",".........."
Skipped,,,,,"2c4a0b42 0100 004e8e01",".........."
Skipped,,,,,"ce1f1342 0000 334e8e01",".........."
Skipped,,,,,"9a8b9b41 0000 664e8e01",".........."
Skipped,,,,,"6e64ed41 0000 994e8e01",".........."
Skipped,,,,,"2b471f42 0100 cd4e8e01",".........."
Skipped,,,,,"0999b341 0000 004f8e01",".......O.."
Skipped,,,,,"e834c441 0000 334f8e01",".......O.."
Skipped,,,,,"d8be2142 0100 664f8e01",".......O.."
Skipped,,,,,"3956d941 0000 994f8e01",".......O.."
Skipped,,,,,"abb2a441 0000 cd4f8e01",".......O.."
Skipped,,,,,"f1f41942 0100 00508e01",".........."
Skipped,,,,,"7bec0142 0000 33508e01",".........."
Skipped,,,,,"fc719641 0000 66508e01",".........."
Skipped,,,,,"3eb90942 0100 99508e01",".........."
Skipped,,,,,"98761442 0000 cd508e01",".........."
Skipped,,,,,"a4d79c41 0000 00518e01",".........."
Skipped,,,,,"22eee941 0000 33518e01",".........."
Skipped,,,,,"e8e01f42 0100 66518e01",".........."
Skipped,,,,,"4647b641 0000 99518e01",".........."
Skipped,,,,,"af1cc141 0000 cd518e01",".........."
Skipped,,,,,"f07d2142 0100 00528e01",".........."
Skipped,,,,,"c1d3dc41 0000 33528e01",".........."
Skipped,,,,,"f8cfa241 0000 66528e01",".........."
Skipped,,,,,"96e61842 0100 99528e01",".........."
Skipped,,,,,"3a9b0342 0000 cd528e01",".........."
Skipped,,,,,"832e9641 0000 00538e01",".........."
Skipped,,,,,"32280842 0100 33538e01",".........."
Skipped,,,,,"06b71542 0000 66538e01",".........."
Skipped,,,,,"e3419e41 0000 99538e01",".........."
Skipped,,,,,"3269e641 0000 cd538e01",".........."
Skipped,,,,,"d3672042 0100 00548e01",".........."
Skipped,,,,,"d419b941 0000 33548e01",".........."
Skipped,,,,,"062abe41 0000 66548e01",".........."
Skipped,,,,,"9b282142 0100 99548e01",".........."
Skipped,,,,,"b944e041 0000 cd548e01",".........."
Skipped,,,,,"f918a141 0000 00558e01",".........."
Skipped,,,,,"a8ca1742 0100 33558e01",".........."
Skipped,,,,,"fd470542 0000 66558e01",".........."
Skipped,,,,,"251b9641 0000 99558e01",".........."
Skipped,,,,,"ac850642 0100 cd558e01",".........."
Skipped,,,,,"22e91642 0000 00568e01",".........."
Skipped,,,,,"9fd89f41 0000 33568e01",".........."
Skipped,,,,,"fdf0e241 0000 66568e01",".........."
Skipped,,,,,"d7e32042 0100 99568e01",".........."
Skipped,,,,,"8500bc41 0000 cd568e01",".........."
Skipped,,,,,"9547bb41 0000 00578e01",".........."
Skipped,,,,,"bcc62042 0100 33578e01",".........."
Skipped,,,,,"76cde341 0000 66578e01",".........."
Skipped,,,,,"7b6f9f41 0000 99578e01",".........."
Skipped,,,,,"43a21642 0100 cd578e01",".........."
Skipped,,,,,"0eee0642 0000 00588e01",".........."
Skipped,,,,,"051e9641 0000 33588e01",".........."
Skipped,,,,,"84df0442 0100 66588e01",".........."
Skipped,,,,,"bd151842 0000 99588e01",".........."
Skipped,,,,,"4888a141 0000 cd588e01",".........."
Skipped,,,,,"1570df41 0000 00598e01",".........."
Skipped,,,,,"e83f2142 0100 33598e01",".........."
Skipped,,,,,"efe2be41 0000 66598e01",".........."
Skipped,,,,,"f361b841 0000 99598e01",".........."
Skipped,,,,,"9b4a2042 0100 cd598e01",".........."
Skipped,,,,,"fc47e741 0000 005a8e01",".........."
Skipped,,,,,"a6e59d41 0000 335a8e01",".........."
Skipped,,,,,"23681542 0100 665a8e01",".........."
Skipped,,,,,"e4900842 0000 995a8e01",".........."
Skipped,,,,,"424a9641 0000 cd5a8e01",".........."
Skipped,,,,,"9b350342 0100 005b8e01",".........."
Skipped,,,,,"682d1942 0000 335b8e01",".........."
Skipped,,,,,"0c4da341 0000 665b8e01",".........."
Skipped,,,,,"ecffdb41 0000 995b8e01",".........."
Skipped,,,,,"16962142 0100 cd5b8e01",".........."
Skipped,,,,,"6ff4c141 0000 005c8e01",".........."
Skipped,,,,,"0ea7b541 0000 335c8e01",".........."
Skipped,,,,,"16bd1f42 0100 665c8e01",".........."
Skipped,,,,,"96d6ea41 0000 995c8e01",".........."
Skipped,,,,,"218c9c41 0000 cd5c8e01",".........."
Skipped,,,,,"1b261442 0100 005d8e01",".........."
Skipped,,,,,"b1210a42 0000 335d8e01","..\n......."
Skipped,,,,,"66979641 0000 665d8e01",".........."
Skipped,,,,,"8e7f0142 0100 995d8e01",".........."
Skipped,,,,,"36381a42 0000 cd5d8e01",".........."
Skipped,,,,,"3b3da541 0000 005e8e01",".........."
Skipped,,,,,"af8fd841 0000 335e8e01",".........."
Skipped,,,,,"69d02142 0100 665e8e01",".........."
Skipped,,,,,"cb02c541 0000 995e8e01",".........."
Skipped,,,,,"07fab241 0000 cd5e8e01",".........."
Skipped,,,,,"36251f42 0100 005f8e01",".........."
Skipped,,,,,"f04eee41 0000 335f8e01",".........."
Skipped,,,,,"423a9b41 0000 665f8e01",".........."
Skipped,,,,,"00d41242 0100 995f8e01",".........."
Skipped,,,,,"e5af0b42 0000 cd5f8e01",".........."
Skipped,,,,,"b00a9741 0000 00608e01",".\n........"
Skipped,,,,,"c09aff41 0100 33608e01",".........."
Skipped,,,,,"ff301b42 0000 66608e01",".........."
Skipped,,,,,"9949a741 0000 99608e01",".........."
Skipped,,,,,"7f28d541 0000 cd608e01",".........."
Skipped,,,,,"d9002242 0100 00618e01",".........."
Skipped,,,,,"2b2fc841 0000 33618e01",".........."
Skipped,,,,,"6966b041 0000 66618e01",".........."
Skipped,,,,,"d9781e42 0100 99618e01",".........."
Skipped,,,,,"90d8f141 0000 cd618e01",".........."
Skipped,,,,,"2b219a41 0000 00628e01",".........."
Skipped,,,,,"79781142 0100 33628e01",".........."
Skipped,,,,,"ef370d42 0000 66628e01","..\r......."
Skipped,,,,,"3f9e9741 0000 99628e01",".........."
Skipped,,,,,"f626fc41 0100 cd628e01",".........."
Skipped,,,,,"45211c42 0000 00638e01",".........."
Skipped,,,,,"0476a941 0000 33638e01",".........."
Skipped,,,,,"e7cdd141 0000 66638e01",".........."
Skipped,,,,,"451b2242 0100 99638e01",".........."
Skipped,,,,,"a265cb41 0000 cd638e01",".........."
Skipped,,,,,"33f8ad41 0000 00648e01",".........."
Skipped,,,,,"cabf1d42 0100 33648e01",".........."
Skipped,,,,,"085ef541 0000 66648e01",".........."
Skipped,,,,,"a82f9941 0000 99648e01",".........."
Skipped,,,,,"09131042 0100 cd648e01",".........."
Skipped,,,,,"8ab20e42 0000 00658e01",".........."
Skipped,,,,,"35549841 0000 33658e01",".........."
Skipped,,,,,"d3aaf841 0100 66658e01",".........."
Skipped,,,,,"79ff1c42 0000 99658e01",".........."
Skipped,,,,,"a1b1ab41 0000 cd658e01",".........."
Skipped,,,,,"7b80ce41 0000 00668e01",".........."
Skipped,,,,,"3c212242 0100 33668e01",".........."
Skipped,,,,,"15aace41 0000 66668e01",".........."
Skipped,,,,,"3699ab41 0000 99668e01",".........."
Skipped,,,,,"62f11c42 0100 cd668e01",".........."
Skipped,,,,,"84d8f841 0000 00678e01",".........."
Skipped,,,,,"f9539841 0000 33678e01",".........."
Skipped,,,,,"3ea30e42 0100 66678e01",".........."
Skipped,,,,,"63261042 0000 99678e01",".........."
Skipped,,,,,"fa409941 0000 cd678e01",".........."
Skipped,,,,,"ee2ef541 0100 00688e01",".........."
Skipped,,,,,"7fc61d42 0000 33688e01",".........."
Skipped,,,,,"ac15ae41 0000 66688e01",".........."
Skipped,,,,,"b73acb41 0000 99688e01",".........."
Skipped,,,,,"7d1f2242 0100 cd688e01",".........."
Skipped,,,,,"22ffd141 0000 00698e01",".........."
Skipped,,,,,"9860a941 0000 33698e01",".........."
Skipped,,,,,"e8151c42 0100 66698e01",".........."
Skipped,,,,,"715ffc41 0000 99698e01",".........."
Skipped,,,,,"c0989741 0000 cd698e01",".........."
Skipped,,,,,"6e220d42 0100 006a8e01","..\r......."
Skipped,,,,,"ed891142 0000 336a8e01",".........."
Skipped,,,,,"ab349a41 0000 666a8e01",".........."
Skipped,,,,,"44a8f141 0100 996a8e01",".........."
Skipped,,,,,"3d8a1e42 0000 cd6a8e01",".........."
Skipped,,,,,"9f98b041 0000 006b8e01",".........."
Skipped,,,,,"fff4c741 0000 336b8e01",".........."
Skipped,,,,,"18fc2142 0100 666b8e01",".........."
Skipped,,,,,"4f4b0d0a ","OK\r\n"

